2.179215e-13 3.019927e-15 
6.537645e-13 9.819369e-15 
1.089608e-12 2.121331e-14 
1.525451e-12 3.811693e-14 
1.961294e-12 6.160629e-14 
2.397137e-12 9.299180e-14 
2.832980e-12 1.339246e-13 
3.268823e-12 1.865458e-13 
3.704666e-12 2.536767e-13 
4.140509e-12 3.390531e-13 
4.576352e-12 4.476147e-13 
5.012195e-12 5.858614e-13 
5.448038e-12 7.622856e-13 
5.883881e-12 9.879007e-13 
6.319724e-12 1.276888e-12 
6.755567e-12 1.647395e-12 
7.191410e-12 2.122525e-12 
7.627253e-12 2.731577e-12 
8.063096e-12 3.511599e-12 
8.498939e-12 4.509331e-12 
8.934782e-12 5.783642e-12 
9.370625e-12 7.408584e-12 
9.806468e-12 9.477188e-12 
1.024231e-11 1.210619e-11 
1.067815e-11 1.544191e-11 
1.111400e-11 1.966746e-11 
1.154984e-11 2.501171e-11 
1.198568e-11 3.176028e-11 
1.242153e-11 4.026903e-11 
1.285737e-11 5.098063e-11 
1.329321e-11 6.444483e-11 
1.372905e-11 8.134321e-11 
1.416490e-11 1.025194e-10 
1.460074e-11 1.290160e-10 
1.503658e-11 1.621191e-10 
1.547243e-11 2.034127e-10 
1.590827e-11 2.548445e-10 
1.634411e-11 3.188057e-10 
1.677996e-11 3.982266e-10 
1.721580e-11 4.966927e-10 
1.765164e-11 6.185835e-10 
1.808749e-11 7.692403e-10 
1.852333e-11 9.551656e-10 
1.895917e-11 1.184263e-09 
1.939501e-11 1.466124e-09 
1.983086e-11 1.812366e-09 
2.026670e-11 2.237040e-09 
2.070254e-11 2.757113e-09 
2.113839e-11 3.393033e-09 
2.157423e-11 4.169408e-09 
2.201007e-11 5.115797e-09 
2.244592e-11 6.267654e-09 
2.288176e-11 7.667422e-09 
2.331760e-11 9.365832e-09 
2.375344e-11 1.142342e-08 
2.418929e-11 1.391228e-08 
2.462513e-11 1.691816e-08 
2.506097e-11 2.054284e-08 
2.549682e-11 2.490694e-08 
2.593266e-11 3.015316e-08 
2.636850e-11 3.645002e-08 
2.680435e-11 4.399619e-08 
2.724019e-11 5.302550e-08 
2.767603e-11 6.381266e-08 
2.811187e-11 7.667985e-08 
2.854772e-11 9.200427e-08 
2.898356e-11 1.102267e-07 
2.941940e-11 1.318615e-07 
2.985525e-11 1.575076e-07 
3.029109e-11 1.878612e-07 
3.072693e-11 2.237303e-07 
3.116278e-11 2.660507e-07 
3.159862e-11 3.159048e-07 
3.203446e-11 3.745415e-07 
3.247030e-11 4.434000e-07 
3.290615e-11 5.241352e-07 
3.334199e-11 6.186469e-07 
3.377783e-11 7.291119e-07 
3.421368e-11 8.580198e-07 
3.464952e-11 1.008213e-06 
3.508536e-11 1.182929e-06 
3.552121e-11 1.385852e-06 
3.595705e-11 1.621163e-06 
3.639289e-11 1.893599e-06 
3.682873e-11 2.208517e-06 
3.726458e-11 2.571965e-06 
3.770042e-11 2.990754e-06 
3.813626e-11 3.472543e-06 
3.857211e-11 4.025926e-06 
3.900795e-11 4.660530e-06 
3.944379e-11 5.387111e-06 
3.987964e-11 6.217670e-06 
4.031548e-11 7.165566e-06 
4.075132e-11 8.245638e-06 
4.118716e-11 9.474341e-06 
4.162301e-11 1.086988e-05 
4.205885e-11 1.245234e-05 
4.249469e-11 1.424387e-05 
4.293054e-11 1.626882e-05 
4.336638e-11 1.855386e-05 
4.380222e-11 2.112824e-05 
4.423807e-11 2.402386e-05 
4.467391e-11 2.727549e-05 
4.510975e-11 3.092095e-05 
4.554560e-11 3.500122e-05 
4.598144e-11 3.956069e-05 
4.641728e-11 4.464724e-05 
4.685312e-11 5.031244e-05 
4.728897e-11 5.661168e-05 
4.772481e-11 6.360432e-05 
4.816065e-11 7.135379e-05 
4.859650e-11 7.992767e-05 
4.903234e-11 8.939781e-05 
4.946818e-11 9.984036e-05 
4.990403e-11 1.113358e-04 
5.033987e-11 1.239690e-04 
5.077571e-11 1.378289e-04 
5.121155e-11 1.530090e-04 
5.164740e-11 1.696065e-04 
5.208324e-11 1.877229e-04 
5.251908e-11 2.074631e-04 
5.295493e-11 2.289356e-04 
5.339077e-11 2.522519e-04 
5.382661e-11 2.775263e-04 
5.426246e-11 3.048755e-04 
5.469830e-11 3.344176e-04 
5.513414e-11 3.662723e-04 
5.556998e-11 4.005598e-04 
5.600583e-11 4.373998e-04 
5.644167e-11 4.769116e-04 
5.687751e-11 5.192123e-04 
5.731336e-11 5.644167e-04 
5.774920e-11 6.126359e-04 
5.818504e-11 6.639761e-04 
5.862089e-11 7.185383e-04 
5.905673e-11 7.764164e-04 
5.949257e-11 8.376963e-04 
5.992841e-11 9.024550e-04 
6.036426e-11 9.707590e-04 
6.080010e-11 1.042663e-03 
6.123594e-11 1.118210e-03 
6.167179e-11 1.197427e-03 
6.210763e-11 1.280328e-03 
6.254347e-11 1.366910e-03 
6.297932e-11 1.457150e-03 
6.341516e-11 1.551011e-03 
6.385100e-11 1.648432e-03 
6.428684e-11 1.749336e-03 
6.472269e-11 1.853620e-03 
6.515853e-11 1.961162e-03 
6.559437e-11 2.071818e-03 
6.603022e-11 2.185420e-03 
6.646606e-11 2.301775e-03 
6.690190e-11 2.420671e-03 
6.733775e-11 2.541868e-03 
6.777359e-11 2.665108e-03 
6.820943e-11 2.790107e-03 
6.864527e-11 2.916560e-03 
6.908112e-11 3.044142e-03 
6.951696e-11 3.172508e-03 
6.995280e-11 3.301292e-03 
7.038865e-11 3.430113e-03 
7.082449e-11 3.558576e-03 
7.126033e-11 3.686268e-03 
7.169618e-11 3.812768e-03 
7.213202e-11 3.937644e-03 
7.256786e-11 4.060457e-03 
7.300371e-11 4.180762e-03 
7.343955e-11 4.298115e-03 
7.387539e-11 4.412069e-03 
7.431123e-11 4.522183e-03 
7.474708e-11 4.628021e-03 
7.518292e-11 4.729155e-03 
7.561876e-11 4.825170e-03 
7.605461e-11 4.915665e-03 
7.649045e-11 5.000257e-03 
7.692629e-11 5.078583e-03 
7.736214e-11 5.150302e-03 
7.779798e-11 5.215097e-03 
7.823382e-11 5.272681e-03 
7.866966e-11 5.322795e-03 
7.910551e-11 5.365211e-03 
7.954135e-11 5.399735e-03 
7.997719e-11 5.426206e-03 
8.041304e-11 5.444502e-03 
8.084888e-11 5.454535e-03 
8.128472e-11 5.456255e-03 
8.172057e-11 5.449650e-03 
8.215641e-11 5.434747e-03 
8.259225e-11 5.411610e-03 
8.302809e-11 5.380339e-03 
8.346394e-11 5.341073e-03 
8.389978e-11 5.293985e-03 
8.433562e-11 5.239283e-03 
8.477147e-11 5.177208e-03 
8.520731e-11 5.108030e-03 
8.564315e-11 5.032052e-03 
8.607900e-11 4.949599e-03 
8.651484e-11 4.861024e-03 
8.695068e-11 4.766700e-03 
8.738652e-11 4.667022e-03 
8.782237e-11 4.562398e-03 
8.825821e-11 4.453253e-03 
8.869405e-11 4.340020e-03 
8.912990e-11 4.223142e-03 
8.956574e-11 4.103068e-03 
9.000158e-11 3.980248e-03 
9.043743e-11 3.855130e-03 
9.087327e-11 3.728163e-03 
9.130911e-11 3.599787e-03 
9.174495e-11 3.470436e-03 
9.218080e-11 3.340531e-03 
9.261664e-11 3.210482e-03 
9.305248e-11 3.080685e-03 
9.348833e-11 2.951519e-03 
9.392417e-11 2.823344e-03 
9.436001e-11 2.696502e-03 
9.479586e-11 2.571313e-03 
9.523170e-11 2.448075e-03 
9.566754e-11 2.327066e-03 
9.610338e-11 2.208537e-03 
9.653923e-11 2.092720e-03 
9.697507e-11 1.979819e-03 
9.741091e-11 1.870017e-03 
9.784676e-11 1.763472e-03 
9.828260e-11 1.660321e-03 
9.871844e-11 1.560674e-03 
9.915429e-11 1.464624e-03 
9.959013e-11 1.372238e-03 
1.000260e-10 1.283566e-03 
1.004618e-10 1.198636e-03 
1.008977e-10 1.117459e-03 
1.013335e-10 1.040028e-03 
1.017693e-10 9.663206e-04 
1.022052e-10 8.962983e-04 
1.026410e-10 8.299096e-04 
1.030769e-10 7.670904e-04 
1.035127e-10 7.077655e-04 
1.039486e-10 6.518498e-04 
1.043844e-10 5.992494e-04 
1.048202e-10 5.498632e-04 
1.052561e-10 5.035836e-04 
1.056919e-10 4.602979e-04 
1.061278e-10 4.198895e-04 
1.065636e-10 3.822386e-04 
1.069995e-10 3.472232e-04 
1.074353e-10 3.147205e-04 
1.078711e-10 2.846069e-04 
1.083070e-10 2.567595e-04 
1.087428e-10 2.310563e-04 
1.091787e-10 2.073771e-04 
1.096145e-10 1.856039e-04 
1.100504e-10 1.656215e-04 
1.104862e-10 1.473178e-04 
1.109220e-10 1.305841e-04 
1.113579e-10 1.153157e-04 
1.117937e-10 1.014119e-04 
1.122296e-10 8.877594e-05 
1.126654e-10 7.731573e-05 
1.131013e-10 6.694349e-05 
1.135371e-10 5.757590e-05 
1.139729e-10 4.913417e-05 
1.144088e-10 4.154395e-05 
1.148446e-10 3.473531e-05 
1.152805e-10 2.864264e-05 
1.157163e-10 2.320455e-05 
1.161522e-10 1.836374e-05 
1.165880e-10 1.406689e-05 
1.170238e-10 1.026444e-05 
1.174597e-10 6.910530e-06 
1.178955e-10 3.962723e-06 
1.183314e-10 1.381904e-06 
1.187672e-10 -8.679290e-07 
1.192031e-10 -2.819834e-06 
1.196389e-10 -4.504104e-06 
1.200748e-10 -5.948445e-06 
1.205106e-10 -7.178141e-06 
1.209464e-10 -8.216226e-06 
1.213823e-10 -9.083645e-06 
1.218181e-10 -9.799404e-06 
1.222540e-10 -1.038073e-05 
1.226898e-10 -1.084318e-05 
1.231257e-10 -1.120083e-05 
1.235615e-10 -1.146635e-05 
1.239973e-10 -1.165114e-05 
1.244332e-10 -1.176544e-05 
1.248690e-10 -1.181844e-05 
1.253049e-10 -1.181838e-05 
1.257407e-10 -1.177260e-05 
1.261766e-10 -1.168767e-05 
1.266124e-10 -1.156943e-05 
1.270482e-10 -1.142310e-05 
1.274841e-10 -1.125329e-05 
1.279199e-10 -1.106410e-05 
1.283558e-10 -1.085914e-05 
1.287916e-10 -1.064160e-05 
1.292275e-10 -1.041431e-05 
1.296633e-10 -1.017973e-05 
1.300991e-10 -9.940011e-06 
1.305350e-10 -9.697045e-06 
1.309708e-10 -9.452465e-06 
1.314067e-10 -9.207688e-06 
1.318425e-10 -8.963929e-06 
1.322784e-10 -8.722229e-06 
1.327142e-10 -8.483470e-06 
1.331500e-10 -8.248393e-06 
1.335859e-10 -8.017614e-06 
1.340217e-10 -7.791637e-06 
1.344576e-10 -7.570869e-06 
1.348934e-10 -7.355625e-06 
1.353293e-10 -7.146147e-06 
1.357651e-10 -6.942606e-06 
1.362009e-10 -6.745112e-06 
1.366368e-10 -6.553724e-06 
1.370726e-10 -6.368454e-06 
1.375085e-10 -6.189275e-06 
1.379443e-10 -6.016124e-06 
1.383802e-10 -5.848911e-06 
1.388160e-10 -5.687517e-06 
1.392518e-10 -5.531808e-06 
1.396877e-10 -5.381627e-06 
1.401235e-10 -5.236807e-06 
1.405594e-10 -5.097169e-06 
1.409952e-10 -4.962526e-06 
1.414311e-10 -4.832684e-06 
1.418669e-10 -4.707446e-06 
1.423027e-10 -4.586614e-06 
1.427386e-10 -4.469989e-06 
1.431744e-10 -4.357374e-06 
1.436103e-10 -4.248573e-06 
1.440461e-10 -4.143395e-06 
1.444820e-10 -4.041653e-06 
1.449178e-10 -3.943167e-06 
1.453536e-10 -3.847760e-06 
1.457895e-10 -3.755265e-06 
1.462253e-10 -3.665519e-06 
1.466612e-10 -3.578367e-06 
1.470970e-10 -3.493664e-06 
1.475329e-10 -3.411271e-06 
1.479687e-10 -3.331055e-06 
1.484045e-10 -3.252893e-06 
1.488404e-10 -3.176671e-06 
1.492762e-10 -3.102280e-06 
1.497121e-10 -3.029620e-06 
1.501479e-10 -2.958599e-06 
1.505838e-10 -2.889132e-06 
1.510196e-10 -2.821139e-06 
1.514554e-10 -2.754551e-06 
1.518913e-10 -2.689303e-06 
1.523271e-10 -2.625336e-06 
1.527630e-10 -2.562598e-06 
1.531988e-10 -2.501043e-06 
1.536347e-10 -2.440630e-06 
1.540705e-10 -2.381324e-06 
1.545063e-10 -2.323094e-06 
1.549422e-10 -2.265915e-06 
1.553780e-10 -2.209764e-06 
1.558139e-10 -2.154625e-06 
1.562497e-10 -2.100484e-06 
1.566856e-10 -2.047329e-06 
1.571214e-10 -1.995155e-06 
1.575572e-10 -1.943957e-06 
1.579931e-10 -1.893732e-06 
1.584289e-10 -1.844482e-06 
1.588648e-10 -1.796208e-06 
1.593006e-10 -1.748914e-06 
1.597365e-10 -1.702607e-06 
1.601723e-10 -1.657291e-06 
1.606082e-10 -1.612975e-06 
1.610440e-10 -1.569666e-06 
1.614798e-10 -1.527371e-06 
1.619157e-10 -1.486100e-06 
1.623515e-10 -1.445860e-06 
1.627874e-10 -1.406659e-06 
1.632232e-10 -1.368503e-06 
1.636591e-10 -1.331398e-06 
1.640949e-10 -1.295350e-06 
1.645307e-10 -1.260362e-06 
1.649666e-10 -1.226436e-06 
1.654024e-10 -1.193575e-06 
1.658383e-10 -1.161778e-06 
1.662741e-10 -1.131042e-06 
1.667100e-10 -1.101364e-06 
1.671458e-10 -1.072738e-06 
1.675816e-10 -1.045157e-06 
1.680175e-10 -1.018612e-06 
1.684533e-10 -9.930915e-07 
1.688892e-10 -9.685827e-07 
1.693250e-10 -9.450712e-07 
1.697609e-10 -9.225403e-07 
1.701967e-10 -9.009720e-07 
1.706325e-10 -8.803466e-07 
1.710684e-10 -8.606427e-07 
1.715042e-10 -8.418377e-07 
1.719401e-10 -8.239075e-07 
1.723759e-10 -8.068269e-07 
1.728118e-10 -7.905693e-07 
1.732476e-10 -7.751075e-07 
1.736834e-10 -7.604131e-07 
1.741193e-10 -7.464572e-07 
1.745551e-10 -7.332102e-07 
1.749910e-10 -7.206420e-07 
1.754268e-10 -7.087222e-07 
1.758627e-10 -6.974200e-07 
1.762985e-10 -6.867047e-07 
1.767343e-10 -6.765455e-07 
1.771702e-10 -6.669117e-07 
1.776060e-10 -6.577727e-07 
1.780419e-10 -6.490984e-07 
1.784777e-10 -6.408589e-07 
1.789136e-10 -6.330248e-07 
1.793494e-10 -6.255673e-07 
1.797852e-10 -6.184582e-07 
1.802211e-10 -6.116697e-07 
1.806569e-10 -6.051751e-07 
1.810928e-10 -5.989482e-07 
1.815286e-10 -5.929637e-07 
1.819645e-10 -5.871969e-07 
1.824003e-10 -5.816242e-07 
1.828361e-10 -5.762228e-07 
1.832720e-10 -5.709708e-07 
1.837078e-10 -5.658471e-07 
1.841437e-10 -5.608317e-07 
1.845795e-10 -5.559054e-07 
1.850154e-10 -5.510499e-07 
1.854512e-10 -5.462481e-07 
1.858870e-10 -5.414835e-07 
1.863229e-10 -5.367407e-07 
1.867587e-10 -5.320055e-07 
1.871946e-10 -5.272642e-07 
1.876304e-10 -5.225044e-07 
1.880663e-10 -5.177146e-07 
1.885021e-10 -5.128841e-07 
1.889379e-10 -5.080033e-07 
1.893738e-10 -5.030636e-07 
1.898096e-10 -4.980571e-07 
1.902455e-10 -4.929771e-07 
1.906813e-10 -4.878177e-07 
1.911172e-10 -4.825740e-07 
1.915530e-10 -4.772419e-07 
1.919888e-10 -4.718184e-07 
1.924247e-10 -4.663012e-07 
1.928605e-10 -4.606889e-07 
1.932964e-10 -4.549810e-07 
1.937322e-10 -4.491779e-07 
1.941681e-10 -4.432806e-07 
1.946039e-10 -4.372910e-07 
1.950397e-10 -4.312117e-07 
1.954756e-10 -4.250460e-07 
1.959114e-10 -4.187979e-07 
1.963473e-10 -4.124719e-07 
1.967831e-10 -4.060734e-07 
1.972190e-10 -3.996078e-07 
1.976548e-10 -3.930816e-07 
1.980907e-10 -3.865012e-07 
1.985265e-10 -3.798736e-07 
1.989623e-10 -3.732064e-07 
1.993982e-10 -3.665070e-07 
1.998340e-10 -3.597835e-07 
2.002699e-10 -3.530437e-07 
2.007057e-10 -3.462960e-07 
2.011416e-10 -3.395486e-07 
2.015774e-10 -3.328099e-07 
2.020132e-10 -3.260881e-07 
2.024491e-10 -3.193915e-07 
2.028849e-10 -3.127283e-07 
2.033208e-10 -3.061065e-07 
2.037566e-10 -2.995339e-07 
2.041925e-10 -2.930182e-07 
2.046283e-10 -2.865668e-07 
2.050641e-10 -2.801869e-07 
2.055000e-10 -2.738853e-07 
2.059358e-10 -2.676686e-07 
2.063717e-10 -2.615429e-07 
2.068075e-10 -2.555143e-07 
2.072434e-10 -2.495881e-07 
2.076792e-10 -2.437696e-07 
2.081150e-10 -2.380635e-07 
2.085509e-10 -2.324742e-07 
2.089867e-10 -2.270058e-07 
2.094226e-10 -2.216618e-07 
2.098584e-10 -2.164457e-07 
2.102943e-10 -2.113601e-07 
2.107301e-10 -2.064077e-07 
2.111659e-10 -2.015905e-07 
2.116018e-10 -1.969104e-07 
2.120376e-10 -1.923688e-07 
2.124735e-10 -1.879668e-07 
2.129093e-10 -1.837050e-07 
2.133452e-10 -1.795840e-07 
2.137810e-10 -1.756037e-07 
2.142168e-10 -1.717641e-07 
2.146527e-10 -1.680645e-07 
2.150885e-10 -1.645042e-07 
2.155244e-10 -1.610820e-07 
2.159602e-10 -1.577967e-07 
2.163961e-10 -1.546466e-07 
2.168319e-10 -1.516298e-07 
2.172677e-10 -1.487442e-07 
2.177036e-10 -1.459875e-07 
2.181394e-10 -1.433571e-07 
2.185753e-10 -1.408503e-07 
2.190111e-10 -1.384640e-07 
2.194470e-10 -1.361951e-07 
2.198828e-10 -1.340402e-07 
2.203186e-10 -1.319959e-07 
2.207545e-10 -1.300584e-07 
2.211903e-10 -1.282239e-07 
2.216262e-10 -1.264886e-07 
2.220620e-10 -1.248482e-07 
2.224979e-10 -1.232987e-07 
2.229337e-10 -1.218358e-07 
2.233695e-10 -1.204551e-07 
2.238054e-10 -1.191522e-07 
2.242412e-10 -1.179227e-07 
2.246771e-10 -1.167620e-07 
2.251129e-10 -1.156657e-07 
2.255488e-10 -1.146292e-07 
2.259846e-10 -1.136480e-07 
2.264204e-10 -1.127176e-07 
2.268563e-10 -1.118336e-07 
2.272921e-10 -1.109916e-07 
2.277280e-10 -1.101872e-07 
2.281638e-10 -1.094161e-07 
2.285997e-10 -1.086744e-07 
2.290355e-10 -1.079578e-07 
2.294713e-10 -1.072625e-07 
2.299072e-10 -1.065846e-07 
2.303430e-10 -1.059205e-07 
2.307789e-10 -1.052667e-07 
2.312147e-10 -1.046198e-07 
2.316506e-10 -1.039766e-07 
2.320864e-10 -1.033341e-07 
2.325222e-10 -1.026895e-07 
2.329581e-10 -1.020400e-07 
2.333939e-10 -1.013832e-07 
2.338298e-10 -1.007168e-07 
2.342656e-10 -1.000386e-07 
2.347015e-10 -9.934680e-08 
2.351373e-10 -9.863955e-08 
2.355731e-10 -9.791531e-08 
2.360090e-10 -9.717271e-08 
2.364448e-10 -9.641055e-08 
2.368807e-10 -9.562779e-08 
2.373165e-10 -9.482357e-08 
2.377524e-10 -9.399720e-08 
2.381882e-10 -9.314816e-08 
2.386241e-10 -9.227605e-08 
2.390599e-10 -9.138065e-08 
2.394957e-10 -9.046187e-08 
2.399316e-10 -8.951975e-08 
2.403674e-10 -8.855445e-08 
2.408033e-10 -8.756628e-08 
2.412391e-10 -8.655564e-08 
2.416750e-10 -8.552305e-08 
2.421108e-10 -8.446910e-08 
2.425466e-10 -8.339451e-08 
2.429825e-10 -8.230008e-08 
2.434183e-10 -8.118666e-08 
2.438542e-10 -8.005522e-08 
2.442900e-10 -7.890676e-08 
2.447259e-10 -7.774236e-08 
2.451617e-10 -7.656314e-08 
2.455975e-10 -7.537030e-08 
2.460334e-10 -7.416505e-08 
2.464692e-10 -7.294867e-08 
2.469051e-10 -7.172244e-08 
2.473409e-10 -7.048771e-08 
2.477768e-10 -6.924583e-08 
2.482126e-10 -6.799818e-08 
2.486484e-10 -6.674613e-08 
2.490843e-10 -6.549111e-08 
2.495201e-10 -6.423452e-08 
2.499560e-10 -6.297776e-08 
2.503918e-10 -6.172226e-08 
2.508277e-10 -6.046942e-08 
2.512635e-10 -5.922063e-08 
2.516993e-10 -5.797727e-08 
2.521352e-10 -5.674070e-08 
2.525710e-10 -5.551227e-08 
2.530069e-10 -5.429328e-08 
2.534427e-10 -5.308502e-08 
2.538786e-10 -5.188874e-08 
2.543144e-10 -5.070564e-08 
2.547502e-10 -4.953689e-08 
2.551861e-10 -4.838361e-08 
2.556219e-10 -4.724686e-08 
2.560578e-10 -4.612768e-08 
2.564936e-10 -4.502701e-08 
2.569295e-10 -4.394577e-08 
2.573653e-10 -4.288478e-08 
2.578011e-10 -4.184483e-08 
2.582370e-10 -4.082663e-08 
2.586728e-10 -3.983082e-08 
2.591087e-10 -3.885797e-08 
2.595445e-10 -3.790857e-08 
2.599804e-10 -3.698307e-08 
2.604162e-10 -3.608181e-08 
2.608520e-10 -3.520508e-08 
2.612879e-10 -3.435309e-08 
2.617237e-10 -3.352598e-08 
2.621596e-10 -3.272383e-08 
2.625954e-10 -3.194662e-08 
2.630313e-10 -3.119428e-08 
2.634671e-10 -3.046669e-08 
2.639029e-10 -2.976364e-08 
2.643388e-10 -2.908487e-08 
2.647746e-10 -2.843006e-08 
2.652105e-10 -2.779882e-08 
2.656463e-10 -2.719073e-08 
2.660822e-10 -2.660528e-08 
2.665180e-10 -2.604197e-08 
2.669538e-10 -2.550019e-08 
2.673897e-10 -2.497934e-08 
2.678255e-10 -2.447875e-08 
2.682614e-10 -2.399772e-08 
2.686972e-10 -2.353553e-08 
2.691331e-10 -2.309141e-08 
2.695689e-10 -2.266458e-08 
2.700047e-10 -2.225424e-08 
2.704406e-10 -2.185954e-08 
2.708764e-10 -2.147963e-08 
2.713123e-10 -2.111365e-08 
2.717481e-10 -2.076071e-08 
2.721840e-10 -2.041992e-08 
2.726198e-10 -2.009037e-08 
2.730556e-10 -1.977114e-08 
2.734915e-10 -1.946130e-08 
2.739273e-10 -1.915994e-08 
2.743632e-10 -1.886611e-08 
2.747990e-10 -1.857888e-08 
2.752349e-10 -1.829731e-08 
2.756707e-10 -1.802045e-08 
2.761066e-10 -1.774737e-08 
2.765424e-10 -1.747713e-08 
2.769782e-10 -1.720877e-08 
2.774141e-10 -1.694138e-08 
2.778499e-10 -1.667401e-08 
2.782858e-10 -1.640574e-08 
2.787216e-10 -1.613564e-08 
2.791575e-10 -1.586279e-08 
2.795933e-10 -1.558629e-08 
2.800291e-10 -1.530522e-08 
2.804650e-10 -1.501870e-08 
2.809008e-10 -1.472583e-08 
2.813367e-10 -1.442575e-08 
2.817725e-10 -1.411757e-08 
2.822084e-10 -1.380046e-08 
2.826442e-10 -1.347357e-08 
2.830800e-10 -1.313607e-08 
2.835159e-10 -1.278715e-08 
2.839517e-10 -1.242601e-08 
2.843876e-10 -1.205188e-08 
2.848234e-10 -1.166398e-08 
2.852593e-10 -1.126158e-08 
2.856951e-10 -1.084395e-08 
2.861309e-10 -1.041037e-08 
2.865668e-10 -9.960170e-09 
2.870026e-10 -9.492665e-09 
2.874385e-10 -9.007215e-09 
2.878743e-10 -8.503191e-09 
2.883102e-10 -7.979989e-09 
2.887460e-10 -7.437024e-09 
2.891818e-10 -6.873735e-09 
2.896177e-10 -6.289580e-09 
2.900535e-10 -5.684042e-09 
2.904894e-10 -5.056624e-09 
2.909252e-10 -4.406852e-09 
2.913611e-10 -3.734273e-09 
2.917969e-10 -3.038459e-09 
2.922327e-10 -2.319000e-09 
2.926686e-10 -1.575512e-09 
2.931044e-10 -8.076306e-10 
2.935403e-10 -1.501646e-11 
2.939761e-10 8.026481e-10 
2.944120e-10 1.645657e-09 
2.948478e-10 2.514281e-09 
2.952836e-10 3.408765e-09 
2.957195e-10 4.329329e-09 
2.961553e-10 5.276167e-09 
2.965912e-10 6.249446e-09 
2.970270e-10 7.249303e-09 
2.974629e-10 8.275846e-09 
2.978987e-10 9.329151e-09 
2.983345e-10 1.040926e-08 
2.987704e-10 1.151618e-08 
2.992062e-10 1.264987e-08 
2.996421e-10 1.381027e-08 
3.000779e-10 1.499726e-08 
3.005138e-10 1.621066e-08 
3.009496e-10 1.745028e-08 
3.013854e-10 1.871585e-08 
3.018213e-10 2.000703e-08 
3.022571e-10 2.132345e-08 
3.026930e-10 2.266466e-08 
3.031288e-10 2.403013e-08 
3.035647e-10 2.541928e-08 
3.040005e-10 2.683144e-08 
3.044363e-10 2.826585e-08 
3.048722e-10 2.972167e-08 
3.053080e-10 3.119798e-08 
3.057439e-10 3.269372e-08 
3.061797e-10 3.420779e-08 
3.066156e-10 3.573891e-08 
3.070514e-10 3.728575e-08 
3.074872e-10 3.884683e-08 
3.079231e-10 4.042053e-08 
3.083589e-10 4.200514e-08 
3.087948e-10 4.359878e-08 
3.092306e-10 4.519946e-08 
3.096665e-10 4.680501e-08 
3.101023e-10 4.841315e-08 
3.105381e-10 5.002141e-08 
3.109740e-10 5.162720e-08 
3.114098e-10 5.322773e-08 
3.118457e-10 5.482007e-08 
3.122815e-10 5.640111e-08 
3.127174e-10 5.796760e-08 
3.131532e-10 5.951607e-08 
3.135890e-10 6.104292e-08 
3.140249e-10 6.254436e-08 
3.144607e-10 6.401643e-08 
3.148966e-10 6.545501e-08 
3.153324e-10 6.685581e-08 
3.157683e-10 6.821436e-08 
3.162041e-10 6.952607e-08 
3.166400e-10 7.078617e-08 
3.170758e-10 7.198975e-08 
3.175116e-10 7.313177e-08 
3.179475e-10 7.420708e-08 
3.183833e-10 7.521039e-08 
3.188192e-10 7.613633e-08 
3.192550e-10 7.697946e-08 
3.196909e-10 7.773423e-08 
3.201267e-10 7.839510e-08 
3.205625e-10 7.895645e-08 
3.209984e-10 7.941268e-08 
3.214342e-10 7.975822e-08 
3.218701e-10 7.998751e-08 
3.223059e-10 8.009509e-08 
3.227418e-10 8.007558e-08 
3.231776e-10 7.992374e-08 
3.236134e-10 7.963448e-08 
3.240493e-10 7.920291e-08 
3.244851e-10 7.862436e-08 
3.249210e-10 7.789443e-08 
3.253568e-10 7.700901e-08 
3.257927e-10 7.596431e-08 
3.262285e-10 7.475693e-08 
3.266643e-10 7.338387e-08 
3.271002e-10 7.184256e-08 
3.275360e-10 7.013092e-08 
3.279719e-10 6.824737e-08 
3.284077e-10 6.619090e-08 
3.288436e-10 6.396105e-08 
3.292794e-10 6.155800e-08 
3.297152e-10 5.898255e-08 
3.301511e-10 5.623618e-08 
3.305869e-10 5.332106e-08 
3.310228e-10 5.024006e-08 
3.314586e-10 4.699680e-08 
3.318945e-10 4.359563e-08 
3.323303e-10 4.004167e-08 
3.327661e-10 3.634078e-08 
3.332020e-10 3.249959e-08 
3.336378e-10 2.852549e-08 
3.340737e-10 2.442662e-08 
3.345095e-10 2.021185e-08 
3.349454e-10 1.589075e-08 
3.353812e-10 1.147359e-08 
3.358170e-10 6.971302e-09 
3.362529e-10 2.395421e-09 
3.366887e-10 -2.241932e-09 
3.371246e-10 -6.928113e-09 
3.375604e-10 -1.165000e-08 
3.379963e-10 -1.639406e-08 
3.384321e-10 -2.114641e-08 
3.388679e-10 -2.589288e-08 
3.393038e-10 -3.061910e-08 
3.397396e-10 -3.531055e-08 
3.401755e-10 -3.995268e-08 
3.406113e-10 -4.453096e-08 
3.410472e-10 -4.903098e-08 
3.414830e-10 -5.343852e-08 
3.419188e-10 -5.773967e-08 
3.423547e-10 -6.192088e-08 
3.427905e-10 -6.596908e-08 
3.432264e-10 -6.987175e-08 
3.436622e-10 -7.361700e-08 
3.440981e-10 -7.719365e-08 
3.445339e-10 -8.059132e-08 
3.449697e-10 -8.380051e-08 
3.454056e-10 -8.681263e-08 
3.458414e-10 -8.962010e-08 
3.462773e-10 -9.221637e-08 
3.467131e-10 -9.459603e-08 
3.471490e-10 -9.675476e-08 
3.475848e-10 -9.868944e-08 
3.480206e-10 -1.003981e-07 
3.484565e-10 -1.018801e-07 
3.488923e-10 -1.031358e-07 
3.493282e-10 -1.041669e-07 
3.497640e-10 -1.049764e-07 
3.501999e-10 -1.055682e-07 
3.506357e-10 -1.059476e-07 
3.510715e-10 -1.061207e-07 
3.515074e-10 -1.060949e-07 
3.519432e-10 -1.058784e-07 
3.523791e-10 -1.054805e-07 
3.528149e-10 -1.049112e-07 
3.532508e-10 -1.041811e-07 
3.536866e-10 -1.033019e-07 
3.541224e-10 -1.022854e-07 
3.545583e-10 -1.011441e-07 
3.549941e-10 -9.989090e-08 
3.554300e-10 -9.853889e-08 
3.558658e-10 -9.710137e-08 
3.563017e-10 -9.559167e-08 
3.567375e-10 -9.402312e-08 
3.571734e-10 -9.240887e-08 
3.576092e-10 -9.076187e-08 
3.580450e-10 -8.909472e-08 
3.584809e-10 -8.741962e-08 
3.589167e-10 -8.574825e-08 
3.593526e-10 -8.409174e-08 
3.597884e-10 -8.246056e-08 
3.602243e-10 -8.086448e-08 
3.606601e-10 -7.931251e-08 
3.610959e-10 -7.781286e-08 
3.615318e-10 -7.637292e-08 
3.619676e-10 -7.499919e-08 
3.624035e-10 -7.369733e-08 
3.628393e-10 -7.247208e-08 
3.632752e-10 -7.132733e-08 
3.637110e-10 -7.026606e-08 
3.641468e-10 -6.929044e-08 
3.645827e-10 -6.840179e-08 
3.650185e-10 -6.760063e-08 
3.654544e-10 -6.688674e-08 
3.658902e-10 -6.625920e-08 
3.663261e-10 -6.571641e-08 
3.667619e-10 -6.525619e-08 
3.671977e-10 -6.487582e-08 
3.676336e-10 -6.457210e-08 
3.680694e-10 -6.434139e-08 
3.685053e-10 -6.417973e-08 
3.689411e-10 -6.408286e-08 
3.693770e-10 -6.404628e-08 
3.698128e-10 -6.406535e-08 
3.702486e-10 -6.413532e-08 
3.706845e-10 -6.425138e-08 
3.711203e-10 -6.440874e-08 
3.715562e-10 -6.460266e-08 
3.719920e-10 -6.482851e-08 
3.724279e-10 -6.508177e-08 
3.728637e-10 -6.535814e-08 
3.732995e-10 -6.565349e-08 
3.737354e-10 -6.596394e-08 
3.741712e-10 -6.628585e-08 
3.746071e-10 -6.661586e-08 
3.750429e-10 -6.695087e-08 
3.754788e-10 -6.728808e-08 
3.759146e-10 -6.762495e-08 
3.763504e-10 -6.795926e-08 
3.767863e-10 -6.828901e-08 
3.772221e-10 -6.861252e-08 
3.776580e-10 -6.892832e-08 
3.780938e-10 -6.923521e-08 
3.785297e-10 -6.953218e-08 
3.789655e-10 -6.981846e-08 
3.794013e-10 -7.009343e-08 
3.798372e-10 -7.035667e-08 
3.802730e-10 -7.060788e-08 
3.807089e-10 -7.084690e-08 
3.811447e-10 -7.107367e-08 
3.815806e-10 -7.128824e-08 
3.820164e-10 -7.149072e-08 
3.824522e-10 -7.168127e-08 
3.828881e-10 -7.186013e-08 
3.833239e-10 -7.202753e-08 
3.837598e-10 -7.218376e-08 
3.841956e-10 -7.232909e-08 
3.846315e-10 -7.246383e-08 
3.850673e-10 -7.258826e-08 
3.855031e-10 -7.270269e-08 
3.859390e-10 -7.280738e-08 
3.863748e-10 -7.290263e-08 
3.868107e-10 -7.298868e-08 
3.872465e-10 -7.306581e-08 
3.876824e-10 -7.313426e-08 
3.881182e-10 -7.319429e-08 
3.885540e-10 -7.324613e-08 
3.889899e-10 -7.329003e-08 
3.894257e-10 -7.332624e-08 
3.898616e-10 -7.335502e-08 
3.902974e-10 -7.337662e-08 
3.907333e-10 -7.339133e-08 
3.911691e-10 -7.339942e-08 
3.916049e-10 -7.340121e-08 
3.920408e-10 -7.339700e-08 
3.924766e-10 -7.338715e-08 
3.929125e-10 -7.337199e-08 
3.933483e-10 -7.335190e-08 
3.937842e-10 -7.332726e-08 
3.942200e-10 -7.329847e-08 
3.946559e-10 -7.326593e-08 
3.950917e-10 -7.323008e-08 
3.955275e-10 -7.319132e-08 
3.959634e-10 -7.315010e-08 
3.963992e-10 -7.310683e-08 
3.968351e-10 -7.306195e-08 
3.972709e-10 -7.301586e-08 
3.977068e-10 -7.296898e-08 
3.981426e-10 -7.292169e-08 
3.985784e-10 -7.287437e-08 
3.990143e-10 -7.282737e-08 
3.994501e-10 -7.278102e-08 
3.998860e-10 -7.273562e-08 
4.003218e-10 -7.269145e-08 
4.007577e-10 -7.264875e-08 
4.011935e-10 -7.260773e-08 
4.016293e-10 -7.256856e-08 
4.020652e-10 -7.253140e-08 
4.025010e-10 -7.249635e-08 
4.029369e-10 -7.246350e-08 
4.033727e-10 -7.243288e-08 
4.038086e-10 -7.240452e-08 
4.042444e-10 -7.237840e-08 
4.046802e-10 -7.235447e-08 
4.051161e-10 -7.233268e-08 
4.055519e-10 -7.231293e-08 
4.059878e-10 -7.229512e-08 
4.064236e-10 -7.227910e-08 
4.068595e-10 -7.226475e-08 
4.072953e-10 -7.225190e-08 
4.077311e-10 -7.224039e-08 
4.081670e-10 -7.223005e-08 
4.086028e-10 -7.222071e-08 
4.090387e-10 -7.221219e-08 
4.094745e-10 -7.220432e-08 
4.099104e-10 -7.219692e-08 
4.103462e-10 -7.218983e-08 
4.107820e-10 -7.218289e-08 
4.112179e-10 -7.217593e-08 
4.116537e-10 -7.216882e-08 
4.120896e-10 -7.216141e-08 
4.125254e-10 -7.215357e-08 
4.129613e-10 -7.214518e-08 
4.133971e-10 -7.213612e-08 
4.138329e-10 -7.212629e-08 
4.142688e-10 -7.211557e-08 
4.147046e-10 -7.210388e-08 
4.151405e-10 -7.209110e-08 
4.155763e-10 -7.207715e-08 
4.160122e-10 -7.206193e-08 
4.164480e-10 -7.204534e-08 
4.168838e-10 -7.202727e-08 
4.173197e-10 -7.200763e-08 
4.177555e-10 -7.198628e-08 
4.181914e-10 -7.196313e-08 
4.186272e-10 -7.193802e-08 
4.190631e-10 -7.191084e-08 
4.194989e-10 -7.188141e-08 
4.199347e-10 -7.184960e-08 
4.203706e-10 -7.181524e-08 
4.208064e-10 -7.177814e-08 
4.212423e-10 -7.173812e-08 
4.216781e-10 -7.169500e-08 
4.221140e-10 -7.164858e-08 
4.225498e-10 -7.159867e-08 
4.229856e-10 -7.154506e-08 
4.234215e-10 -7.148756e-08 
4.238573e-10 -7.142598e-08 
4.242932e-10 -7.136013e-08 
4.247290e-10 -7.128982e-08 
4.251649e-10 -7.121490e-08 
4.256007e-10 -7.113520e-08 
4.260365e-10 -7.105059e-08 
4.264724e-10 -7.096094e-08 
4.269082e-10 -7.086616e-08 
4.273441e-10 -7.076615e-08 
4.277799e-10 -7.066087e-08 
4.282158e-10 -7.055027e-08 
4.286516e-10 -7.043434e-08 
4.290874e-10 -7.031310e-08 
4.295233e-10 -7.018658e-08 
4.299591e-10 -7.005485e-08 
4.303950e-10 -6.991798e-08 
4.308308e-10 -6.977609e-08 
4.312667e-10 -6.962930e-08 
4.317025e-10 -6.947777e-08 
4.321383e-10 -6.932165e-08 
4.325742e-10 -6.916113e-08 
4.330100e-10 -6.899641e-08 
4.334459e-10 -6.882769e-08 
4.338817e-10 -6.865519e-08 
4.343176e-10 -6.847914e-08 
4.347534e-10 -6.829976e-08 
4.351893e-10 -6.811730e-08 
4.356251e-10 -6.793199e-08 
4.360609e-10 -6.774406e-08 
4.364968e-10 -6.755375e-08 
4.369326e-10 -6.736129e-08 
4.373685e-10 -6.716690e-08 
4.378043e-10 -6.697081e-08 
4.382402e-10 -6.677323e-08 
4.386760e-10 -6.657435e-08 
4.391118e-10 -6.637439e-08 
4.395477e-10 -6.617352e-08 
4.399835e-10 -6.597192e-08 
4.404194e-10 -6.576977e-08 
4.408552e-10 -6.556722e-08 
4.412911e-10 -6.536442e-08 
4.417269e-10 -6.516151e-08 
4.421627e-10 -6.495862e-08 
4.425986e-10 -6.475587e-08 
4.430344e-10 -6.455337e-08 
4.434703e-10 -6.435121e-08 
4.439061e-10 -6.414949e-08 
4.443420e-10 -6.394828e-08 
4.447778e-10 -6.374766e-08 
4.452136e-10 -6.354768e-08 
4.456495e-10 -6.334840e-08 
4.460853e-10 -6.314985e-08 
4.465212e-10 -6.295205e-08 
4.469570e-10 -6.275504e-08 
4.473929e-10 -6.255880e-08 
4.478287e-10 -6.236335e-08 
4.482645e-10 -6.216866e-08 
4.487004e-10 -6.197470e-08 
4.491362e-10 -6.178145e-08 
4.495721e-10 -6.158885e-08 
4.500079e-10 -6.139684e-08 
4.504438e-10 -6.120535e-08 
4.508796e-10 -6.101431e-08 
4.513154e-10 -6.082362e-08 
4.517513e-10 -6.063320e-08 
4.521871e-10 -6.044292e-08 
4.526230e-10 -6.025269e-08 
4.530588e-10 -6.006238e-08 
4.534947e-10 -5.987186e-08 
4.539305e-10 -5.968100e-08 
4.543663e-10 -5.948967e-08 
4.548022e-10 -5.929772e-08 
4.552380e-10 -5.910503e-08 
4.556739e-10 -5.891144e-08 
4.561097e-10 -5.871681e-08 
4.565456e-10 -5.852100e-08 
4.569814e-10 -5.832388e-08 
4.574172e-10 -5.812530e-08 
4.578531e-10 -5.792513e-08 
4.582889e-10 -5.772324e-08 
4.587248e-10 -5.751951e-08 
4.591606e-10 -5.731382e-08 
4.595965e-10 -5.710605e-08 
4.600323e-10 -5.689611e-08 
4.604681e-10 -5.668388e-08 
4.609040e-10 -5.646929e-08 
4.613398e-10 -5.625226e-08 
4.617757e-10 -5.603270e-08 
4.622115e-10 -5.581056e-08 
4.626474e-10 -5.558578e-08 
4.630832e-10 -5.535832e-08 
4.635190e-10 -5.512813e-08 
4.639549e-10 -5.489520e-08 
4.643907e-10 -5.465950e-08 
4.648266e-10 -5.442103e-08 
4.652624e-10 -5.417979e-08 
4.656983e-10 -5.393577e-08 
4.661341e-10 -5.368902e-08 
4.665699e-10 -5.343954e-08 
4.670058e-10 -5.318737e-08 
4.674416e-10 -5.293255e-08 
4.678775e-10 -5.267513e-08 
4.683133e-10 -5.241517e-08 
4.687492e-10 -5.215272e-08 
4.691850e-10 -5.188785e-08 
4.696208e-10 -5.162063e-08 
4.700567e-10 -5.135114e-08 
4.704925e-10 -5.107945e-08 
4.709284e-10 -5.080564e-08 
4.713642e-10 -5.052981e-08 
4.718001e-10 -5.025203e-08 
4.722359e-10 -4.997239e-08 
4.726717e-10 -4.969099e-08 
4.731076e-10 -4.940791e-08 
4.735434e-10 -4.912324e-08 
4.739793e-10 -4.883708e-08 
4.744151e-10 -4.854951e-08 
4.748510e-10 -4.826061e-08 
4.752868e-10 -4.797049e-08 
4.757227e-10 -4.767922e-08 
4.761585e-10 -4.738688e-08 
4.765943e-10 -4.709355e-08 
4.770302e-10 -4.679933e-08 
4.774660e-10 -4.650427e-08 
4.779019e-10 -4.620847e-08 
4.783377e-10 -4.591198e-08 
4.787736e-10 -4.561488e-08 
4.792094e-10 -4.531724e-08 
4.796452e-10 -4.501912e-08 
4.800811e-10 -4.472058e-08 
4.805169e-10 -4.442168e-08 
4.809528e-10 -4.412247e-08 
4.813886e-10 -4.382301e-08 
4.818245e-10 -4.352336e-08 
4.822603e-10 -4.322354e-08 
4.826961e-10 -4.292361e-08 
4.831320e-10 -4.262361e-08 
4.835678e-10 -4.232357e-08 
4.840037e-10 -4.202352e-08 
4.844395e-10 -4.172349e-08 
4.848754e-10 -4.142351e-08 
4.853112e-10 -4.112359e-08 
4.857470e-10 -4.082376e-08 
4.861829e-10 -4.052401e-08 
4.866187e-10 -4.022436e-08 
4.870546e-10 -3.992480e-08 
4.874904e-10 -3.962534e-08 
4.879263e-10 -3.932597e-08 
4.883621e-10 -3.902667e-08 
4.887979e-10 -3.872742e-08 
4.892338e-10 -3.842821e-08 
4.896696e-10 -3.812901e-08 
4.901055e-10 -3.782978e-08 
4.905413e-10 -3.753049e-08 
4.909772e-10 -3.723110e-08 
4.914130e-10 -3.693157e-08 
4.918488e-10 -3.663186e-08 
4.922847e-10 -3.633190e-08 
4.927205e-10 -3.603165e-08 
4.931564e-10 -3.573106e-08 
4.935922e-10 -3.543007e-08 
4.940281e-10 -3.512861e-08 
4.944639e-10 -3.482664e-08 
4.948997e-10 -3.452409e-08 
4.953356e-10 -3.422090e-08 
4.957714e-10 -3.391701e-08 
4.962073e-10 -3.361237e-08 
4.966431e-10 -3.330691e-08 
4.970790e-10 -3.300059e-08 
4.975148e-10 -3.269334e-08 
4.979506e-10 -3.238512e-08 
4.983865e-10 -3.207589e-08 
4.988223e-10 -3.176559e-08 
4.992582e-10 -3.145419e-08 
4.996940e-10 -3.114165e-08 
5.001299e-10 -3.082794e-08 
5.005657e-10 -3.051303e-08 
5.010015e-10 -3.019691e-08 
5.014374e-10 -2.987955e-08 
5.018732e-10 -2.956094e-08 
5.023091e-10 -2.924108e-08 
5.027449e-10 -2.891996e-08 
5.031808e-10 -2.859759e-08 
5.036166e-10 -2.827397e-08 
5.040524e-10 -2.794912e-08 
5.044883e-10 -2.762304e-08 
5.049241e-10 -2.729578e-08 
5.053600e-10 -2.696734e-08 
5.057958e-10 -2.663776e-08 
5.062317e-10 -2.630707e-08 
5.066675e-10 -2.597531e-08 
5.071033e-10 -2.564252e-08 
5.075392e-10 -2.530873e-08 
5.079750e-10 -2.497399e-08 
5.084109e-10 -2.463835e-08 
5.088467e-10 -2.430185e-08 
5.092826e-10 -2.396454e-08 
5.097184e-10 -2.362647e-08 
5.101542e-10 -2.328768e-08 
5.105901e-10 -2.294823e-08 
5.110259e-10 -2.260817e-08 
5.114618e-10 -2.226753e-08 
5.118976e-10 -2.192637e-08 
5.123335e-10 -2.158474e-08 
5.127693e-10 -2.124269e-08 
5.132052e-10 -2.090024e-08 
5.136410e-10 -2.055746e-08 
5.140768e-10 -2.021437e-08 
5.145127e-10 -1.987102e-08 
5.149485e-10 -1.952744e-08 
5.153844e-10 -1.918368e-08 
5.158202e-10 -1.883975e-08 
5.162561e-10 -1.849571e-08 
5.166919e-10 -1.815157e-08 
5.171277e-10 -1.780737e-08 
5.175636e-10 -1.746312e-08 
5.179994e-10 -1.711886e-08 
5.184353e-10 -1.677461e-08 
5.188711e-10 -1.643039e-08 
5.193070e-10 -1.608621e-08 
5.197428e-10 -1.574210e-08 
5.201786e-10 -1.539808e-08 
5.206145e-10 -1.505415e-08 
5.210503e-10 -1.471033e-08 
5.214862e-10 -1.436663e-08 
5.219220e-10 -1.402307e-08 
5.223579e-10 -1.367964e-08 
5.227937e-10 -1.333637e-08 
5.232295e-10 -1.299326e-08 
5.236654e-10 -1.265031e-08 
5.241012e-10 -1.230752e-08 
5.245371e-10 -1.196490e-08 
5.249729e-10 -1.162246e-08 
5.254088e-10 -1.128018e-08 
5.258446e-10 -1.093807e-08 
5.262804e-10 -1.059613e-08 
5.267163e-10 -1.025435e-08 
5.271521e-10 -9.912723e-09 
5.275880e-10 -9.571244e-09 
5.280238e-10 -9.229905e-09 
5.284597e-10 -8.888693e-09 
5.288955e-10 -8.547598e-09 
5.293313e-10 -8.206607e-09 
5.297672e-10 -7.865704e-09 
5.302030e-10 -7.524873e-09 
5.306389e-10 -7.184099e-09 
5.310747e-10 -6.843362e-09 
5.315106e-10 -6.502643e-09 
5.319464e-10 -6.161923e-09 
5.323822e-10 -5.821181e-09 
5.328181e-10 -5.480395e-09 
5.332539e-10 -5.139543e-09 
5.336898e-10 -4.798605e-09 
5.341256e-10 -4.457559e-09 
5.345615e-10 -4.116383e-09 
5.349973e-10 -3.775056e-09 
5.354331e-10 -3.433558e-09 
5.358690e-10 -3.091870e-09 
5.363048e-10 -2.749973e-09 
5.367407e-10 -2.407850e-09 
5.371765e-10 -2.065486e-09 
5.376124e-10 -1.722866e-09 
5.380482e-10 -1.379978e-09 
5.384840e-10 -1.036811e-09 
5.389199e-10 -6.933582e-10 
5.393557e-10 -3.496116e-10 
5.397916e-10 -5.567358e-12 
5.402274e-10 3.387768e-10 
5.406633e-10 6.834207e-10 
5.410991e-10 1.028362e-09 
5.415349e-10 1.373597e-09 
5.419708e-10 1.719120e-09 
5.424066e-10 2.064920e-09 
5.428425e-10 2.410990e-09 
5.432783e-10 2.757315e-09 
5.437142e-10 3.103884e-09 
5.441500e-10 3.450680e-09 
5.445858e-10 3.797687e-09 
5.450217e-10 4.144887e-09 
5.454575e-10 4.492262e-09 
5.458934e-10 4.839792e-09 
5.463292e-10 5.187456e-09 
5.467651e-10 5.535234e-09 
5.472009e-10 5.883105e-09 
5.476367e-10 6.231048e-09 
5.480726e-10 6.579040e-09 
5.485084e-10 6.927061e-09 
5.489443e-10 7.275089e-09 
5.493801e-10 7.623105e-09 
5.498160e-10 7.971088e-09 
5.502518e-10 8.319018e-09 
5.506876e-10 8.666875e-09 
5.511235e-10 9.014643e-09 
5.515593e-10 9.362302e-09 
5.519952e-10 9.709836e-09 
5.524310e-10 1.005723e-08 
5.528669e-10 1.040446e-08 
5.533027e-10 1.075153e-08 
5.537386e-10 1.109840e-08 
5.541744e-10 1.144508e-08 
5.546102e-10 1.179155e-08 
5.550461e-10 1.213779e-08 
5.554819e-10 1.248380e-08 
5.559178e-10 1.282956e-08 
5.563536e-10 1.317506e-08 
5.567895e-10 1.352030e-08 
5.572253e-10 1.386526e-08 
5.576611e-10 1.420993e-08 
5.580970e-10 1.455431e-08 
5.585328e-10 1.489839e-08 
5.589687e-10 1.524216e-08 
5.594045e-10 1.558562e-08 
5.598404e-10 1.592875e-08 
5.602762e-10 1.627155e-08 
5.607120e-10 1.661401e-08 
5.611479e-10 1.695613e-08 
5.615837e-10 1.729790e-08 
5.620196e-10 1.763932e-08 
5.624554e-10 1.798038e-08 
5.628913e-10 1.832109e-08 
5.633271e-10 1.866142e-08 
5.637629e-10 1.900139e-08 
5.641988e-10 1.934099e-08 
5.646346e-10 1.968022e-08 
5.650705e-10 2.001907e-08 
5.655063e-10 2.035754e-08 
5.659422e-10 2.069565e-08 
5.663780e-10 2.103337e-08 
5.668138e-10 2.137073e-08 
5.672497e-10 2.170771e-08 
5.676855e-10 2.204432e-08 
5.681214e-10 2.238056e-08 
5.685572e-10 2.271643e-08 
5.689931e-10 2.305194e-08 
5.694289e-10 2.338709e-08 
5.698647e-10 2.372188e-08 
5.703006e-10 2.405632e-08 
5.707364e-10 2.439041e-08 
5.711723e-10 2.472416e-08 
5.716081e-10 2.505756e-08 
5.720440e-10 2.539063e-08 
5.724798e-10 2.572336e-08 
5.729156e-10 2.605577e-08 
5.733515e-10 2.638784e-08 
5.737873e-10 2.671960e-08 
5.742232e-10 2.705104e-08 
5.746590e-10 2.738216e-08 
5.750949e-10 2.771296e-08 
5.755307e-10 2.804345e-08 
5.759665e-10 2.837363e-08 
5.764024e-10 2.870350e-08 
5.768382e-10 2.903306e-08 
5.772741e-10 2.936231e-08 
5.777099e-10 2.969125e-08 
5.781458e-10 3.001987e-08 
5.785816e-10 3.034818e-08 
5.790174e-10 3.067618e-08 
5.794533e-10 3.100386e-08 
5.798891e-10 3.133121e-08 
5.803250e-10 3.165824e-08 
5.807608e-10 3.198495e-08 
5.811967e-10 3.231132e-08 
5.816325e-10 3.263735e-08 
5.820683e-10 3.296304e-08 
5.825042e-10 3.328839e-08 
5.829400e-10 3.361339e-08 
5.833759e-10 3.393803e-08 
5.838117e-10 3.426232e-08 
5.842476e-10 3.458624e-08 
5.846834e-10 3.490979e-08 
5.851192e-10 3.523297e-08 
5.855551e-10 3.555577e-08 
5.859909e-10 3.587818e-08 
5.864268e-10 3.620022e-08 
5.868626e-10 3.652186e-08 
5.872985e-10 3.684310e-08 
5.877343e-10 3.716395e-08 
5.881701e-10 3.748439e-08 
5.886060e-10 3.780443e-08 
5.890418e-10 3.812407e-08 
5.894777e-10 3.844329e-08 
5.899135e-10 3.876209e-08 
5.903494e-10 3.908049e-08 
5.907852e-10 3.939846e-08 
5.912211e-10 3.971601e-08 
5.916569e-10 4.003315e-08 
5.920927e-10 4.034985e-08 
5.925286e-10 4.066613e-08 
5.929644e-10 4.098199e-08 
5.934003e-10 4.129741e-08 
5.938361e-10 4.161240e-08 
5.942720e-10 4.192696e-08 
5.947078e-10 4.224109e-08 
5.951436e-10 4.255478e-08 
5.955795e-10 4.286803e-08 
5.960153e-10 4.318084e-08 
5.964512e-10 4.349321e-08 
5.968870e-10 4.380513e-08 
5.973229e-10 4.411661e-08 
5.977587e-10 4.442764e-08 
5.981945e-10 4.473823e-08 
5.986304e-10 4.504835e-08 
5.990662e-10 4.535803e-08 
5.995021e-10 4.566724e-08 
5.999379e-10 4.597599e-08 
6.003738e-10 4.628428e-08 
6.008096e-10 4.659211e-08 
6.012454e-10 4.689946e-08 
6.016813e-10 4.720634e-08 
6.021171e-10 4.751274e-08 
6.025530e-10 4.781866e-08 
6.029888e-10 4.812409e-08 
6.034247e-10 4.842904e-08 
6.038605e-10 4.873350e-08 
6.042963e-10 4.903746e-08 
6.047322e-10 4.934092e-08 
6.051680e-10 4.964387e-08 
6.056039e-10 4.994632e-08 
6.060397e-10 5.024826e-08 
6.064756e-10 5.054968e-08 
6.069114e-10 5.085058e-08 
6.073472e-10 5.115096e-08 
6.077831e-10 5.145081e-08 
6.082189e-10 5.175013e-08 
6.086548e-10 5.204891e-08 
6.090906e-10 5.234715e-08 
6.095265e-10 5.264485e-08 
6.099623e-10 5.294200e-08 
6.103981e-10 5.323860e-08 
6.108340e-10 5.353463e-08 
6.112698e-10 5.383011e-08 
6.117057e-10 5.412502e-08 
6.121415e-10 5.441937e-08 
6.125774e-10 5.471313e-08 
6.130132e-10 5.500633e-08 
6.134490e-10 5.529894e-08 
6.138849e-10 5.559096e-08 
6.143207e-10 5.588240e-08 
6.147566e-10 5.617325e-08 
6.151924e-10 5.646350e-08 
6.156283e-10 5.675315e-08 
6.160641e-10 5.704220e-08 
6.164999e-10 5.733065e-08 
6.169358e-10 5.761848e-08 
6.173716e-10 5.790571e-08 
6.178075e-10 5.819232e-08 
6.182433e-10 5.847832e-08 
6.186792e-10 5.876370e-08 
6.191150e-10 5.904846e-08 
6.195508e-10 5.933260e-08 
6.199867e-10 5.961612e-08 
6.204225e-10 5.989902e-08 
6.208584e-10 6.018129e-08 
6.212942e-10 6.046294e-08 
6.217301e-10 6.074397e-08 
6.221659e-10 6.102437e-08 
6.226017e-10 6.130415e-08 
6.230376e-10 6.158330e-08 
6.234734e-10 6.186184e-08 
6.239093e-10 6.213975e-08 
6.243451e-10 6.241705e-08 
6.247810e-10 6.269373e-08 
6.252168e-10 6.296979e-08 
6.256526e-10 6.324525e-08 
6.260885e-10 6.352009e-08 
6.265243e-10 6.379433e-08 
6.269602e-10 6.406796e-08 
6.273960e-10 6.434099e-08 
6.278319e-10 6.461343e-08 
6.282677e-10 6.488527e-08 
6.287035e-10 6.515651e-08 
6.291394e-10 6.542718e-08 
6.295752e-10 6.569725e-08 
6.300111e-10 6.596675e-08 
6.304469e-10 6.623567e-08 
6.308828e-10 6.650401e-08 
6.313186e-10 6.677178e-08 
6.317545e-10 6.703898e-08 
6.321903e-10 6.730562e-08 
6.326261e-10 6.757170e-08 
6.330620e-10 6.783721e-08 
6.334978e-10 6.810217e-08 
6.339337e-10 6.836657e-08 
6.343695e-10 6.863042e-08 
6.348054e-10 6.889371e-08 
6.352412e-10 6.915646e-08 
6.356770e-10 6.941865e-08 
6.361129e-10 6.968029e-08 
6.365487e-10 6.994139e-08 
6.369846e-10 7.020194e-08 
6.374204e-10 7.046193e-08 
6.378563e-10 7.072138e-08 
6.382921e-10 7.098028e-08 
6.387279e-10 7.123863e-08 
6.391638e-10 7.149643e-08 
6.395996e-10 7.175367e-08 
6.400355e-10 7.201035e-08 
6.404713e-10 7.226648e-08 
6.409072e-10 7.252205e-08 
6.413430e-10 7.277705e-08 
6.417788e-10 7.303149e-08 
6.422147e-10 7.328536e-08 
6.426505e-10 7.353865e-08 
6.430864e-10 7.379137e-08 
6.435222e-10 7.404352e-08 
6.439581e-10 7.429507e-08 
6.443939e-10 7.454604e-08 
6.448297e-10 7.479642e-08 
6.452656e-10 7.504620e-08 
6.457014e-10 7.529539e-08 
6.461373e-10 7.554397e-08 
6.465731e-10 7.579194e-08 
6.470090e-10 7.603929e-08 
6.474448e-10 7.628603e-08 
6.478806e-10 7.653215e-08 
6.483165e-10 7.677764e-08 
6.487523e-10 7.702250e-08 
6.491882e-10 7.726673e-08 
6.496240e-10 7.751032e-08 
6.500599e-10 7.775326e-08 
6.504957e-10 7.799556e-08 
6.509315e-10 7.823720e-08 
6.513674e-10 7.847819e-08 
6.518032e-10 7.871853e-08 
6.522391e-10 7.895820e-08 
6.526749e-10 7.919720e-08 
6.531108e-10 7.943554e-08 
6.535466e-10 7.967320e-08 
6.539824e-10 7.991019e-08 
6.544183e-10 8.014651e-08 
6.548541e-10 8.038215e-08 
6.552900e-10 8.061710e-08 
6.557258e-10 8.085138e-08 
6.561617e-10 8.108497e-08 
6.565975e-10 8.131787e-08 
6.570333e-10 8.155009e-08 
6.574692e-10 8.178162e-08 
6.579050e-10 8.201247e-08 
6.583409e-10 8.224263e-08 
6.587767e-10 8.247210e-08 
6.592126e-10 8.270089e-08 
6.596484e-10 8.292899e-08 
6.600842e-10 8.315641e-08 
6.605201e-10 8.338314e-08 
6.609559e-10 8.360919e-08 
6.613918e-10 8.383457e-08 
6.618276e-10 8.405926e-08 
6.622635e-10 8.428328e-08 
6.626993e-10 8.450663e-08 
6.631351e-10 8.472931e-08 
6.635710e-10 8.495131e-08 
6.640068e-10 8.517266e-08 
6.644427e-10 8.539334e-08 
6.648785e-10 8.561336e-08 
6.653144e-10 8.583273e-08 
6.657502e-10 8.605145e-08 
6.661860e-10 8.626952e-08 
6.666219e-10 8.648694e-08 
6.670577e-10 8.670372e-08 
6.674936e-10 8.691986e-08 
6.679294e-10 8.713537e-08 
6.683653e-10 8.735024e-08 
6.688011e-10 8.756449e-08 
6.692369e-10 8.777811e-08 
6.696728e-10 8.799111e-08 
6.701086e-10 8.820349e-08 
6.705445e-10 8.841525e-08 
6.709803e-10 8.862639e-08 
6.714162e-10 8.883693e-08 
6.718520e-10 8.904685e-08 
6.722879e-10 8.925617e-08 
6.727237e-10 8.946488e-08 
6.731595e-10 8.967299e-08 
6.735954e-10 8.988049e-08 
6.740312e-10 9.008739e-08 
6.744671e-10 9.029369e-08 
6.749029e-10 9.049940e-08 
6.753388e-10 9.070450e-08 
6.757746e-10 9.090900e-08 
6.762104e-10 9.111291e-08 
6.766463e-10 9.131621e-08 
6.770821e-10 9.151892e-08 
6.775180e-10 9.172103e-08 
6.779538e-10 9.192254e-08 
6.783897e-10 9.212345e-08 
6.788255e-10 9.232376e-08 
6.792613e-10 9.252346e-08 
6.796972e-10 9.272256e-08 
6.801330e-10 9.292106e-08 
6.805689e-10 9.311895e-08 
6.810047e-10 9.331623e-08 
6.814406e-10 9.351291e-08 
6.818764e-10 9.370897e-08 
6.823122e-10 9.390442e-08 
6.827481e-10 9.409925e-08 
6.831839e-10 9.429346e-08 
6.836198e-10 9.448706e-08 
6.840556e-10 9.468004e-08 
6.844915e-10 9.487239e-08 
6.849273e-10 9.506411e-08 
6.853631e-10 9.525521e-08 
6.857990e-10 9.544568e-08 
6.862348e-10 9.563551e-08 
6.866707e-10 9.582471e-08 
6.871065e-10 9.601328e-08 
6.875424e-10 9.620120e-08 
6.879782e-10 9.638849e-08 
6.884140e-10 9.657513e-08 
6.888499e-10 9.676113e-08 
6.892857e-10 9.694648e-08 
6.897216e-10 9.713118e-08 
6.901574e-10 9.731524e-08 
6.905933e-10 9.749865e-08 
6.910291e-10 9.768140e-08 
6.914649e-10 9.786351e-08 
6.919008e-10 9.804496e-08 
6.923366e-10 9.822575e-08 
6.927725e-10 9.840589e-08 
6.932083e-10 9.858538e-08 
6.936442e-10 9.876421e-08 
6.940800e-10 9.894239e-08 
6.945158e-10 9.911991e-08 
6.949517e-10 9.929678e-08 
6.953875e-10 9.947299e-08 
6.958234e-10 9.964855e-08 
6.962592e-10 9.982345e-08 
6.966951e-10 9.999771e-08 
6.971309e-10 1.001713e-07 
6.975667e-10 1.003443e-07 
6.980026e-10 1.005166e-07 
6.984384e-10 1.006882e-07 
6.988743e-10 1.008592e-07 
6.993101e-10 1.010296e-07 
6.997460e-10 1.011993e-07 
7.001818e-10 1.013684e-07 
7.006176e-10 1.015369e-07 
7.010535e-10 1.017047e-07 
7.014893e-10 1.018719e-07 
7.019252e-10 1.020384e-07 
7.023610e-10 1.022043e-07 
7.027969e-10 1.023696e-07 
7.032327e-10 1.025343e-07 
7.036685e-10 1.026983e-07 
7.041044e-10 1.028618e-07 
7.045402e-10 1.030246e-07 
7.049761e-10 1.031867e-07 
7.054119e-10 1.033483e-07 
7.058478e-10 1.035093e-07 
7.062836e-10 1.036696e-07 
7.067194e-10 1.038294e-07 
7.071553e-10 1.039885e-07 
7.075911e-10 1.041471e-07 
7.080270e-10 1.043050e-07 
7.084628e-10 1.044623e-07 
7.088987e-10 1.046191e-07 
7.093345e-10 1.047752e-07 
7.097704e-10 1.049308e-07 
7.102062e-10 1.050857e-07 
7.106420e-10 1.052401e-07 
7.110779e-10 1.053939e-07 
7.115137e-10 1.055470e-07 
7.119496e-10 1.056996e-07 
7.123854e-10 1.058516e-07 
7.128213e-10 1.060030e-07 
7.132571e-10 1.061539e-07 
7.136929e-10 1.063041e-07 
7.141288e-10 1.064538e-07 
7.145646e-10 1.066029e-07 
7.150005e-10 1.067514e-07 
7.154363e-10 1.068993e-07 
7.158722e-10 1.070466e-07 
7.163080e-10 1.071933e-07 
7.167438e-10 1.073395e-07 
7.171797e-10 1.074850e-07 
7.176155e-10 1.076300e-07 
7.180514e-10 1.077744e-07 
7.184872e-10 1.079182e-07 
7.189231e-10 1.080615e-07 
7.193589e-10 1.082041e-07 
7.197947e-10 1.083462e-07 
7.202306e-10 1.084876e-07 
7.206664e-10 1.086285e-07 
7.211023e-10 1.087688e-07 
7.215381e-10 1.089085e-07 
7.219740e-10 1.090476e-07 
7.224098e-10 1.091861e-07 
7.228456e-10 1.093240e-07 
7.232815e-10 1.094614e-07 
7.237173e-10 1.095981e-07 
7.241532e-10 1.097343e-07 
7.245890e-10 1.098698e-07 
7.250249e-10 1.100048e-07 
7.254607e-10 1.101392e-07 
7.258965e-10 1.102730e-07 
7.263324e-10 1.104061e-07 
7.267682e-10 1.105387e-07 
7.272041e-10 1.106707e-07 
7.276399e-10 1.108021e-07 
7.280758e-10 1.109329e-07 
7.285116e-10 1.110632e-07 
7.289474e-10 1.111928e-07 
7.293833e-10 1.113218e-07 
7.298191e-10 1.114502e-07 
7.302550e-10 1.115781e-07 
7.306908e-10 1.117053e-07 
7.311267e-10 1.118320e-07 
7.315625e-10 1.119580e-07 
7.319983e-10 1.120835e-07 
7.324342e-10 1.122084e-07 
7.328700e-10 1.123327e-07 
7.333059e-10 1.124564e-07 
7.337417e-10 1.125795e-07 
7.341776e-10 1.127020e-07 
7.346134e-10 1.128239e-07 
7.350492e-10 1.129453e-07 
7.354851e-10 1.130661e-07 
7.359209e-10 1.131863e-07 
7.363568e-10 1.133059e-07 
7.367926e-10 1.134249e-07 
7.372285e-10 1.135434e-07 
7.376643e-10 1.136612e-07 
7.381001e-10 1.137786e-07 
7.385360e-10 1.138953e-07 
7.389718e-10 1.140114e-07 
7.394077e-10 1.141270e-07 
7.398435e-10 1.142421e-07 
7.402794e-10 1.143565e-07 
7.407152e-10 1.144704e-07 
7.411510e-10 1.145837e-07 
7.415869e-10 1.146965e-07 
7.420227e-10 1.148087e-07 
7.424586e-10 1.149204e-07 
7.428944e-10 1.150315e-07 
7.433303e-10 1.151420e-07 
7.437661e-10 1.152520e-07 
7.442019e-10 1.153615e-07 
7.446378e-10 1.154704e-07 
7.450736e-10 1.155787e-07 
7.455095e-10 1.156865e-07 
7.459453e-10 1.157938e-07 
7.463812e-10 1.159005e-07 
7.468170e-10 1.160066e-07 
7.472528e-10 1.161123e-07 
7.476887e-10 1.162174e-07 
7.481245e-10 1.163219e-07 
7.485604e-10 1.164259e-07 
7.489962e-10 1.165294e-07 
7.494321e-10 1.166324e-07 
7.498679e-10 1.167348e-07 
7.503038e-10 1.168367e-07 
7.507396e-10 1.169380e-07 
7.511754e-10 1.170388e-07 
7.516113e-10 1.171391e-07 
7.520471e-10 1.172389e-07 
7.524830e-10 1.173381e-07 
7.529188e-10 1.174368e-07 
7.533547e-10 1.175350e-07 
7.537905e-10 1.176326e-07 
7.542263e-10 1.177297e-07 
7.546622e-10 1.178263e-07 
7.550980e-10 1.179224e-07 
7.555339e-10 1.180179e-07 
7.559697e-10 1.181130e-07 
7.564056e-10 1.182074e-07 
7.568414e-10 1.183014e-07 
7.572772e-10 1.183949e-07 
7.577131e-10 1.184878e-07 
7.581489e-10 1.185802e-07 
7.585848e-10 1.186721e-07 
7.590206e-10 1.187634e-07 
7.594565e-10 1.188543e-07 
7.598923e-10 1.189446e-07 
7.603281e-10 1.190344e-07 
7.607640e-10 1.191236e-07 
7.611998e-10 1.192124e-07 
7.616357e-10 1.193006e-07 
7.620715e-10 1.193883e-07 
7.625074e-10 1.194755e-07 
7.629432e-10 1.195622e-07 
7.633790e-10 1.196483e-07 
7.638149e-10 1.197340e-07 
7.642507e-10 1.198191e-07 
7.646866e-10 1.199037e-07 
7.651224e-10 1.199877e-07 
7.655583e-10 1.200713e-07 
7.659941e-10 1.201543e-07 
7.664299e-10 1.202368e-07 
7.668658e-10 1.203189e-07 
7.673016e-10 1.204003e-07 
7.677375e-10 1.204813e-07 
7.681733e-10 1.205618e-07 
7.686092e-10 1.206417e-07 
7.690450e-10 1.207212e-07 
7.694808e-10 1.208001e-07 
7.699167e-10 1.208785e-07 
7.703525e-10 1.209564e-07 
7.707884e-10 1.210338e-07 
7.712242e-10 1.211107e-07 
7.716601e-10 1.211871e-07 
7.720959e-10 1.212630e-07 
7.725317e-10 1.213383e-07 
7.729676e-10 1.214132e-07 
7.734034e-10 1.214876e-07 
7.738393e-10 1.215614e-07 
7.742751e-10 1.216348e-07 
7.747110e-10 1.217076e-07 
7.751468e-10 1.217800e-07 
7.755826e-10 1.218519e-07 
7.760185e-10 1.219232e-07 
7.764543e-10 1.219941e-07 
7.768902e-10 1.220645e-07 
7.773260e-10 1.221344e-07 
7.777619e-10 1.222038e-07 
7.781977e-10 1.222727e-07 
7.786335e-10 1.223411e-07 
7.790694e-10 1.224090e-07 
7.795052e-10 1.224765e-07 
7.799411e-10 1.225434e-07 
7.803769e-10 1.226099e-07 
7.808128e-10 1.226759e-07 
7.812486e-10 1.227414e-07 
7.816844e-10 1.228065e-07 
7.821203e-10 1.228710e-07 
7.825561e-10 1.229351e-07 
7.829920e-10 1.229988e-07 
7.834278e-10 1.230619e-07 
7.838637e-10 1.231246e-07 
7.842995e-10 1.231868e-07 
7.847353e-10 1.232485e-07 
7.851712e-10 1.233098e-07 
7.856070e-10 1.233705e-07 
7.860429e-10 1.234309e-07 
7.864787e-10 1.234907e-07 
7.869146e-10 1.235501e-07 
7.873504e-10 1.236091e-07 
7.877862e-10 1.236676e-07 
7.882221e-10 1.237256e-07 
7.886579e-10 1.237831e-07 
7.890938e-10 1.238402e-07 
7.895296e-10 1.238969e-07 
7.899655e-10 1.239531e-07 
7.904013e-10 1.240088e-07 
7.908372e-10 1.240641e-07 
7.912730e-10 1.241189e-07 
7.917088e-10 1.241733e-07 
7.921447e-10 1.242272e-07 
7.925805e-10 1.242807e-07 
7.930164e-10 1.243337e-07 
7.934522e-10 1.243863e-07 
7.938881e-10 1.244384e-07 
7.943239e-10 1.244901e-07 
7.947597e-10 1.245413e-07 
7.951956e-10 1.245921e-07 
7.956314e-10 1.246424e-07 
7.960673e-10 1.246924e-07 
7.965031e-10 1.247418e-07 
7.969390e-10 1.247908e-07 
7.973748e-10 1.248394e-07 
7.978106e-10 1.248875e-07 
7.982465e-10 1.249352e-07 
7.986823e-10 1.249825e-07 
7.991182e-10 1.250293e-07 
7.995540e-10 1.250757e-07 
7.999899e-10 1.251216e-07 
8.004257e-10 1.251671e-07 
8.008615e-10 1.252122e-07 
8.012974e-10 1.252568e-07 
8.017332e-10 1.253010e-07 
8.021691e-10 1.253448e-07 
8.026049e-10 1.253881e-07 
8.030408e-10 1.254310e-07 
8.034766e-10 1.254734e-07 
8.039124e-10 1.255155e-07 
8.043483e-10 1.255571e-07 
8.047841e-10 1.255982e-07 
8.052200e-10 1.256390e-07 
8.056558e-10 1.256793e-07 
8.060917e-10 1.257192e-07 
8.065275e-10 1.257586e-07 
8.069633e-10 1.257977e-07 
8.073992e-10 1.258363e-07 
8.078350e-10 1.258745e-07 
8.082709e-10 1.259122e-07 
8.087067e-10 1.259496e-07 
8.091426e-10 1.259865e-07 
8.095784e-10 1.260230e-07 
8.100142e-10 1.260590e-07 
8.104501e-10 1.260947e-07 
8.108859e-10 1.261299e-07 
8.113218e-10 1.261647e-07 
8.117576e-10 1.261991e-07 
8.121935e-10 1.262331e-07 
8.126293e-10 1.262667e-07 
8.130651e-10 1.262998e-07 
8.135010e-10 1.263326e-07 
8.139368e-10 1.263649e-07 
8.143727e-10 1.263968e-07 
8.148085e-10 1.264283e-07 
8.152444e-10 1.264594e-07 
8.156802e-10 1.264901e-07 
8.161160e-10 1.265204e-07 
8.165519e-10 1.265503e-07 
8.169877e-10 1.265798e-07 
8.174236e-10 1.266089e-07 
8.178594e-10 1.266375e-07 
8.182953e-10 1.266658e-07 
8.187311e-10 1.266937e-07 
8.191669e-10 1.267211e-07 
8.196028e-10 1.267482e-07 
8.200386e-10 1.267749e-07 
8.204745e-10 1.268011e-07 
8.209103e-10 1.268270e-07 
8.213462e-10 1.268525e-07 
8.217820e-10 1.268776e-07 
8.222178e-10 1.269023e-07 
8.226537e-10 1.269266e-07 
8.230895e-10 1.269505e-07 
8.235254e-10 1.269741e-07 
8.239612e-10 1.269972e-07 
8.243971e-10 1.270200e-07 
8.248329e-10 1.270423e-07 
8.252687e-10 1.270643e-07 
8.257046e-10 1.270859e-07 
8.261404e-10 1.271072e-07 
8.265763e-10 1.271280e-07 
8.270121e-10 1.271485e-07 
8.274480e-10 1.271685e-07 
8.278838e-10 1.271883e-07 
8.283197e-10 1.272076e-07 
8.287555e-10 1.272265e-07 
8.291913e-10 1.272451e-07 
8.296272e-10 1.272633e-07 
8.300630e-10 1.272812e-07 
8.304989e-10 1.272986e-07 
8.309347e-10 1.273157e-07 
8.313706e-10 1.273324e-07 
8.318064e-10 1.273488e-07 
8.322422e-10 1.273647e-07 
8.326781e-10 1.273804e-07 
8.331139e-10 1.273956e-07 
8.335498e-10 1.274105e-07 
8.339856e-10 1.274250e-07 
8.344215e-10 1.274392e-07 
8.348573e-10 1.274530e-07 
8.352931e-10 1.274664e-07 
8.357290e-10 1.274795e-07 
8.361648e-10 1.274922e-07 
8.366007e-10 1.275045e-07 
8.370365e-10 1.275165e-07 
8.374724e-10 1.275281e-07 
8.379082e-10 1.275394e-07 
8.383440e-10 1.275503e-07 
8.387799e-10 1.275609e-07 
8.392157e-10 1.275711e-07 
8.396516e-10 1.275810e-07 
8.400874e-10 1.275905e-07 
8.405233e-10 1.275996e-07 
8.409591e-10 1.276085e-07 
8.413949e-10 1.276169e-07 
8.418308e-10 1.276250e-07 
8.422666e-10 1.276328e-07 
8.427025e-10 1.276402e-07 
8.431383e-10 1.276473e-07 
8.435742e-10 1.276540e-07 
8.440100e-10 1.276603e-07 
8.444458e-10 1.276664e-07 
8.448817e-10 1.276721e-07 
8.453175e-10 1.276774e-07 
8.457534e-10 1.276824e-07 
8.461892e-10 1.276871e-07 
8.466251e-10 1.276914e-07 
8.470609e-10 1.276954e-07 
8.474967e-10 1.276990e-07 
8.479326e-10 1.277023e-07 
8.483684e-10 1.277053e-07 
8.488043e-10 1.277079e-07 
8.492401e-10 1.277102e-07 
8.496760e-10 1.277122e-07 
8.501118e-10 1.277138e-07 
8.505476e-10 1.277151e-07 
8.509835e-10 1.277161e-07 
8.514193e-10 1.277167e-07 
8.518552e-10 1.277170e-07 
8.522910e-10 1.277170e-07 
8.527269e-10 1.277166e-07 
8.531627e-10 1.277159e-07 
8.535985e-10 1.277149e-07 
8.540344e-10 1.277136e-07 
8.544702e-10 1.277119e-07 
8.549061e-10 1.277100e-07 
8.553419e-10 1.277076e-07 
8.557778e-10 1.277050e-07 
8.562136e-10 1.277021e-07 
8.566494e-10 1.276988e-07 
8.570853e-10 1.276952e-07 
8.575211e-10 1.276913e-07 
8.579570e-10 1.276871e-07 
8.583928e-10 1.276825e-07 
8.588287e-10 1.276776e-07 
8.592645e-10 1.276725e-07 
8.597003e-10 1.276670e-07 
8.601362e-10 1.276612e-07 
8.605720e-10 1.276550e-07 
8.610079e-10 1.276486e-07 
8.614437e-10 1.276419e-07 
8.618796e-10 1.276348e-07 
8.623154e-10 1.276274e-07 
8.627512e-10 1.276198e-07 
8.631871e-10 1.276118e-07 
8.636229e-10 1.276035e-07 
8.640588e-10 1.275949e-07 
8.644946e-10 1.275860e-07 
8.649305e-10 1.275768e-07 
8.653663e-10 1.275673e-07 
8.658021e-10 1.275575e-07 
8.662380e-10 1.275474e-07 
8.666738e-10 1.275370e-07 
8.671097e-10 1.275263e-07 
8.675455e-10 1.275153e-07 
8.679814e-10 1.275040e-07 
8.684172e-10 1.274924e-07 
8.688531e-10 1.274805e-07 
8.692889e-10 1.274683e-07 
8.697247e-10 1.274558e-07 
8.701606e-10 1.274430e-07 
8.705964e-10 1.274299e-07 
8.710323e-10 1.274166e-07 
8.714681e-10 1.274029e-07 
8.719040e-10 1.273890e-07 
8.723398e-10 1.273748e-07 
8.727756e-10 1.273602e-07 
8.732115e-10 1.273454e-07 
8.736473e-10 1.273303e-07 
8.740832e-10 1.273150e-07 
8.745190e-10 1.272993e-07 
8.749549e-10 1.272834e-07 
8.753907e-10 1.272671e-07 
8.758265e-10 1.272506e-07 
8.762624e-10 1.272338e-07 
8.766982e-10 1.272167e-07 
8.771341e-10 1.271994e-07 
8.775699e-10 1.271818e-07 
8.780058e-10 1.271639e-07 
8.784416e-10 1.271457e-07 
8.788774e-10 1.271272e-07 
8.793133e-10 1.271085e-07 
8.797491e-10 1.270895e-07 
8.801850e-10 1.270702e-07 
8.806208e-10 1.270506e-07 
8.810567e-10 1.270308e-07 
8.814925e-10 1.270107e-07 
8.819283e-10 1.269903e-07 
8.823642e-10 1.269697e-07 
8.828000e-10 1.269488e-07 
8.832359e-10 1.269276e-07 
8.836717e-10 1.269061e-07 
8.841076e-10 1.268844e-07 
8.845434e-10 1.268624e-07 
8.849792e-10 1.268402e-07 
8.854151e-10 1.268177e-07 
8.858509e-10 1.267949e-07 
8.862868e-10 1.267719e-07 
8.867226e-10 1.267486e-07 
8.871585e-10 1.267250e-07 
8.875943e-10 1.267012e-07 
8.880301e-10 1.266771e-07 
8.884660e-10 1.266528e-07 
8.889018e-10 1.266282e-07 
8.893377e-10 1.266033e-07 
8.897735e-10 1.265782e-07 
8.902094e-10 1.265529e-07 
8.906452e-10 1.265273e-07 
8.910810e-10 1.265014e-07 
8.915169e-10 1.264753e-07 
8.919527e-10 1.264489e-07 
8.923886e-10 1.264222e-07 
8.928244e-10 1.263954e-07 
8.932603e-10 1.263682e-07 
8.936961e-10 1.263408e-07 
8.941319e-10 1.263132e-07 
8.945678e-10 1.262853e-07 
8.950036e-10 1.262572e-07 
8.954395e-10 1.262288e-07 
8.958753e-10 1.262002e-07 
8.963112e-10 1.261713e-07 
8.967470e-10 1.261422e-07 
8.971828e-10 1.261129e-07 
8.976187e-10 1.260833e-07 
8.980545e-10 1.260534e-07 
8.984904e-10 1.260233e-07 
8.989262e-10 1.259930e-07 
8.993621e-10 1.259624e-07 
8.997979e-10 1.259316e-07 
9.002337e-10 1.259006e-07 
9.006696e-10 1.258693e-07 
9.011054e-10 1.258378e-07 
9.015413e-10 1.258060e-07 
9.019771e-10 1.257741e-07 
9.024130e-10 1.257418e-07 
9.028488e-10 1.257094e-07 
9.032846e-10 1.256767e-07 
9.037205e-10 1.256437e-07 
9.041563e-10 1.256106e-07 
9.045922e-10 1.255772e-07 
9.050280e-10 1.255436e-07 
9.054639e-10 1.255097e-07 
9.058997e-10 1.254757e-07 
9.063356e-10 1.254414e-07 
9.067714e-10 1.254068e-07 
9.072072e-10 1.253721e-07 
9.076431e-10 1.253371e-07 
9.080789e-10 1.253019e-07 
9.085148e-10 1.252664e-07 
9.089506e-10 1.252308e-07 
9.093865e-10 1.251949e-07 
9.098223e-10 1.251588e-07 
9.102581e-10 1.251225e-07 
9.106940e-10 1.250859e-07 
9.111298e-10 1.250492e-07 
9.115657e-10 1.250122e-07 
9.120015e-10 1.249750e-07 
9.124374e-10 1.249376e-07 
9.128732e-10 1.248999e-07 
9.133090e-10 1.248621e-07 
9.137449e-10 1.248240e-07 
9.141807e-10 1.247857e-07 
9.146166e-10 1.247472e-07 
9.150524e-10 1.247085e-07 
9.154883e-10 1.246696e-07 
9.159241e-10 1.246304e-07 
9.163599e-10 1.245911e-07 
9.167958e-10 1.245515e-07 
9.172316e-10 1.245118e-07 
9.176675e-10 1.244718e-07 
9.181033e-10 1.244316e-07 
9.185392e-10 1.243912e-07 
9.189750e-10 1.243506e-07 
9.194108e-10 1.243098e-07 
9.198467e-10 1.242688e-07 
9.202825e-10 1.242276e-07 
9.207184e-10 1.241862e-07 
9.211542e-10 1.241446e-07 
9.215901e-10 1.241027e-07 
9.220259e-10 1.240607e-07 
9.224617e-10 1.240185e-07 
9.228976e-10 1.239760e-07 
9.233334e-10 1.239334e-07 
9.237693e-10 1.238906e-07 
9.242051e-10 1.238476e-07 
9.246410e-10 1.238043e-07 
9.250768e-10 1.237609e-07 
9.255126e-10 1.237173e-07 
9.259485e-10 1.236735e-07 
9.263843e-10 1.236295e-07 
9.268202e-10 1.235853e-07 
9.272560e-10 1.235409e-07 
9.276919e-10 1.234963e-07 
9.281277e-10 1.234515e-07 
9.285635e-10 1.234065e-07 
9.289994e-10 1.233614e-07 
9.294352e-10 1.233160e-07 
9.298711e-10 1.232705e-07 
9.303069e-10 1.232247e-07 
9.307428e-10 1.231788e-07 
9.311786e-10 1.231327e-07 
9.316144e-10 1.230864e-07 
9.320503e-10 1.230399e-07 
9.324861e-10 1.229933e-07 
9.329220e-10 1.229464e-07 
9.333578e-10 1.228994e-07 
9.337937e-10 1.228522e-07 
9.342295e-10 1.228048e-07 
9.346653e-10 1.227572e-07 
9.351012e-10 1.227094e-07 
9.355370e-10 1.226615e-07 
9.359729e-10 1.226133e-07 
9.364087e-10 1.225650e-07 
9.368446e-10 1.225165e-07 
9.372804e-10 1.224679e-07 
9.377162e-10 1.224190e-07 
9.381521e-10 1.223700e-07 
9.385879e-10 1.223208e-07 
9.390238e-10 1.222714e-07 
9.394596e-10 1.222219e-07 
9.398955e-10 1.221721e-07 
9.403313e-10 1.221222e-07 
9.407671e-10 1.220722e-07 
9.412030e-10 1.220219e-07 
9.416388e-10 1.219715e-07 
9.420747e-10 1.219209e-07 
9.425105e-10 1.218701e-07 
9.429464e-10 1.218192e-07 
9.433822e-10 1.217681e-07 
9.438180e-10 1.217168e-07 
9.442539e-10 1.216654e-07 
9.446897e-10 1.216138e-07 
9.451256e-10 1.215620e-07 
9.455614e-10 1.215101e-07 
9.459973e-10 1.214580e-07 
9.464331e-10 1.214057e-07 
9.468690e-10 1.213533e-07 
9.473048e-10 1.213007e-07 
9.477406e-10 1.212479e-07 
9.481765e-10 1.211950e-07 
9.486123e-10 1.211419e-07 
9.490482e-10 1.210886e-07 
9.494840e-10 1.210352e-07 
9.499199e-10 1.209816e-07 
9.503557e-10 1.209279e-07 
9.507915e-10 1.208740e-07 
9.512274e-10 1.208200e-07 
9.516632e-10 1.207658e-07 
9.520991e-10 1.207114e-07 
9.525349e-10 1.206569e-07 
9.529708e-10 1.206022e-07 
9.534066e-10 1.205474e-07 
9.538424e-10 1.204924e-07 
9.542783e-10 1.204372e-07 
9.547141e-10 1.203819e-07 
9.551500e-10 1.203265e-07 
9.555858e-10 1.202709e-07 
9.560217e-10 1.202151e-07 
9.564575e-10 1.201592e-07 
9.568933e-10 1.201032e-07 
9.573292e-10 1.200469e-07 
9.577650e-10 1.199906e-07 
9.582009e-10 1.199341e-07 
9.586367e-10 1.198774e-07 
9.590726e-10 1.198206e-07 
9.595084e-10 1.197637e-07 
9.599442e-10 1.197066e-07 
9.603801e-10 1.196493e-07 
9.608159e-10 1.195919e-07 
9.612518e-10 1.195344e-07 
9.616876e-10 1.194767e-07 
9.621235e-10 1.194189e-07 
9.625593e-10 1.193609e-07 
9.629951e-10 1.193028e-07 
9.634310e-10 1.192446e-07 
9.638668e-10 1.191862e-07 
9.643027e-10 1.191276e-07 
9.647385e-10 1.190690e-07 
9.651744e-10 1.190102e-07 
9.656102e-10 1.189512e-07 
9.660460e-10 1.188921e-07 
9.664819e-10 1.188329e-07 
9.669177e-10 1.187735e-07 
9.673536e-10 1.187140e-07 
9.677894e-10 1.186544e-07 
9.682253e-10 1.185946e-07 
9.686611e-10 1.185347e-07 
9.690969e-10 1.184746e-07 
9.695328e-10 1.184145e-07 
9.699686e-10 1.183542e-07 
9.704045e-10 1.182937e-07 
9.708403e-10 1.182331e-07 
9.712762e-10 1.181724e-07 
9.717120e-10 1.181116e-07 
9.721478e-10 1.180506e-07 
9.725837e-10 1.179895e-07 
9.730195e-10 1.179283e-07 
9.734554e-10 1.178669e-07 
9.738912e-10 1.178054e-07 
9.743271e-10 1.177438e-07 
9.747629e-10 1.176821e-07 
9.751987e-10 1.176202e-07 
9.756346e-10 1.175582e-07 
9.760704e-10 1.174961e-07 
9.765063e-10 1.174338e-07 
9.769421e-10 1.173714e-07 
9.773780e-10 1.173089e-07 
9.778138e-10 1.172463e-07 
9.782496e-10 1.171836e-07 
9.786855e-10 1.171207e-07 
9.791213e-10 1.170577e-07 
9.795572e-10 1.169946e-07 
9.799930e-10 1.169313e-07 
9.804289e-10 1.168680e-07 
9.808647e-10 1.168045e-07 
9.813005e-10 1.167409e-07 
9.817364e-10 1.166772e-07 
9.821722e-10 1.166134e-07 
9.826081e-10 1.165494e-07 
9.830439e-10 1.164853e-07 
9.834798e-10 1.164212e-07 
9.839156e-10 1.163569e-07 
9.843514e-10 1.162924e-07 
9.847873e-10 1.162279e-07 
9.852231e-10 1.161633e-07 
9.856590e-10 1.160985e-07 
9.860948e-10 1.160336e-07 
9.865307e-10 1.159686e-07 
9.869665e-10 1.159035e-07 
9.874024e-10 1.158383e-07 
9.878382e-10 1.157730e-07 
9.882740e-10 1.157075e-07 
9.887099e-10 1.156420e-07 
9.891457e-10 1.155763e-07 
9.895816e-10 1.155106e-07 
9.900174e-10 1.154447e-07 
9.904533e-10 1.153787e-07 
9.908891e-10 1.153126e-07 
9.913249e-10 1.152464e-07 
9.917608e-10 1.151801e-07 
9.921966e-10 1.151137e-07 
9.926325e-10 1.150471e-07 
9.930683e-10 1.149805e-07 
9.935042e-10 1.149138e-07 
9.939400e-10 1.148469e-07 
9.943758e-10 1.147800e-07 
9.948117e-10 1.147129e-07 
9.952475e-10 1.146458e-07 
9.956834e-10 1.145785e-07 
9.961192e-10 1.145111e-07 
9.965551e-10 1.144437e-07 
9.969909e-10 1.143761e-07 
9.974267e-10 1.143085e-07 
9.978626e-10 1.142407e-07 
9.982984e-10 1.141728e-07 
9.987343e-10 1.141049e-07 
9.991701e-10 1.140368e-07 
9.996060e-10 1.139686e-07 
