2.179215e-13 0 
6.537645e-13 0 
1.089608e-12 0 
1.525451e-12 0 
1.961294e-12 0 
2.397137e-12 0 
2.832980e-12 0 
3.268823e-12 0 
3.704666e-12 0 
4.140509e-12 0 
4.576352e-12 0 
5.012195e-12 0 
5.448038e-12 0 
5.883881e-12 0 
6.319724e-12 0 
6.755567e-12 0 
7.191410e-12 0 
7.627253e-12 0 
8.063096e-12 0 
8.498939e-12 0 
8.934782e-12 0 
9.370625e-12 0 
9.806468e-12 0 
1.024231e-11 0 
1.067815e-11 0 
1.111400e-11 0 
1.154984e-11 0 
1.198568e-11 0 
1.242153e-11 0 
1.285737e-11 0 
1.329321e-11 0 
1.372905e-11 0 
1.416490e-11 0 
1.460074e-11 0 
1.503658e-11 0 
1.547243e-11 0 
1.590827e-11 0 
1.634411e-11 0 
1.677996e-11 0 
1.721580e-11 0 
1.765164e-11 0 
1.808749e-11 0 
1.852333e-11 0 
1.895917e-11 0 
1.939501e-11 0 
1.983086e-11 0 
2.026670e-11 0 
2.070254e-11 0 
2.113839e-11 0 
2.157423e-11 0 
2.201007e-11 0 
2.244592e-11 0 
2.288176e-11 0 
2.331760e-11 0 
2.375344e-11 0 
2.418929e-11 0 
2.462513e-11 0 
2.506097e-11 0 
2.549682e-11 0 
2.593266e-11 1.015356e-87 
2.636850e-11 -4.743486e-29 
2.680435e-11 -1.144188e-27 
2.724019e-11 -2.193773e-26 
2.767603e-11 -2.539631e-25 
2.811187e-11 -2.394649e-24 
2.854772e-11 -1.749079e-23 
2.898356e-11 -1.072082e-22 
2.941940e-11 -5.537508e-22 
2.985525e-11 -2.461544e-21 
3.029109e-11 -9.555260e-21 
3.072693e-11 -3.261884e-20 
3.116278e-11 -9.882655e-20 
3.159862e-11 -2.676004e-19 
3.203446e-11 -6.506926e-19 
3.247030e-11 -1.428524e-18 
3.290615e-11 -2.846978e-18 
3.334199e-11 -5.179505e-18 
3.377783e-11 -8.664254e-18 
3.421368e-11 -1.344577e-17 
3.464952e-11 -1.956805e-17 
3.508536e-11 -2.707186e-17 
3.552121e-11 -3.613882e-17 
3.595705e-11 -4.718282e-17 
3.639289e-11 -6.090290e-17 
3.682873e-11 -7.825253e-17 
3.726458e-11 -1.004071e-16 
3.770042e-11 -1.289466e-16 
3.813626e-11 -1.658854e-16 
3.857211e-11 -2.134650e-16 
3.900795e-11 -2.744276e-16 
3.944379e-11 -3.524153e-16 
3.987964e-11 -4.519867e-16 
4.031548e-11 -5.789872e-16 
4.075132e-11 -7.409067e-16 
4.118716e-11 -9.467059e-16 
4.162301e-11 -1.207471e-15 
4.205885e-11 -1.537734e-15 
4.249469e-11 -1.955793e-15 
4.293054e-11 -2.483924e-15 
4.336638e-11 -3.149909e-15 
4.380222e-11 -3.988719e-15 
4.423807e-11 -5.043703e-15 
4.467391e-11 -6.368539e-15 
4.510975e-11 -8.029925e-15 
4.554560e-11 -1.011016e-14 
4.598144e-11 -1.271050e-14 
4.641728e-11 -1.595598e-14 
4.685312e-11 -2.000070e-14 
4.728897e-11 -2.503352e-14 
4.772481e-11 -3.128568e-14 
4.816065e-11 -3.904036e-14 
4.859650e-11 -4.864361e-14 
4.903234e-11 -6.051731e-14 
4.946818e-11 -7.517482e-14 
4.990403e-11 -9.324002e-14 
5.033987e-11 -1.154697e-13 
5.077571e-11 -1.427802e-13 
5.121155e-11 -1.762793e-13 
5.164740e-11 -2.173034e-13 
5.208324e-11 -2.674622e-13 
5.251908e-11 -3.286910e-13 
5.295493e-11 -4.033122e-13 
5.339077e-11 -4.941085e-13 
5.382661e-11 -6.044068e-13 
5.426246e-11 -7.381786e-13 
5.469830e-11 -9.001550e-13 
5.513414e-11 -1.095963e-12 
5.556998e-11 -1.332281e-12 
5.600583e-11 -1.617022e-12 
5.644167e-11 -1.959545e-12 
5.687751e-11 -2.370892e-12 
5.731336e-11 -2.864078e-12 
5.774920e-11 -3.454399e-12 
5.818504e-11 -4.159811e-12 
5.862089e-11 -5.001339e-12 
5.905673e-11 -6.003564e-12 
5.949257e-11 -7.195158e-12 
5.992841e-11 -8.609503e-12 
6.036426e-11 -1.028538e-11 
6.080010e-11 -1.226777e-11 
6.123594e-11 -1.460870e-11 
6.167179e-11 -1.736824e-11 
6.210763e-11 -2.061561e-11 
6.254347e-11 -2.443039e-11 
6.297932e-11 -2.890386e-11 
6.341516e-11 -3.414051e-11 
6.385100e-11 -4.025965e-11 
6.428684e-11 -4.739721e-11 
6.472269e-11 -5.570771e-11 
6.515853e-11 -6.536636e-11 
6.559437e-11 -7.657134e-11 
6.603022e-11 -8.954628e-11 
6.646606e-11 -1.045428e-10 
6.690190e-11 -1.218435e-10 
6.733775e-11 -1.417644e-10 
6.777359e-11 -1.646585e-10 
6.820943e-11 -1.909188e-10 
6.864527e-11 -2.209812e-10 
6.908112e-11 -2.553280e-10 
6.951696e-11 -2.944910e-10 
6.995280e-11 -3.390547e-10 
7.038865e-11 -3.896593e-10 
7.082449e-11 -4.470030e-10 
7.126033e-11 -5.118446e-10 
7.169618e-11 -5.850055e-10 
7.213202e-11 -6.673704e-10 
7.256786e-11 -7.598877e-10 
7.300371e-11 -8.635692e-10 
7.343955e-11 -9.794876e-10 
7.387539e-11 -1.108773e-09 
7.431123e-11 -1.252609e-09 
7.474708e-11 -1.412224e-09 
7.518292e-11 -1.588880e-09 
7.561876e-11 -1.783863e-09 
7.605461e-11 -1.998468e-09 
7.649045e-11 -2.233972e-09 
7.692629e-11 -2.491621e-09 
7.736214e-11 -2.772591e-09 
7.779798e-11 -3.077962e-09 
7.823382e-11 -3.408672e-09 
7.866966e-11 -3.765477e-09 
7.910551e-11 -4.148890e-09 
7.954135e-11 -4.559124e-09 
7.997719e-11 -4.996021e-09 
8.041304e-11 -5.458970e-09 
8.084888e-11 -5.946819e-09 
8.128472e-11 -6.457771e-09 
8.172057e-11 -6.989273e-09 
8.215641e-11 -7.537891e-09 
8.259225e-11 -8.099167e-09 
8.302809e-11 -8.667469e-09 
8.346394e-11 -9.235825e-09 
8.389978e-11 -9.795734e-09 
8.433562e-11 -1.033697e-08 
8.477147e-11 -1.084738e-08 
8.520731e-11 -1.131262e-08 
8.564315e-11 -1.171593e-08 
8.607900e-11 -1.203789e-08 
8.651484e-11 -1.225609e-08 
8.695068e-11 -1.234487e-08 
8.738652e-11 -1.227498e-08 
8.782237e-11 -1.201328e-08 
8.825821e-11 -1.152238e-08 
8.869405e-11 -1.076031e-08 
8.912990e-11 -9.680115e-09 
8.956574e-11 -8.229525e-09 
9.000158e-11 -6.350555e-09 
9.043743e-11 -3.979129e-09 
9.087327e-11 -1.044704e-09 
9.130911e-11 2.530113e-09 
9.174495e-11 6.829935e-09 
9.218080e-11 1.194695e-08 
9.261664e-11 1.798125e-08 
9.305248e-11 2.504119e-08 
9.348833e-11 3.324364e-08 
9.392417e-11 4.271425e-08 
9.436001e-11 5.358770e-08 
9.479586e-11 6.600784e-08 
9.523170e-11 8.012783e-08 
9.566754e-11 9.611018e-08 
9.610338e-11 1.141268e-07 
9.653923e-11 1.343588e-07 
9.697507e-11 1.569966e-07 
9.741091e-11 1.822392e-07 
9.784676e-11 2.102942e-07 
9.828260e-11 2.413775e-07 
9.871844e-11 2.757121e-07 
9.915429e-11 3.135280e-07 
9.959013e-11 3.550611e-07 
1.000260e-10 4.005523e-07 
1.004618e-10 4.502465e-07 
1.008977e-10 5.043911e-07 
1.013335e-10 5.632350e-07 
1.017693e-10 6.270265e-07 
1.022052e-10 6.960122e-07 
1.026410e-10 7.704347e-07 
1.030769e-10 8.505307e-07 
1.035127e-10 9.365291e-07 
1.039486e-10 1.028648e-06 
1.043844e-10 1.127093e-06 
1.048202e-10 1.232054e-06 
1.052561e-10 1.343701e-06 
1.056919e-10 1.462187e-06 
1.061278e-10 1.587635e-06 
1.065636e-10 1.720145e-06 
1.069995e-10 1.859784e-06 
1.074353e-10 2.006586e-06 
1.078711e-10 2.160545e-06 
1.083070e-10 2.321617e-06 
1.087428e-10 2.489711e-06 
1.091787e-10 2.664690e-06 
1.096145e-10 2.846364e-06 
1.100504e-10 3.034488e-06 
1.104862e-10 3.228759e-06 
1.109220e-10 3.428811e-06 
1.113579e-10 3.634215e-06 
1.117937e-10 3.844472e-06 
1.122296e-10 4.059015e-06 
1.126654e-10 4.277200e-06 
1.131013e-10 4.498312e-06 
1.135371e-10 4.721555e-06 
1.139729e-10 4.946054e-06 
1.144088e-10 5.170856e-06 
1.148446e-10 5.394925e-06 
1.152805e-10 5.617144e-06 
1.157163e-10 5.836313e-06 
1.161522e-10 6.051153e-06 
1.165880e-10 6.260304e-06 
1.170238e-10 6.462329e-06 
1.174597e-10 6.655716e-06 
1.178955e-10 6.838877e-06 
1.183314e-10 7.010160e-06 
1.187672e-10 7.167845e-06 
1.192031e-10 7.310153e-06 
1.196389e-10 7.435254e-06 
1.200748e-10 7.541267e-06 
1.205106e-10 7.626276e-06 
1.209464e-10 7.688328e-06 
1.213823e-10 7.725451e-06 
1.218181e-10 7.735659e-06 
1.222540e-10 7.716960e-06 
1.226898e-10 7.667373e-06 
1.231257e-10 7.584935e-06 
1.235615e-10 7.467713e-06 
1.239973e-10 7.313819e-06 
1.244332e-10 7.121425e-06 
1.248690e-10 6.888771e-06 
1.253049e-10 6.614185e-06 
1.257407e-10 6.296095e-06 
1.261766e-10 5.933044e-06 
1.266124e-10 5.523708e-06 
1.270482e-10 5.066910e-06 
1.274841e-10 4.561634e-06 
1.279199e-10 4.007045e-06 
1.283558e-10 3.402500e-06 
1.287916e-10 2.747568e-06 
1.292275e-10 2.042046e-06 
1.296633e-10 1.285968e-06 
1.300991e-10 4.796285e-07 
1.305350e-10 -3.764085e-07 
1.309708e-10 -1.281293e-06 
1.314067e-10 -2.233878e-06 
1.318425e-10 -3.232701e-06 
1.322784e-10 -4.275979e-06 
1.327142e-10 -5.361594e-06 
1.331500e-10 -6.487079e-06 
1.335859e-10 -7.649617e-06 
1.340217e-10 -8.846023e-06 
1.344576e-10 -1.007275e-05 
1.348934e-10 -1.132586e-05 
1.353293e-10 -1.260104e-05 
1.357651e-10 -1.389361e-05 
1.362009e-10 -1.519848e-05 
1.366368e-10 -1.651018e-05 
1.370726e-10 -1.782286e-05 
1.375085e-10 -1.913027e-05 
1.379443e-10 -2.042580e-05 
1.383802e-10 -2.170244e-05 
1.388160e-10 -2.295283e-05 
1.392518e-10 -2.416924e-05 
1.396877e-10 -2.534359e-05 
1.401235e-10 -2.646745e-05 
1.405594e-10 -2.753208e-05 
1.409952e-10 -2.852840e-05 
1.414311e-10 -2.944706e-05 
1.418669e-10 -3.027840e-05 
1.423027e-10 -3.101251e-05 
1.427386e-10 -3.163923e-05 
1.431744e-10 -3.214818e-05 
1.436103e-10 -3.252878e-05 
1.440461e-10 -3.277026e-05 
1.444820e-10 -3.286171e-05 
1.449178e-10 -3.279207e-05 
1.453536e-10 -3.255021e-05 
1.457895e-10 -3.212490e-05 
1.462253e-10 -3.150486e-05 
1.466612e-10 -3.067883e-05 
1.470970e-10 -2.963552e-05 
1.475329e-10 -2.836372e-05 
1.479687e-10 -2.685229e-05 
1.484045e-10 -2.509018e-05 
1.488404e-10 -2.306651e-05 
1.492762e-10 -2.077058e-05 
1.497121e-10 -1.819187e-05 
1.501479e-10 -1.532014e-05 
1.505838e-10 -1.214541e-05 
1.510196e-10 -8.658037e-06 
1.514554e-10 -4.848712e-06 
1.518913e-10 -7.085214e-07 
1.523271e-10 3.771027e-06 
1.527630e-10 8.597966e-06 
1.531988e-10 1.377984e-05 
1.536347e-10 1.932366e-05 
1.540705e-10 2.523588e-05 
1.545063e-10 3.152235e-05 
1.549422e-10 3.818831e-05 
1.553780e-10 4.523832e-05 
1.558139e-10 5.267625e-05 
1.562497e-10 6.050526e-05 
1.566856e-10 6.872775e-05 
1.571214e-10 7.734533e-05 
1.575572e-10 8.635882e-05 
1.579931e-10 9.576820e-05 
1.584289e-10 1.055726e-04 
1.588648e-10 1.157703e-04 
1.593006e-10 1.263585e-04 
1.597365e-10 1.373339e-04 
1.601723e-10 1.486918e-04 
1.606082e-10 1.604268e-04 
1.610440e-10 1.725327e-04 
1.614798e-10 1.850020e-04 
1.619157e-10 1.978264e-04 
1.623515e-10 2.109968e-04 
1.627874e-10 2.245029e-04 
1.632232e-10 2.383336e-04 
1.636591e-10 2.524769e-04 
1.640949e-10 2.669197e-04 
1.645307e-10 2.816483e-04 
1.649666e-10 2.966478e-04 
1.654024e-10 3.119028e-04 
1.658383e-10 3.273968e-04 
1.662741e-10 3.431127e-04 
1.667100e-10 3.590327e-04 
1.671458e-10 3.751382e-04 
1.675816e-10 3.914102e-04 
1.680175e-10 4.078289e-04 
1.684533e-10 4.243742e-04 
1.688892e-10 4.410256e-04 
1.693250e-10 4.577620e-04 
1.697609e-10 4.745624e-04 
1.701967e-10 4.914053e-04 
1.706325e-10 5.082692e-04 
1.710684e-10 5.251327e-04 
1.715042e-10 5.419743e-04 
1.719401e-10 5.587729e-04 
1.723759e-10 5.755074e-04 
1.728118e-10 5.921573e-04 
1.732476e-10 6.087024e-04 
1.736834e-10 6.251232e-04 
1.741193e-10 6.414007e-04 
1.745551e-10 6.575168e-04 
1.749910e-10 6.734541e-04 
1.754268e-10 6.891964e-04 
1.758627e-10 7.047282e-04 
1.762985e-10 7.200354e-04 
1.767343e-10 7.351049e-04 
1.771702e-10 7.499250e-04 
1.776060e-10 7.644852e-04 
1.780419e-10 7.787765e-04 
1.784777e-10 7.927913e-04 
1.789136e-10 8.065235e-04 
1.793494e-10 8.199687e-04 
1.797852e-10 8.331236e-04 
1.802211e-10 8.459871e-04 
1.806569e-10 8.585592e-04 
1.810928e-10 8.708417e-04 
1.815286e-10 8.828380e-04 
1.819645e-10 8.945530e-04 
1.824003e-10 9.059932e-04 
1.828361e-10 9.171665e-04 
1.832720e-10 9.280823e-04 
1.837078e-10 9.387516e-04 
1.841437e-10 9.491863e-04 
1.845795e-10 9.594000e-04 
1.850154e-10 9.694072e-04 
1.854512e-10 9.792237e-04 
1.858870e-10 9.888661e-04 
1.863229e-10 9.983520e-04 
1.867587e-10 1.007700e-03 
1.871946e-10 1.016928e-03 
1.876304e-10 1.026058e-03 
1.880663e-10 1.035108e-03 
1.885021e-10 1.044099e-03 
1.889379e-10 1.053052e-03 
1.893738e-10 1.061987e-03 
1.898096e-10 1.070925e-03 
1.902455e-10 1.079886e-03 
1.906813e-10 1.088891e-03 
1.911172e-10 1.097959e-03 
1.915530e-10 1.107110e-03 
1.919888e-10 1.116361e-03 
1.924247e-10 1.125731e-03 
1.928605e-10 1.135235e-03 
1.932964e-10 1.144890e-03 
1.937322e-10 1.154710e-03 
1.941681e-10 1.164708e-03 
1.946039e-10 1.174896e-03 
1.950397e-10 1.185283e-03 
1.954756e-10 1.195879e-03 
1.959114e-10 1.206689e-03 
1.963473e-10 1.217718e-03 
1.967831e-10 1.228971e-03 
1.972190e-10 1.240446e-03 
1.976548e-10 1.252142e-03 
1.980907e-10 1.264057e-03 
1.985265e-10 1.276183e-03 
1.989623e-10 1.288513e-03 
1.993982e-10 1.301035e-03 
1.998340e-10 1.313737e-03 
2.002699e-10 1.326600e-03 
2.007057e-10 1.339608e-03 
2.011416e-10 1.352738e-03 
2.015774e-10 1.365967e-03 
2.020132e-10 1.379266e-03 
2.024491e-10 1.392607e-03 
2.028849e-10 1.405958e-03 
2.033208e-10 1.419282e-03 
2.037566e-10 1.432543e-03 
2.041925e-10 1.445699e-03 
2.046283e-10 1.458709e-03 
2.050641e-10 1.471527e-03 
2.055000e-10 1.484105e-03 
2.059358e-10 1.496394e-03 
2.063717e-10 1.508342e-03 
2.068075e-10 1.519896e-03 
2.072434e-10 1.531000e-03 
2.076792e-10 1.541599e-03 
2.081150e-10 1.551633e-03 
2.085509e-10 1.561046e-03 
2.089867e-10 1.569777e-03 
2.094226e-10 1.577767e-03 
2.098584e-10 1.584957e-03 
2.102943e-10 1.591286e-03 
2.107301e-10 1.596697e-03 
2.111659e-10 1.601131e-03 
2.116018e-10 1.604532e-03 
2.120376e-10 1.606844e-03 
2.124735e-10 1.608014e-03 
2.129093e-10 1.607992e-03 
2.133452e-10 1.606729e-03 
2.137810e-10 1.604180e-03 
2.142168e-10 1.600301e-03 
2.146527e-10 1.595056e-03 
2.150885e-10 1.588409e-03 
2.155244e-10 1.580328e-03 
2.159602e-10 1.570788e-03 
2.163961e-10 1.559767e-03 
2.168319e-10 1.547248e-03 
2.172677e-10 1.533218e-03 
2.177036e-10 1.517670e-03 
2.181394e-10 1.500602e-03 
2.185753e-10 1.482018e-03 
2.190111e-10 1.461926e-03 
2.194470e-10 1.440340e-03 
2.198828e-10 1.417278e-03 
2.203186e-10 1.392767e-03 
2.207545e-10 1.366834e-03 
2.211903e-10 1.339515e-03 
2.216262e-10 1.310849e-03 
2.220620e-10 1.280881e-03 
2.224979e-10 1.249658e-03 
2.229337e-10 1.217235e-03 
2.233695e-10 1.183668e-03 
2.238054e-10 1.149018e-03 
2.242412e-10 1.113349e-03 
2.246771e-10 1.076729e-03 
2.251129e-10 1.039228e-03 
2.255488e-10 1.000919e-03 
2.259846e-10 9.618773e-04 
2.264204e-10 9.221794e-04 
2.268563e-10 8.819038e-04 
2.272921e-10 8.411302e-04 
2.277280e-10 7.999387e-04 
2.281638e-10 7.584104e-04 
2.285997e-10 7.166261e-04 
2.290355e-10 6.746667e-04 
2.294713e-10 6.326126e-04 
2.299072e-10 5.905434e-04 
2.303430e-10 5.485376e-04 
2.307789e-10 5.066724e-04 
2.312147e-10 4.650235e-04 
2.316506e-10 4.236649e-04 
2.320864e-10 3.826683e-04 
2.325222e-10 3.421036e-04 
2.329581e-10 3.020381e-04 
2.333939e-10 2.625365e-04 
2.338298e-10 2.236612e-04 
2.342656e-10 1.854715e-04 
2.347015e-10 1.480239e-04 
2.351373e-10 1.113721e-04 
2.355731e-10 7.556666e-05 
2.360090e-10 4.065507e-05 
2.364448e-10 6.681738e-06 
2.368807e-10 -2.631206e-05 
2.373165e-10 -5.828820e-05 
2.377524e-10 -8.921168e-05 
2.381882e-10 -1.190507e-04 
2.386241e-10 -1.477764e-04 
2.390599e-10 -1.753632e-04 
2.394957e-10 -2.017884e-04 
2.399316e-10 -2.270326e-04 
2.403674e-10 -2.510789e-04 
2.408033e-10 -2.739137e-04 
2.412391e-10 -2.955260e-04 
2.416750e-10 -3.159077e-04 
2.421108e-10 -3.350534e-04 
2.425466e-10 -3.529603e-04 
2.429825e-10 -3.696283e-04 
2.434183e-10 -3.850597e-04 
2.438542e-10 -3.992591e-04 
2.442900e-10 -4.122338e-04 
2.447259e-10 -4.239931e-04 
2.451617e-10 -4.345485e-04 
2.455975e-10 -4.439138e-04 
2.460334e-10 -4.521046e-04 
2.464692e-10 -4.591387e-04 
2.469051e-10 -4.650356e-04 
2.473409e-10 -4.698166e-04 
2.477768e-10 -4.735047e-04 
2.482126e-10 -4.761246e-04 
2.486484e-10 -4.777024e-04 
2.490843e-10 -4.782656e-04 
2.495201e-10 -4.778433e-04 
2.499560e-10 -4.764655e-04 
2.503918e-10 -4.741636e-04 
2.508277e-10 -4.709700e-04 
2.512635e-10 -4.669181e-04 
2.516993e-10 -4.620421e-04 
2.521352e-10 -4.563772e-04 
2.525710e-10 -4.499591e-04 
2.530069e-10 -4.428241e-04 
2.534427e-10 -4.350093e-04 
2.538786e-10 -4.265519e-04 
2.543144e-10 -4.174896e-04 
2.547502e-10 -4.078605e-04 
2.551861e-10 -3.977027e-04 
2.556219e-10 -3.870544e-04 
2.560578e-10 -3.759539e-04 
2.564936e-10 -3.644394e-04 
2.569295e-10 -3.525491e-04 
2.573653e-10 -3.403207e-04 
2.578011e-10 -3.277920e-04 
2.582370e-10 -3.150001e-04 
2.586728e-10 -3.019819e-04 
2.591087e-10 -2.887738e-04 
2.595445e-10 -2.754116e-04 
2.599804e-10 -2.619306e-04 
2.604162e-10 -2.483653e-04 
2.608520e-10 -2.347496e-04 
2.612879e-10 -2.211167e-04 
2.617237e-10 -2.074988e-04 
2.621596e-10 -1.939275e-04 
2.625954e-10 -1.804333e-04 
2.630313e-10 -1.670458e-04 
2.634671e-10 -1.537936e-04 
2.639029e-10 -1.407043e-04 
2.643388e-10 -1.278045e-04 
2.647746e-10 -1.151196e-04 
2.652105e-10 -1.026739e-04 
2.656463e-10 -9.049056e-05 
2.660822e-10 -7.859144e-05 
2.665180e-10 -6.699727e-05 
2.669538e-10 -5.572749e-05 
2.673897e-10 -4.480029e-05 
2.678255e-10 -3.423252e-05 
2.682614e-10 -2.403974e-05 
2.686972e-10 -1.423618e-05 
2.691331e-10 -4.834717e-06 
2.695689e-10 4.153128e-06 
2.700047e-10 1.271719e-05 
2.704406e-10 2.084866e-05 
2.708764e-10 2.854010e-05 
2.713123e-10 3.578542e-05 
2.717481e-10 4.257989e-05 
2.721840e-10 4.892010e-05 
2.726198e-10 5.480396e-05 
2.730556e-10 6.023069e-05 
2.734915e-10 6.520076e-05 
2.739273e-10 6.971590e-05 
2.743632e-10 7.377905e-05 
2.747990e-10 7.739431e-05 
2.752349e-10 8.056694e-05 
2.756707e-10 8.330327e-05 
2.761066e-10 8.561067e-05 
2.765424e-10 8.749754e-05 
2.769782e-10 8.897319e-05 
2.774141e-10 9.004782e-05 
2.778499e-10 9.073249e-05 
2.782858e-10 9.103902e-05 
2.787216e-10 9.097993e-05 
2.791575e-10 9.056843e-05 
2.795933e-10 8.981829e-05 
2.800291e-10 8.874384e-05 
2.804650e-10 8.735987e-05 
2.809008e-10 8.568159e-05 
2.813367e-10 8.372454e-05 
2.817725e-10 8.150459e-05 
2.822084e-10 7.903782e-05 
2.826442e-10 7.634048e-05 
2.830800e-10 7.342898e-05 
2.835159e-10 7.031977e-05 
2.839517e-10 6.702932e-05 
2.843876e-10 6.357411e-05 
2.848234e-10 5.997051e-05 
2.852593e-10 5.623479e-05 
2.856951e-10 5.238304e-05 
2.861309e-10 4.843120e-05 
2.865668e-10 4.439492e-05 
2.870026e-10 4.028962e-05 
2.874385e-10 3.613041e-05 
2.878743e-10 3.193207e-05 
2.883102e-10 2.770901e-05 
2.887460e-10 2.347528e-05 
2.891818e-10 1.924450e-05 
2.896177e-10 1.502987e-05 
2.900535e-10 1.084414e-05 
2.904894e-10 6.699589e-06 
2.909252e-10 2.608007e-06 
2.913611e-10 -1.419317e-06 
2.917969e-10 -5.371613e-06 
2.922327e-10 -9.238643e-06 
2.926686e-10 -1.301071e-05 
2.931044e-10 -1.667869e-05 
2.935403e-10 -2.023400e-05 
2.939761e-10 -2.366865e-05 
2.944120e-10 -2.697523e-05 
2.948478e-10 -3.014692e-05 
2.952836e-10 -3.317749e-05 
2.957195e-10 -3.606133e-05 
2.961553e-10 -3.879342e-05 
2.965912e-10 -4.136935e-05 
2.970270e-10 -4.378530e-05 
2.974629e-10 -4.603809e-05 
2.978987e-10 -4.812510e-05 
2.983345e-10 -5.004435e-05 
2.987704e-10 -5.179441e-05 
2.992062e-10 -5.337445e-05 
2.996421e-10 -5.478422e-05 
3.000779e-10 -5.602400e-05 
3.005138e-10 -5.709464e-05 
3.009496e-10 -5.799748e-05 
3.013854e-10 -5.873441e-05 
3.018213e-10 -5.930775e-05 
3.022571e-10 -5.972031e-05 
3.026930e-10 -5.997533e-05 
3.031288e-10 -6.007645e-05 
3.035647e-10 -6.002767e-05 
3.040005e-10 -5.983334e-05 
3.044363e-10 -5.949813e-05 
3.048722e-10 -5.902696e-05 
3.053080e-10 -5.842500e-05 
3.057439e-10 -5.769761e-05 
3.061797e-10 -5.685030e-05 
3.066156e-10 -5.588873e-05 
3.070514e-10 -5.481862e-05 
3.074872e-10 -5.364572e-05 
3.079231e-10 -5.237583e-05 
3.083589e-10 -5.101467e-05 
3.087948e-10 -4.956792e-05 
3.092306e-10 -4.804114e-05 
3.096665e-10 -4.643976e-05 
3.101023e-10 -4.476905e-05 
3.105381e-10 -4.303405e-05 
3.109740e-10 -4.123960e-05 
3.114098e-10 -3.939028e-05 
3.118457e-10 -3.749040e-05 
3.122815e-10 -3.554399e-05 
3.127174e-10 -3.355475e-05 
3.131532e-10 -3.152609e-05 
3.135890e-10 -2.946108e-05 
3.140249e-10 -2.736245e-05 
3.144607e-10 -2.523263e-05 
3.148966e-10 -2.307369e-05 
3.153324e-10 -2.088741e-05 
3.157683e-10 -1.867523e-05 
3.162041e-10 -1.643830e-05 
3.166400e-10 -1.417749e-05 
3.170758e-10 -1.189341e-05 
3.175116e-10 -9.586408e-06 
3.179475e-10 -7.256636e-06 
3.183833e-10 -4.904039e-06 
3.188192e-10 -2.528401e-06 
3.192550e-10 -1.293715e-07 
3.196909e-10 2.293503e-06 
3.201267e-10 4.740748e-06 
3.205625e-10 7.212928e-06 
3.209984e-10 9.710614e-06 
3.214342e-10 1.223435e-05 
3.218701e-10 1.478462e-05 
3.223059e-10 1.736182e-05 
3.227418e-10 1.996623e-05 
3.231776e-10 2.259796e-05 
3.236134e-10 2.525698e-05 
3.240493e-10 2.794303e-05 
3.244851e-10 3.065562e-05 
3.249210e-10 3.339406e-05 
3.253568e-10 3.615734e-05 
3.257927e-10 3.894421e-05 
3.262285e-10 4.175312e-05 
3.266643e-10 4.458223e-05 
3.271002e-10 4.742939e-05 
3.275360e-10 5.029213e-05 
3.279719e-10 5.316771e-05 
3.284077e-10 5.605305e-05 
3.288436e-10 5.894480e-05 
3.292794e-10 6.183932e-05 
3.297152e-10 6.473268e-05 
3.301511e-10 6.762072e-05 
3.305869e-10 7.049902e-05 
3.310228e-10 7.336294e-05 
3.314586e-10 7.620766e-05 
3.318945e-10 7.902817e-05 
3.323303e-10 8.181932e-05 
3.327661e-10 8.457582e-05 
3.332020e-10 8.729232e-05 
3.336378e-10 8.996338e-05 
3.340737e-10 9.258354e-05 
3.345095e-10 9.514734e-05 
3.349454e-10 9.764932e-05 
3.353812e-10 1.000841e-04 
3.358170e-10 1.024464e-04 
3.362529e-10 1.047311e-04 
3.366887e-10 1.069330e-04 
3.371246e-10 1.090474e-04 
3.375604e-10 1.110695e-04 
3.379963e-10 1.129950e-04 
3.384321e-10 1.148196e-04 
3.388679e-10 1.165394e-04 
3.393038e-10 1.181508e-04 
3.397396e-10 1.196504e-04 
3.401755e-10 1.210352e-04 
3.406113e-10 1.223025e-04 
3.410472e-10 1.234500e-04 
3.414830e-10 1.244757e-04 
3.419188e-10 1.253779e-04 
3.423547e-10 1.261555e-04 
3.427905e-10 1.268075e-04 
3.432264e-10 1.273334e-04 
3.436622e-10 1.277331e-04 
3.440981e-10 1.280067e-04 
3.445339e-10 1.281549e-04 
3.449697e-10 1.281785e-04 
3.454056e-10 1.280788e-04 
3.458414e-10 1.278574e-04 
3.462773e-10 1.275163e-04 
3.467131e-10 1.270575e-04 
3.471490e-10 1.264838e-04 
3.475848e-10 1.257977e-04 
3.480206e-10 1.250023e-04 
3.484565e-10 1.241010e-04 
3.488923e-10 1.230971e-04 
3.493282e-10 1.219944e-04 
3.497640e-10 1.207966e-04 
3.501999e-10 1.195078e-04 
3.506357e-10 1.181321e-04 
3.510715e-10 1.166737e-04 
3.515074e-10 1.151370e-04 
3.519432e-10 1.135263e-04 
3.523791e-10 1.118459e-04 
3.528149e-10 1.101004e-04 
3.532508e-10 1.082940e-04 
3.536866e-10 1.064313e-04 
3.541224e-10 1.045165e-04 
3.545583e-10 1.025538e-04 
3.549941e-10 1.005474e-04 
3.554300e-10 9.850130e-05 
3.558658e-10 9.641940e-05 
3.563017e-10 9.430542e-05 
3.567375e-10 9.216290e-05 
3.571734e-10 8.999522e-05 
3.576092e-10 8.780552e-05 
3.580450e-10 8.559672e-05 
3.584809e-10 8.337153e-05 
3.589167e-10 8.113239e-05 
3.593526e-10 7.888148e-05 
3.597884e-10 7.662072e-05 
3.602243e-10 7.435174e-05 
3.606601e-10 7.207592e-05 
3.610959e-10 6.979432e-05 
3.615318e-10 6.750772e-05 
3.619676e-10 6.521661e-05 
3.624035e-10 6.292120e-05 
3.628393e-10 6.062140e-05 
3.632752e-10 5.831683e-05 
3.637110e-10 5.600685e-05 
3.641468e-10 5.369053e-05 
3.645827e-10 5.136669e-05 
3.650185e-10 4.903389e-05 
3.654544e-10 4.669045e-05 
3.658902e-10 4.433447e-05 
3.663261e-10 4.196385e-05 
3.667619e-10 3.957626e-05 
3.671977e-10 3.716923e-05 
3.676336e-10 3.474011e-05 
3.680694e-10 3.228613e-05 
3.685053e-10 2.980439e-05 
3.689411e-10 2.729191e-05 
3.693770e-10 2.474561e-05 
3.698128e-10 2.216240e-05 
3.702486e-10 1.953914e-05 
3.706845e-10 1.687270e-05 
3.711203e-10 1.415997e-05 
3.715562e-10 1.139787e-05 
3.719920e-10 8.583430e-06 
3.724279e-10 5.713739e-06 
3.728637e-10 2.786020e-06 
3.732995e-10 -2.023698e-07 
3.737354e-10 -3.253909e-06 
3.741712e-10 -6.370897e-06 
3.746071e-10 -9.555428e-06 
3.750429e-10 -1.280938e-05 
3.754788e-10 -1.613439e-05 
3.759146e-10 -1.953185e-05 
3.763504e-10 -2.300287e-05 
3.767863e-10 -2.654830e-05 
3.772221e-10 -3.016867e-05 
3.776580e-10 -3.386424e-05 
3.780938e-10 -3.763493e-05 
3.785297e-10 -4.148036e-05 
3.789655e-10 -4.539984e-05 
3.794013e-10 -4.939233e-05 
3.798372e-10 -5.345647e-05 
3.802730e-10 -5.759060e-05 
3.807089e-10 -6.179270e-05 
3.811447e-10 -6.606046e-05 
3.815806e-10 -7.039123e-05 
3.820164e-10 -7.478207e-05 
3.824522e-10 -7.922974e-05 
3.828881e-10 -8.373069e-05 
3.833239e-10 -8.828110e-05 
3.837598e-10 -9.287687e-05 
3.841956e-10 -9.751367e-05 
3.846315e-10 -1.021869e-04 
3.850673e-10 -1.068917e-04 
3.855031e-10 -1.116231e-04 
3.859390e-10 -1.163758e-04 
3.863748e-10 -1.211443e-04 
3.868107e-10 -1.259232e-04 
3.872465e-10 -1.307066e-04 
3.876824e-10 -1.354886e-04 
3.881182e-10 -1.402632e-04 
3.885540e-10 -1.450244e-04 
3.889899e-10 -1.497659e-04 
3.894257e-10 -1.544814e-04 
3.898616e-10 -1.591646e-04 
3.902974e-10 -1.638091e-04 
3.907333e-10 -1.684084e-04 
3.911691e-10 -1.729562e-04 
3.916049e-10 -1.774460e-04 
3.920408e-10 -1.818713e-04 
3.924766e-10 -1.862257e-04 
3.929125e-10 -1.905028e-04 
3.933483e-10 -1.946962e-04 
3.937842e-10 -1.987996e-04 
3.942200e-10 -2.028067e-04 
3.946559e-10 -2.067112e-04 
3.950917e-10 -2.105069e-04 
3.955275e-10 -2.141877e-04 
3.959634e-10 -2.177475e-04 
3.963992e-10 -2.211804e-04 
3.968351e-10 -2.244803e-04 
3.972709e-10 -2.276413e-04 
3.977068e-10 -2.306577e-04 
3.981426e-10 -2.335236e-04 
3.985784e-10 -2.362334e-04 
3.990143e-10 -2.387814e-04 
3.994501e-10 -2.411620e-04 
3.998860e-10 -2.433698e-04 
4.003218e-10 -2.453993e-04 
4.007577e-10 -2.472451e-04 
4.011935e-10 -2.489019e-04 
4.016293e-10 -2.503644e-04 
4.020652e-10 -2.516275e-04 
4.025010e-10 -2.526861e-04 
4.029369e-10 -2.535351e-04 
4.033727e-10 -2.541697e-04 
4.038086e-10 -2.545851e-04 
4.042444e-10 -2.547766e-04 
4.046802e-10 -2.547396e-04 
4.051161e-10 -2.544697e-04 
4.055519e-10 -2.539627e-04 
4.059878e-10 -2.532145e-04 
4.064236e-10 -2.522213e-04 
4.068595e-10 -2.509795e-04 
4.072953e-10 -2.494858e-04 
4.077311e-10 -2.477371e-04 
4.081670e-10 -2.457307e-04 
4.086028e-10 -2.434642e-04 
4.090387e-10 -2.409356e-04 
4.094745e-10 -2.381434e-04 
4.099104e-10 -2.350864e-04 
4.103462e-10 -2.317640e-04 
4.107820e-10 -2.281762e-04 
4.112179e-10 -2.243233e-04 
4.116537e-10 -2.202065e-04 
4.120896e-10 -2.158274e-04 
4.125254e-10 -2.111885e-04 
4.129613e-10 -2.062926e-04 
4.133971e-10 -2.011437e-04 
4.138329e-10 -1.957463e-04 
4.142688e-10 -1.901055e-04 
4.147046e-10 -1.842276e-04 
4.151405e-10 -1.781193e-04 
4.155763e-10 -1.717883e-04 
4.160122e-10 -1.652433e-04 
4.164480e-10 -1.584933e-04 
4.168838e-10 -1.515487e-04 
4.173197e-10 -1.444204e-04 
4.177555e-10 -1.371200e-04 
4.181914e-10 -1.296601e-04 
4.186272e-10 -1.220538e-04 
4.190631e-10 -1.143151e-04 
4.194989e-10 -1.064586e-04 
4.199347e-10 -9.849951e-05 
4.203706e-10 -9.045353e-05 
4.208064e-10 -8.233698e-05 
4.212423e-10 -7.416656e-05 
4.216781e-10 -6.595938e-05 
4.221140e-10 -5.773287e-05 
4.225498e-10 -4.950466e-05 
4.229856e-10 -4.129259e-05 
4.234215e-10 -3.311453e-05 
4.238573e-10 -2.498840e-05 
4.242932e-10 -1.693200e-05 
4.247290e-10 -8.962982e-06 
4.251649e-10 -1.098752e-06 
4.256007e-10 6.643621e-06 
4.260365e-10 1.424748e-05 
4.264724e-10 2.169665e-05 
4.269082e-10 2.897552e-05 
4.273441e-10 3.606913e-05 
4.277799e-10 4.296322e-05 
4.282158e-10 4.964428e-05 
4.286516e-10 5.609966e-05 
4.290874e-10 6.231756e-05 
4.295233e-10 6.828711e-05 
4.299591e-10 7.399842e-05 
4.303950e-10 7.944259e-05 
4.308308e-10 8.461174e-05 
4.312667e-10 8.949903e-05 
4.317025e-10 9.409870e-05 
4.321383e-10 9.840601e-05 
4.325742e-10 1.024173e-04 
4.330100e-10 1.061300e-04 
4.334459e-10 1.095425e-04 
4.338817e-10 1.126543e-04 
4.343176e-10 1.154657e-04 
4.347534e-10 1.179782e-04 
4.351893e-10 1.201941e-04 
4.356251e-10 1.221164e-04 
4.360609e-10 1.237493e-04 
4.364968e-10 1.250973e-04 
4.369326e-10 1.261662e-04 
4.373685e-10 1.269618e-04 
4.378043e-10 1.274911e-04 
4.382402e-10 1.277613e-04 
4.386760e-10 1.277803e-04 
4.391118e-10 1.275561e-04 
4.395477e-10 1.270975e-04 
4.399835e-10 1.264134e-04 
4.404194e-10 1.255128e-04 
4.408552e-10 1.244052e-04 
4.412911e-10 1.231002e-04 
4.417269e-10 1.216073e-04 
4.421627e-10 1.199362e-04 
4.425986e-10 1.180968e-04 
4.430344e-10 1.160986e-04 
4.434703e-10 1.139513e-04 
4.439061e-10 1.116645e-04 
4.443420e-10 1.092476e-04 
4.447778e-10 1.067098e-04 
4.452136e-10 1.040605e-04 
4.456495e-10 1.013084e-04 
4.460853e-10 9.846230e-05 
4.465212e-10 9.553084e-05 
4.469570e-10 9.252232e-05 
4.473929e-10 8.944487e-05 
4.478287e-10 8.630637e-05 
4.482645e-10 8.311452e-05 
4.487004e-10 7.987676e-05 
4.491362e-10 7.660034e-05 
4.495721e-10 7.329227e-05 
4.500079e-10 6.995937e-05 
4.504438e-10 6.660824e-05 
4.508796e-10 6.324528e-05 
4.513154e-10 5.987671e-05 
4.517513e-10 5.650856e-05 
4.521871e-10 5.314667e-05 
4.526230e-10 4.979672e-05 
4.530588e-10 4.646420e-05 
4.534947e-10 4.315446e-05 
4.539305e-10 3.987267e-05 
4.543663e-10 3.662384e-05 
4.548022e-10 3.341283e-05 
4.552380e-10 3.024434e-05 
4.556739e-10 2.712292e-05 
4.561097e-10 2.405295e-05 
4.565456e-10 2.103865e-05 
4.569814e-10 1.808407e-05 
4.574172e-10 1.519311e-05 
4.578531e-10 1.236948e-05 
4.582889e-10 9.616702e-06 
4.587248e-10 6.938136e-06 
4.591606e-10 4.336931e-06 
4.595965e-10 1.816041e-06 
4.600323e-10 -6.217856e-07 
4.604681e-10 -2.974016e-06 
4.609040e-10 -5.238336e-06 
4.613398e-10 -7.412659e-06 
4.617757e-10 -9.495131e-06 
4.622115e-10 -1.148414e-05 
4.626474e-10 -1.337830e-05 
4.630832e-10 -1.517650e-05 
4.635190e-10 -1.687785e-05 
4.639549e-10 -1.848174e-05 
4.643907e-10 -1.998779e-05 
4.648266e-10 -2.139587e-05 
4.652624e-10 -2.270612e-05 
4.656983e-10 -2.391892e-05 
4.661341e-10 -2.503488e-05 
4.665699e-10 -2.605487e-05 
4.670058e-10 -2.697997e-05 
4.674416e-10 -2.781150e-05 
4.678775e-10 -2.855099e-05 
4.683133e-10 -2.920016e-05 
4.687492e-10 -2.976095e-05 
4.691850e-10 -3.023545e-05 
4.696208e-10 -3.062594e-05 
4.700567e-10 -3.093485e-05 
4.704925e-10 -3.116473e-05 
4.709284e-10 -3.131827e-05 
4.713642e-10 -3.139825e-05 
4.718001e-10 -3.140755e-05 
4.722359e-10 -3.134913e-05 
4.726717e-10 -3.122598e-05 
4.731076e-10 -3.104114e-05 
4.735434e-10 -3.079768e-05 
4.739793e-10 -3.049864e-05 
4.744151e-10 -3.014709e-05 
4.748510e-10 -2.974604e-05 
4.752868e-10 -2.929845e-05 
4.757227e-10 -2.880723e-05 
4.761585e-10 -2.827521e-05 
4.765943e-10 -2.770513e-05 
4.770302e-10 -2.709963e-05 
4.774660e-10 -2.646121e-05 
4.779019e-10 -2.579229e-05 
4.783377e-10 -2.509510e-05 
4.787736e-10 -2.437176e-05 
4.792094e-10 -2.362423e-05 
4.796452e-10 -2.285431e-05 
4.800811e-10 -2.206363e-05 
4.805169e-10 -2.125367e-05 
4.809528e-10 -2.042573e-05 
4.813886e-10 -1.958094e-05 
4.818245e-10 -1.872026e-05 
4.822603e-10 -1.784450e-05 
4.826961e-10 -1.695430e-05 
4.831320e-10 -1.605013e-05 
4.835678e-10 -1.513231e-05 
4.840037e-10 -1.420104e-05 
4.844395e-10 -1.325635e-05 
4.848754e-10 -1.229816e-05 
4.853112e-10 -1.132626e-05 
4.857470e-10 -1.034036e-05 
4.861829e-10 -9.340035e-06 
4.866187e-10 -8.324806e-06 
4.870546e-10 -7.294112e-06 
4.874904e-10 -6.247333e-06 
4.879263e-10 -5.183808e-06 
4.883621e-10 -4.102841e-06 
4.887979e-10 -3.003719e-06 
4.892338e-10 -1.885724e-06 
4.896696e-10 -7.481448e-07 
4.901055e-10 4.097097e-07 
4.905413e-10 1.588499e-06 
4.909772e-10 2.788839e-06 
4.914130e-10 4.011292e-06 
4.918488e-10 5.256359e-06 
4.922847e-10 6.524467e-06 
4.927205e-10 7.815966e-06 
4.931564e-10 9.131116e-06 
4.935922e-10 1.047009e-05 
4.940281e-10 1.183296e-05 
4.944639e-10 1.321972e-05 
4.948997e-10 1.463022e-05 
4.953356e-10 1.606426e-05 
4.957714e-10 1.752151e-05 
4.962073e-10 1.900155e-05 
4.966431e-10 2.050387e-05 
4.970790e-10 2.202787e-05 
4.975148e-10 2.357286e-05 
4.979506e-10 2.513808e-05 
4.983865e-10 2.672269e-05 
4.988223e-10 2.832580e-05 
4.992582e-10 2.994647e-05 
4.996940e-10 3.158370e-05 
5.001299e-10 3.323647e-05 
5.005657e-10 3.490374e-05 
5.010015e-10 3.658444e-05 
5.014374e-10 3.827753e-05 
5.018732e-10 3.998194e-05 
5.023091e-10 4.169665e-05 
5.027449e-10 4.342065e-05 
5.031808e-10 4.515297e-05 
5.036166e-10 4.689270e-05 
5.040524e-10 4.863897e-05 
5.044883e-10 5.039098e-05 
5.049241e-10 5.214799e-05 
5.053600e-10 5.390933e-05 
5.057958e-10 5.567442e-05 
5.062317e-10 5.744274e-05 
5.066675e-10 5.921387e-05 
5.071033e-10 6.098746e-05 
5.075392e-10 6.276324e-05 
5.079750e-10 6.454102e-05 
5.084109e-10 6.632069e-05 
5.088467e-10 6.810222e-05 
5.092826e-10 6.988561e-05 
5.097184e-10 7.167095e-05 
5.101542e-10 7.345838e-05 
5.105901e-10 7.524807e-05 
5.110259e-10 7.704024e-05 
5.114618e-10 7.883512e-05 
5.118976e-10 8.063296e-05 
5.123335e-10 8.243403e-05 
5.127693e-10 8.423856e-05 
5.132052e-10 8.604681e-05 
5.136410e-10 8.785897e-05 
5.140768e-10 8.967521e-05 
5.145127e-10 9.149565e-05 
5.149485e-10 9.332036e-05 
5.153844e-10 9.514932e-05 
5.158202e-10 9.698247e-05 
5.162561e-10 9.881963e-05 
5.166919e-10 1.006605e-04 
5.171277e-10 1.025049e-04 
5.175636e-10 1.043522e-04 
5.179994e-10 1.062018e-04 
5.184353e-10 1.080532e-04 
5.188711e-10 1.099056e-04 
5.193070e-10 1.117580e-04 
5.197428e-10 1.136096e-04 
5.201786e-10 1.154590e-04 
5.206145e-10 1.173053e-04 
5.210503e-10 1.191471e-04 
5.214862e-10 1.209829e-04 
5.219220e-10 1.228113e-04 
5.223579e-10 1.246308e-04 
5.227937e-10 1.264397e-04 
5.232295e-10 1.282363e-04 
5.236654e-10 1.300190e-04 
5.241012e-10 1.317858e-04 
5.245371e-10 1.335350e-04 
5.249729e-10 1.352648e-04 
5.254088e-10 1.369733e-04 
5.258446e-10 1.386588e-04 
5.262804e-10 1.403193e-04 
5.267163e-10 1.419531e-04 
5.271521e-10 1.435585e-04 
5.275880e-10 1.451337e-04 
5.280238e-10 1.466772e-04 
5.284597e-10 1.481873e-04 
5.288955e-10 1.496625e-04 
5.293313e-10 1.511016e-04 
5.297672e-10 1.525032e-04 
5.302030e-10 1.538661e-04 
5.306389e-10 1.551892e-04 
5.310747e-10 1.564717e-04 
5.315106e-10 1.577126e-04 
5.319464e-10 1.589114e-04 
5.323822e-10 1.600674e-04 
5.328181e-10 1.611803e-04 
5.332539e-10 1.622499e-04 
5.336898e-10 1.632759e-04 
5.341256e-10 1.642585e-04 
5.345615e-10 1.651979e-04 
5.349973e-10 1.660943e-04 
5.354331e-10 1.669483e-04 
5.358690e-10 1.677606e-04 
5.363048e-10 1.685320e-04 
5.367407e-10 1.692633e-04 
5.371765e-10 1.699558e-04 
5.376124e-10 1.706106e-04 
5.380482e-10 1.712292e-04 
5.384840e-10 1.718131e-04 
5.389199e-10 1.723640e-04 
5.393557e-10 1.728837e-04 
5.397916e-10 1.733742e-04 
5.402274e-10 1.738376e-04 
5.406633e-10 1.742761e-04 
5.410991e-10 1.746921e-04 
5.415349e-10 1.750880e-04 
5.419708e-10 1.754665e-04 
5.424066e-10 1.758303e-04 
5.428425e-10 1.761823e-04 
5.432783e-10 1.765253e-04 
5.437142e-10 1.768625e-04 
5.441500e-10 1.771971e-04 
5.445858e-10 1.775323e-04 
5.450217e-10 1.778714e-04 
5.454575e-10 1.782180e-04 
5.458934e-10 1.785755e-04 
5.463292e-10 1.789476e-04 
5.467651e-10 1.793380e-04 
5.472009e-10 1.797503e-04 
5.476367e-10 1.801884e-04 
5.480726e-10 1.806561e-04 
5.485084e-10 1.811573e-04 
5.489443e-10 1.816957e-04 
5.493801e-10 1.822754e-04 
5.498160e-10 1.829001e-04 
5.502518e-10 1.835738e-04 
5.506876e-10 1.843002e-04 
5.511235e-10 1.850831e-04 
5.515593e-10 1.859262e-04 
5.519952e-10 1.868331e-04 
5.524310e-10 1.878073e-04 
5.528669e-10 1.888522e-04 
5.533027e-10 1.899710e-04 
5.537386e-10 1.911668e-04 
5.541744e-10 1.924425e-04 
5.546102e-10 1.938007e-04 
5.550461e-10 1.952440e-04 
5.554819e-10 1.967745e-04 
5.559178e-10 1.983941e-04 
5.563536e-10 2.001045e-04 
5.567895e-10 2.019070e-04 
5.572253e-10 2.038026e-04 
5.576611e-10 2.057919e-04 
5.580970e-10 2.078752e-04 
5.585328e-10 2.100524e-04 
5.589687e-10 2.123229e-04 
5.594045e-10 2.146858e-04 
5.598404e-10 2.171397e-04 
5.602762e-10 2.196826e-04 
5.607120e-10 2.223124e-04 
5.611479e-10 2.250262e-04 
5.615837e-10 2.278207e-04 
5.620196e-10 2.306923e-04 
5.624554e-10 2.336366e-04 
5.628913e-10 2.366489e-04 
5.633271e-10 2.397242e-04 
5.637629e-10 2.428566e-04 
5.641988e-10 2.460400e-04 
5.646346e-10 2.492679e-04 
5.650705e-10 2.525333e-04 
5.655063e-10 2.558285e-04 
5.659422e-10 2.591458e-04 
5.663780e-10 2.624770e-04 
5.668138e-10 2.658133e-04 
5.672497e-10 2.691458e-04 
5.676855e-10 2.724654e-04 
5.681214e-10 2.757623e-04 
5.685572e-10 2.790269e-04 
5.689931e-10 2.822493e-04 
5.694289e-10 2.854191e-04 
5.698647e-10 2.885262e-04 
5.703006e-10 2.915602e-04 
5.707364e-10 2.945106e-04 
5.711723e-10 2.973671e-04 
5.716081e-10 3.001193e-04 
5.720440e-10 3.027567e-04 
5.724798e-10 3.052694e-04 
5.729156e-10 3.076471e-04 
5.733515e-10 3.098801e-04 
5.737873e-10 3.119588e-04 
5.742232e-10 3.138738e-04 
5.746590e-10 3.156162e-04 
5.750949e-10 3.171774e-04 
5.755307e-10 3.185490e-04 
5.759665e-10 3.197232e-04 
5.764024e-10 3.206927e-04 
5.768382e-10 3.214506e-04 
5.772741e-10 3.219904e-04 
5.777099e-10 3.223063e-04 
5.781458e-10 3.223928e-04 
5.785816e-10 3.222454e-04 
5.790174e-10 3.218596e-04 
5.794533e-10 3.212320e-04 
5.798891e-10 3.203594e-04 
5.803250e-10 3.192395e-04 
5.807608e-10 3.178702e-04 
5.811967e-10 3.162505e-04 
5.816325e-10 3.143795e-04 
5.820683e-10 3.122572e-04 
5.825042e-10 3.098841e-04 
5.829400e-10 3.072610e-04 
5.833759e-10 3.043897e-04 
5.838117e-10 3.012721e-04 
5.842476e-10 2.979108e-04 
5.846834e-10 2.943089e-04 
5.851192e-10 2.904699e-04 
5.855551e-10 2.863977e-04 
5.859909e-10 2.820967e-04 
5.864268e-10 2.775716e-04 
5.868626e-10 2.728275e-04 
5.872985e-10 2.678699e-04 
5.877343e-10 2.627045e-04 
5.881701e-10 2.573372e-04 
5.886060e-10 2.517745e-04 
5.890418e-10 2.460227e-04 
5.894777e-10 2.400885e-04 
5.899135e-10 2.339789e-04 
5.903494e-10 2.277009e-04 
5.907852e-10 2.212615e-04 
5.912211e-10 2.146681e-04 
5.916569e-10 2.079279e-04 
5.920927e-10 2.010484e-04 
5.925286e-10 1.940369e-04 
5.929644e-10 1.869009e-04 
5.934003e-10 1.796480e-04 
5.938361e-10 1.722854e-04 
5.942720e-10 1.648206e-04 
5.947078e-10 1.572609e-04 
5.951436e-10 1.496137e-04 
5.955795e-10 1.418862e-04 
5.960153e-10 1.340856e-04 
5.964512e-10 1.262189e-04 
5.968870e-10 1.182931e-04 
5.973229e-10 1.103151e-04 
5.977587e-10 1.022916e-04 
5.981945e-10 9.422926e-05 
5.986304e-10 8.613466e-05 
5.990662e-10 7.801419e-05 
5.995021e-10 6.987414e-05 
5.999379e-10 6.172066e-05 
6.003738e-10 5.355981e-05 
6.008096e-10 4.539750e-05 
6.012454e-10 3.723955e-05 
6.016813e-10 2.909162e-05 
6.021171e-10 2.095930e-05 
6.025530e-10 1.284806e-05 
6.029888e-10 4.763247e-06 
6.034247e-10 -3.289865e-06 
6.038605e-10 -1.130610e-05 
6.042963e-10 -1.928037e-05 
6.047322e-10 -2.720766e-05 
6.051680e-10 -3.508301e-05 
6.056039e-10 -4.290153e-05 
6.060397e-10 -5.065838e-05 
6.064756e-10 -5.834875e-05 
6.069114e-10 -6.596788e-05 
6.073472e-10 -7.351101e-05 
6.077831e-10 -8.097342e-05 
6.082189e-10 -8.835036e-05 
6.086548e-10 -9.563712e-05 
6.090906e-10 -1.028290e-04 
6.095265e-10 -1.099211e-04 
6.099623e-10 -1.169088e-04 
6.103981e-10 -1.237872e-04 
6.108340e-10 -1.305515e-04 
6.112698e-10 -1.371969e-04 
6.117057e-10 -1.437184e-04 
6.121415e-10 -1.501111e-04 
6.125774e-10 -1.563700e-04 
6.130132e-10 -1.624901e-04 
6.134490e-10 -1.684664e-04 
6.138849e-10 -1.742939e-04 
6.143207e-10 -1.799674e-04 
6.147566e-10 -1.854820e-04 
6.151924e-10 -1.908325e-04 
6.156283e-10 -1.960140e-04 
6.160641e-10 -2.010213e-04 
6.164999e-10 -2.058495e-04 
6.169358e-10 -2.104936e-04 
6.173716e-10 -2.149489e-04 
6.178075e-10 -2.192105e-04 
6.182433e-10 -2.232737e-04 
6.186792e-10 -2.271341e-04 
6.191150e-10 -2.307870e-04 
6.195508e-10 -2.342284e-04 
6.199867e-10 -2.374540e-04 
6.204225e-10 -2.404600e-04 
6.208584e-10 -2.432425e-04 
6.212942e-10 -2.457981e-04 
6.217301e-10 -2.481235e-04 
6.221659e-10 -2.502156e-04 
6.226017e-10 -2.520716e-04 
6.230376e-10 -2.536890e-04 
6.234734e-10 -2.550654e-04 
6.239093e-10 -2.561989e-04 
6.243451e-10 -2.570877e-04 
6.247810e-10 -2.577304e-04 
6.252168e-10 -2.581259e-04 
6.256526e-10 -2.582733e-04 
6.260885e-10 -2.581721e-04 
6.265243e-10 -2.578221e-04 
6.269602e-10 -2.572231e-04 
6.273960e-10 -2.563757e-04 
6.278319e-10 -2.552804e-04 
6.282677e-10 -2.539381e-04 
6.287035e-10 -2.523500e-04 
6.291394e-10 -2.505177e-04 
6.295752e-10 -2.484427e-04 
6.300111e-10 -2.461271e-04 
6.304469e-10 -2.435732e-04 
6.308828e-10 -2.407835e-04 
6.313186e-10 -2.377608e-04 
6.317545e-10 -2.345080e-04 
6.321903e-10 -2.310284e-04 
6.326261e-10 -2.273256e-04 
6.330620e-10 -2.234033e-04 
6.334978e-10 -2.192654e-04 
6.339337e-10 -2.149162e-04 
6.343695e-10 -2.103601e-04 
6.348054e-10 -2.056020e-04 
6.352412e-10 -2.006466e-04 
6.356770e-10 -1.954993e-04 
6.361129e-10 -1.901656e-04 
6.365487e-10 -1.846512e-04 
6.369846e-10 -1.789621e-04 
6.374204e-10 -1.731047e-04 
6.378563e-10 -1.670857e-04 
6.382921e-10 -1.609119e-04 
6.387279e-10 -1.545906e-04 
6.391638e-10 -1.481294e-04 
6.395996e-10 -1.415363e-04 
6.400355e-10 -1.348195e-04 
6.404713e-10 -1.279876e-04 
6.409072e-10 -1.210498e-04 
6.413430e-10 -1.140153e-04 
6.417788e-10 -1.068940e-04 
6.422147e-10 -9.969603e-05 
6.426505e-10 -9.243187e-05 
6.430864e-10 -8.511249e-05 
6.435222e-10 -7.774917e-05 
6.439581e-10 -7.035360e-05 
6.443939e-10 -6.293783e-05 
6.448297e-10 -5.551424e-05 
6.452656e-10 -4.809557e-05 
6.457014e-10 -4.069486e-05 
6.461373e-10 -3.332545e-05 
6.465731e-10 -2.600095e-05 
6.470090e-10 -1.873521e-05 
6.474448e-10 -1.154226e-05 
6.478806e-10 -4.436327e-06 
6.483165e-10 2.568268e-06 
6.487523e-10 9.457109e-06 
6.491882e-10 1.621575e-05 
6.496240e-10 2.282978e-05 
6.500599e-10 2.928483e-05 
6.504957e-10 3.556670e-05 
6.509315e-10 4.166135e-05 
6.513674e-10 4.755500e-05 
6.518032e-10 5.323418e-05 
6.522391e-10 5.868580e-05 
6.526749e-10 6.389719e-05 
6.531108e-10 6.885620e-05 
6.535466e-10 7.355124e-05 
6.539824e-10 7.797134e-05 
6.544183e-10 8.210624e-05 
6.548541e-10 8.594641e-05 
6.552900e-10 8.948313e-05 
6.557258e-10 9.270856e-05 
6.561617e-10 9.561575e-05 
6.565975e-10 9.819874e-05 
6.570333e-10 1.004525e-04 
6.574692e-10 1.023732e-04 
6.579050e-10 1.039580e-04 
6.583409e-10 1.052051e-04 
6.587767e-10 1.061139e-04 
6.592126e-10 1.066849e-04 
6.596484e-10 1.069200e-04 
6.600842e-10 1.068219e-04 
6.605201e-10 1.063947e-04 
6.609559e-10 1.056436e-04 
6.613918e-10 1.045749e-04 
6.618276e-10 1.031961e-04 
6.622635e-10 1.015157e-04 
6.626993e-10 9.954338e-05 
6.631351e-10 9.728974e-05 
6.635710e-10 9.476637e-05 
6.640068e-10 9.198578e-05 
6.644427e-10 8.896137e-05 
6.648785e-10 8.570730e-05 
6.653144e-10 8.223850e-05 
6.657502e-10 7.857053e-05 
6.661860e-10 7.471957e-05 
6.666219e-10 7.070229e-05 
6.670577e-10 6.653581e-05 
6.674936e-10 6.223757e-05 
6.679294e-10 5.782531e-05 
6.683653e-10 5.331694e-05 
6.688011e-10 4.873048e-05 
6.692369e-10 4.408395e-05 
6.696728e-10 3.939532e-05 
6.701086e-10 3.468240e-05 
6.705445e-10 2.996279e-05 
6.709803e-10 2.525378e-05 
6.714162e-10 2.057228e-05 
6.718520e-10 1.593476e-05 
6.722879e-10 1.135717e-05 
6.727237e-10 6.854890e-06 
6.731595e-10 2.442664e-06 
6.735954e-10 -1.865456e-06 
6.740312e-10 -6.056152e-06 
6.744671e-10 -1.011689e-05 
6.749029e-10 -1.403596e-05 
6.753388e-10 -1.780250e-05 
6.757746e-10 -2.140653e-05 
6.762104e-10 -2.483899e-05 
6.766463e-10 -2.809175e-05 
6.770821e-10 -3.115759e-05 
6.775180e-10 -3.403027e-05 
6.779538e-10 -3.670449e-05 
6.783897e-10 -3.917590e-05 
6.788255e-10 -4.144109e-05 
6.792613e-10 -4.349762e-05 
6.796972e-10 -4.534394e-05 
6.801330e-10 -4.697943e-05 
6.805689e-10 -4.840435e-05 
6.810047e-10 -4.961983e-05 
6.814406e-10 -5.062786e-05 
6.818764e-10 -5.143121e-05 
6.823122e-10 -5.203347e-05 
6.827481e-10 -5.243896e-05 
6.831839e-10 -5.265275e-05 
6.836198e-10 -5.268056e-05 
6.840556e-10 -5.252880e-05 
6.844915e-10 -5.220447e-05 
6.849273e-10 -5.171517e-05 
6.853631e-10 -5.106902e-05 
6.857990e-10 -5.027469e-05 
6.862348e-10 -4.934128e-05 
6.866707e-10 -4.827835e-05 
6.871065e-10 -4.709585e-05 
6.875424e-10 -4.580410e-05 
6.879782e-10 -4.441374e-05 
6.884140e-10 -4.293571e-05 
6.888499e-10 -4.138121e-05 
6.892857e-10 -3.976169e-05 
6.897216e-10 -3.808877e-05 
6.901574e-10 -3.637424e-05 
6.905933e-10 -3.463003e-05 
6.910291e-10 -3.286818e-05 
6.914649e-10 -3.110080e-05 
6.919008e-10 -2.934005e-05 
6.923366e-10 -2.759810e-05 
6.927725e-10 -2.588713e-05 
6.932083e-10 -2.421926e-05 
6.936442e-10 -2.260658e-05 
6.940800e-10 -2.106105e-05 
6.945158e-10 -1.959456e-05 
6.949517e-10 -1.821883e-05 
6.953875e-10 -1.694542e-05 
6.958234e-10 -1.578570e-05 
6.962592e-10 -1.475083e-05 
6.966951e-10 -1.385173e-05 
6.971309e-10 -1.309904e-05 
6.975667e-10 -1.250311e-05 
6.980026e-10 -1.207399e-05 
6.984384e-10 -1.182136e-05 
6.988743e-10 -1.175457e-05 
6.993101e-10 -1.188254e-05 
6.997460e-10 -1.221379e-05 
7.001818e-10 -1.275641e-05 
7.006176e-10 -1.351801e-05 
7.010535e-10 -1.450572e-05 
7.014893e-10 -1.572615e-05 
7.019252e-10 -1.718539e-05 
7.023610e-10 -1.888894e-05 
7.027969e-10 -2.084177e-05 
7.032327e-10 -2.304821e-05 
7.036685e-10 -2.551198e-05 
7.041044e-10 -2.823618e-05 
7.045402e-10 -3.122324e-05 
7.049761e-10 -3.447492e-05 
7.054119e-10 -3.799229e-05 
7.058478e-10 -4.177573e-05 
7.062836e-10 -4.582489e-05 
7.067194e-10 -5.013873e-05 
7.071553e-10 -5.471544e-05 
7.075911e-10 -5.955251e-05 
7.080270e-10 -6.464666e-05 
7.084628e-10 -6.999389e-05 
7.088987e-10 -7.558945e-05 
7.093345e-10 -8.142784e-05 
7.097704e-10 -8.750284e-05 
7.102062e-10 -9.380749e-05 
7.106420e-10 -1.003341e-04 
7.110779e-10 -1.070743e-04 
7.115137e-10 -1.140191e-04 
7.119496e-10 -1.211586e-04 
7.123854e-10 -1.284825e-04 
7.128213e-10 -1.359797e-04 
7.132571e-10 -1.436385e-04 
7.136929e-10 -1.514468e-04 
7.141288e-10 -1.593918e-04 
7.145646e-10 -1.674601e-04 
7.150005e-10 -1.756379e-04 
7.154363e-10 -1.839111e-04 
7.158722e-10 -1.922648e-04 
7.163080e-10 -2.006841e-04 
7.167438e-10 -2.091535e-04 
7.171797e-10 -2.176574e-04 
7.176155e-10 -2.261799e-04 
7.180514e-10 -2.347048e-04 
7.184872e-10 -2.432158e-04 
7.189231e-10 -2.516965e-04 
7.193589e-10 -2.601305e-04 
7.197947e-10 -2.685012e-04 
7.202306e-10 -2.767921e-04 
7.206664e-10 -2.849870e-04 
7.211023e-10 -2.930696e-04 
7.215381e-10 -3.010238e-04 
7.219740e-10 -3.088338e-04 
7.224098e-10 -3.164840e-04 
7.228456e-10 -3.239591e-04 
7.232815e-10 -3.312443e-04 
7.237173e-10 -3.383252e-04 
7.241532e-10 -3.451877e-04 
7.245890e-10 -3.518182e-04 
7.250249e-10 -3.582038e-04 
7.254607e-10 -3.643320e-04 
7.258965e-10 -3.701911e-04 
7.263324e-10 -3.757697e-04 
7.267682e-10 -3.810573e-04 
7.272041e-10 -3.860442e-04 
7.276399e-10 -3.907210e-04 
7.280758e-10 -3.950795e-04 
7.285116e-10 -3.991119e-04 
7.289474e-10 -4.028113e-04 
7.293833e-10 -4.061716e-04 
7.298191e-10 -4.091875e-04 
7.302550e-10 -4.118543e-04 
7.306908e-10 -4.141683e-04 
7.311267e-10 -4.161266e-04 
7.315625e-10 -4.177269e-04 
7.319983e-10 -4.189678e-04 
7.324342e-10 -4.198488e-04 
7.328700e-10 -4.203700e-04 
7.333059e-10 -4.205321e-04 
7.337417e-10 -4.203370e-04 
7.341776e-10 -4.197869e-04 
7.346134e-10 -4.188849e-04 
7.350492e-10 -4.176347e-04 
7.354851e-10 -4.160407e-04 
7.359209e-10 -4.141078e-04 
7.363568e-10 -4.118416e-04 
7.367926e-10 -4.092484e-04 
7.372285e-10 -4.063348e-04 
7.376643e-10 -4.031080e-04 
7.381001e-10 -3.995758e-04 
7.385360e-10 -3.957462e-04 
7.389718e-10 -3.916278e-04 
7.394077e-10 -3.872296e-04 
7.398435e-10 -3.825608e-04 
7.402794e-10 -3.776311e-04 
7.407152e-10 -3.724503e-04 
7.411510e-10 -3.670287e-04 
7.415869e-10 -3.613767e-04 
7.420227e-10 -3.555047e-04 
7.424586e-10 -3.494237e-04 
7.428944e-10 -3.431445e-04 
7.433303e-10 -3.366780e-04 
7.437661e-10 -3.300356e-04 
7.442019e-10 -3.232283e-04 
7.446378e-10 -3.162674e-04 
7.450736e-10 -3.091642e-04 
7.455095e-10 -3.019299e-04 
7.459453e-10 -2.945758e-04 
7.463812e-10 -2.871131e-04 
7.468170e-10 -2.795530e-04 
7.472528e-10 -2.719066e-04 
7.476887e-10 -2.641850e-04 
7.481245e-10 -2.563992e-04 
7.485604e-10 -2.485599e-04 
7.489962e-10 -2.406778e-04 
7.494321e-10 -2.327637e-04 
7.498679e-10 -2.248280e-04 
7.503038e-10 -2.168811e-04 
7.507396e-10 -2.089330e-04 
7.511754e-10 -2.009939e-04 
7.516113e-10 -1.930736e-04 
7.520471e-10 -1.851818e-04 
7.524830e-10 -1.773280e-04 
7.529188e-10 -1.695215e-04 
7.533547e-10 -1.617715e-04 
7.537905e-10 -1.540867e-04 
7.542263e-10 -1.464760e-04 
7.546622e-10 -1.389479e-04 
7.550980e-10 -1.315105e-04 
7.555339e-10 -1.241719e-04 
7.559697e-10 -1.169398e-04 
7.564056e-10 -1.098218e-04 
7.568414e-10 -1.028252e-04 
7.572772e-10 -9.595689e-05 
7.577131e-10 -8.922359e-05 
7.581489e-10 -8.263172e-05 
7.585848e-10 -7.618739e-05 
7.590206e-10 -6.989639e-05 
7.594565e-10 -6.376420e-05 
7.598923e-10 -5.779596e-05 
7.603281e-10 -5.199648e-05 
7.607640e-10 -4.637018e-05 
7.611998e-10 -4.092118e-05 
7.616357e-10 -3.565317e-05 
7.620715e-10 -3.056950e-05 
7.625074e-10 -2.567312e-05 
7.629432e-10 -2.096656e-05 
7.633790e-10 -1.645198e-05 
7.638149e-10 -1.213111e-05 
7.642507e-10 -8.005270e-06 
7.646866e-10 -4.075360e-06 
7.651224e-10 -3.418511e-07 
7.655583e-10 3.195213e-06 
7.659941e-10 6.536220e-06 
7.664299e-10 9.681987e-06 
7.668658e-10 1.263376e-05 
7.673016e-10 1.539323e-05 
7.677375e-10 1.796249e-05 
7.681733e-10 2.034407e-05 
7.686092e-10 2.254092e-05 
7.690450e-10 2.455640e-05 
7.694808e-10 2.639427e-05 
7.699167e-10 2.805870e-05 
7.703525e-10 2.955422e-05 
7.707884e-10 3.088575e-05 
7.712242e-10 3.205858e-05 
7.716601e-10 3.307832e-05 
7.720959e-10 3.395093e-05 
7.725317e-10 3.468267e-05 
7.729676e-10 3.528013e-05 
7.734034e-10 3.575014e-05 
7.738393e-10 3.609979e-05 
7.742751e-10 3.633644e-05 
7.747110e-10 3.646762e-05 
7.751468e-10 3.650108e-05 
7.755826e-10 3.644473e-05 
7.760185e-10 3.630660e-05 
7.764543e-10 3.609485e-05 
7.768902e-10 3.581774e-05 
7.773260e-10 3.548355e-05 
7.777619e-10 3.510063e-05 
7.781977e-10 3.467730e-05 
7.786335e-10 3.422187e-05 
7.790694e-10 3.374258e-05 
7.795052e-10 3.324758e-05 
7.799411e-10 3.274491e-05 
7.803769e-10 3.224246e-05 
7.808128e-10 3.174792e-05 
7.812486e-10 3.126880e-05 
7.816844e-10 3.081235e-05 
7.821203e-10 3.038556e-05 
7.825561e-10 2.999512e-05 
7.829920e-10 2.964741e-05 
7.834278e-10 2.934846e-05 
7.838637e-10 2.910391e-05 
7.842995e-10 2.891902e-05 
7.847353e-10 2.879864e-05 
7.851712e-10 2.874716e-05 
7.856070e-10 2.876853e-05 
7.860429e-10 2.886625e-05 
7.864787e-10 2.904329e-05 
7.869146e-10 2.930217e-05 
7.873504e-10 2.964488e-05 
7.877862e-10 3.007290e-05 
7.882221e-10 3.058720e-05 
7.886579e-10 3.118824e-05 
7.890938e-10 3.187595e-05 
7.895296e-10 3.264976e-05 
7.899655e-10 3.350857e-05 
7.904013e-10 3.445082e-05 
7.908372e-10 3.547443e-05 
7.912730e-10 3.657687e-05 
7.917088e-10 3.775511e-05 
7.921447e-10 3.900574e-05 
7.925805e-10 4.032487e-05 
7.930164e-10 4.170826e-05 
7.934522e-10 4.315126e-05 
7.938881e-10 4.464889e-05 
7.943239e-10 4.619582e-05 
7.947597e-10 4.778646e-05 
7.951956e-10 4.941493e-05 
7.956314e-10 5.107511e-05 
7.960673e-10 5.276069e-05 
7.965031e-10 5.446516e-05 
7.969390e-10 5.618187e-05 
7.973748e-10 5.790408e-05 
7.978106e-10 5.962493e-05 
7.982465e-10 6.133753e-05 
7.986823e-10 6.303495e-05 
7.991182e-10 6.471027e-05 
7.995540e-10 6.635662e-05 
7.999899e-10 6.796718e-05 
8.004257e-10 6.953521e-05 
8.008615e-10 7.105410e-05 
8.012974e-10 7.251736e-05 
8.017332e-10 7.391869e-05 
8.021691e-10 7.525195e-05 
8.026049e-10 7.651122e-05 
8.030408e-10 7.769079e-05 
8.034766e-10 7.878522e-05 
8.039124e-10 7.978930e-05 
8.043483e-10 8.069812e-05 
8.047841e-10 8.150704e-05 
8.052200e-10 8.221174e-05 
8.056558e-10 8.280822e-05 
8.060917e-10 8.329278e-05 
8.065275e-10 8.366208e-05 
8.069633e-10 8.391313e-05 
8.073992e-10 8.404327e-05 
8.078350e-10 8.405022e-05 
8.082709e-10 8.393206e-05 
8.087067e-10 8.368725e-05 
8.091426e-10 8.331461e-05 
8.095784e-10 8.281336e-05 
8.100142e-10 8.218307e-05 
8.104501e-10 8.142374e-05 
8.108859e-10 8.053572e-05 
8.113218e-10 7.951976e-05 
8.117576e-10 7.837699e-05 
8.121935e-10 7.710893e-05 
8.126293e-10 7.571747e-05 
8.130651e-10 7.420489e-05 
8.135010e-10 7.257384e-05 
8.139368e-10 7.082733e-05 
8.143727e-10 6.896874e-05 
8.148085e-10 6.700181e-05 
8.152444e-10 6.493061e-05 
8.156802e-10 6.275956e-05 
8.161160e-10 6.049340e-05 
8.165519e-10 5.813718e-05 
8.169877e-10 5.569626e-05 
8.174236e-10 5.317627e-05 
8.178594e-10 5.058313e-05 
8.182953e-10 4.792299e-05 
8.187311e-10 4.520226e-05 
8.191669e-10 4.242755e-05 
8.196028e-10 3.960566e-05 
8.200386e-10 3.674360e-05 
8.204745e-10 3.384848e-05 
8.209103e-10 3.092759e-05 
8.213462e-10 2.798829e-05 
8.217820e-10 2.503806e-05 
8.222178e-10 2.208439e-05 
8.226537e-10 1.913486e-05 
8.230895e-10 1.619701e-05 
8.235254e-10 1.327838e-05 
8.239612e-10 1.038649e-05 
8.243971e-10 7.528755e-06 
8.248329e-10 4.712521e-06 
8.252687e-10 1.945011e-06 
8.257046e-10 -7.666938e-07 
8.261404e-10 -3.415674e-06 
8.265763e-10 -5.995199e-06 
8.270121e-10 -8.498746e-06 
8.274480e-10 -1.092002e-05 
8.278838e-10 -1.325299e-05 
8.283197e-10 -1.549186e-05 
8.287555e-10 -1.763115e-05 
8.291913e-10 -1.966567e-05 
8.296272e-10 -2.159055e-05 
8.300630e-10 -2.340124e-05 
8.304989e-10 -2.509354e-05 
8.309347e-10 -2.666361e-05 
8.313706e-10 -2.810795e-05 
8.318064e-10 -2.942346e-05 
8.322422e-10 -3.060738e-05 
8.326781e-10 -3.165737e-05 
8.331139e-10 -3.257144e-05 
8.335498e-10 -3.334800e-05 
8.339856e-10 -3.398585e-05 
8.344215e-10 -3.448419e-05 
8.348573e-10 -3.484258e-05 
8.352931e-10 -3.506098e-05 
8.357290e-10 -3.513971e-05 
8.361648e-10 -3.507949e-05 
8.366007e-10 -3.488138e-05 
8.370365e-10 -3.454681e-05 
8.374724e-10 -3.407757e-05 
8.379082e-10 -3.347577e-05 
8.383440e-10 -3.274387e-05 
8.387799e-10 -3.188464e-05 
8.392157e-10 -3.090115e-05 
8.396516e-10 -2.979678e-05 
8.400874e-10 -2.857519e-05 
8.405233e-10 -2.724029e-05 
8.409591e-10 -2.579627e-05 
8.413949e-10 -2.424753e-05 
8.418308e-10 -2.259871e-05 
8.422666e-10 -2.085467e-05 
8.427025e-10 -1.902044e-05 
8.431383e-10 -1.710123e-05 
8.435742e-10 -1.510242e-05 
8.440100e-10 -1.302954e-05 
8.444458e-10 -1.088824e-05 
8.448817e-10 -8.684267e-06 
8.453175e-10 -6.423499e-06 
8.457534e-10 -4.111876e-06 
8.461892e-10 -1.755410e-06 
8.466251e-10 6.398331e-07 
8.470609e-10 3.067750e-06 
8.474967e-10 5.522211e-06 
8.479326e-10 7.997075e-06 
8.483684e-10 1.048620e-05 
8.488043e-10 1.298347e-05 
8.492401e-10 1.548278e-05 
8.496760e-10 1.797805e-05 
8.501118e-10 2.046328e-05 
8.505476e-10 2.293251e-05 
8.509835e-10 2.537984e-05 
8.514193e-10 2.779946e-05 
8.518552e-10 3.018563e-05 
8.522910e-10 3.253273e-05 
8.527269e-10 3.483521e-05 
8.531627e-10 3.708765e-05 
8.535985e-10 3.928475e-05 
8.540344e-10 4.142132e-05 
8.544702e-10 4.349232e-05 
8.549061e-10 4.549285e-05 
8.553419e-10 4.741814e-05 
8.557778e-10 4.926361e-05 
8.562136e-10 5.102481e-05 
8.566494e-10 5.269748e-05 
8.570853e-10 5.427755e-05 
8.575211e-10 5.576113e-05 
8.579570e-10 5.714452e-05 
8.583928e-10 5.842426e-05 
8.588287e-10 5.959707e-05 
8.592645e-10 6.065994e-05 
8.597003e-10 6.161006e-05 
8.601362e-10 6.244490e-05 
8.605720e-10 6.316218e-05 
8.610079e-10 6.375987e-05 
8.614437e-10 6.423627e-05 
8.618796e-10 6.458992e-05 
8.623154e-10 6.481969e-05 
8.627512e-10 6.492475e-05 
8.631871e-10 6.490460e-05 
8.636229e-10 6.475906e-05 
8.640588e-10 6.448829e-05 
8.644946e-10 6.409278e-05 
8.649305e-10 6.357338e-05 
8.653663e-10 6.293129e-05 
8.658021e-10 6.216806e-05 
8.662380e-10 6.128558e-05 
8.666738e-10 6.028612e-05 
8.671097e-10 5.917228e-05 
8.675455e-10 5.794700e-05 
8.679814e-10 5.661359e-05 
8.684172e-10 5.517566e-05 
8.688531e-10 5.363715e-05 
8.692889e-10 5.200230e-05 
8.697247e-10 5.027567e-05 
8.701606e-10 4.846205e-05 
8.705964e-10 4.656653e-05 
8.710323e-10 4.459441e-05 
8.714681e-10 4.255121e-05 
8.719040e-10 4.044265e-05 
8.723398e-10 3.827459e-05 
8.727756e-10 3.605306e-05 
8.732115e-10 3.378417e-05 
8.736473e-10 3.147413e-05 
8.740832e-10 2.912920e-05 
8.745190e-10 2.675566e-05 
8.749549e-10 2.435977e-05 
8.753907e-10 2.194778e-05 
8.758265e-10 1.952585e-05 
8.762624e-10 1.710006e-05 
8.766982e-10 1.467635e-05 
8.771341e-10 1.226053e-05 
8.775699e-10 9.858226e-06 
8.780058e-10 7.474868e-06 
8.784416e-10 5.115664e-06 
8.788774e-10 2.785584e-06 
8.793133e-10 4.893405e-07 
8.797491e-10 -1.768626e-06 
8.801850e-10 -3.984161e-06 
8.806208e-10 -6.153404e-06 
8.810567e-10 -8.272798e-06 
8.814925e-10 -1.033909e-05 
8.819283e-10 -1.234936e-05 
8.823642e-10 -1.430095e-05 
8.828000e-10 -1.619156e-05 
8.832359e-10 -1.801915e-05 
8.836717e-10 -1.978201e-05 
8.841076e-10 -2.147870e-05 
8.845434e-10 -2.310803e-05 
8.849792e-10 -2.466909e-05 
8.854151e-10 -2.616122e-05 
8.858509e-10 -2.758397e-05 
8.862868e-10 -2.893709e-05 
8.867226e-10 -3.022053e-05 
8.871585e-10 -3.143442e-05 
8.875943e-10 -3.257901e-05 
8.880301e-10 -3.365470e-05 
8.884660e-10 -3.466199e-05 
8.889018e-10 -3.560147e-05 
8.893377e-10 -3.647379e-05 
8.897735e-10 -3.727966e-05 
8.902094e-10 -3.801982e-05 
8.906452e-10 -3.869503e-05 
8.910810e-10 -3.930605e-05 
8.915169e-10 -3.985365e-05 
8.919527e-10 -4.033855e-05 
8.923886e-10 -4.076145e-05 
8.928244e-10 -4.112304e-05 
8.932603e-10 -4.142393e-05 
8.936961e-10 -4.166472e-05 
8.941319e-10 -4.184596e-05 
8.945678e-10 -4.196813e-05 
8.950036e-10 -4.203170e-05 
8.954395e-10 -4.203710e-05 
8.958753e-10 -4.198472e-05 
8.963112e-10 -4.187493e-05 
8.967470e-10 -4.170809e-05 
8.971828e-10 -4.148457e-05 
8.976187e-10 -4.120473e-05 
8.980545e-10 -4.086896e-05 
8.984904e-10 -4.047768e-05 
8.989262e-10 -4.003136e-05 
8.993621e-10 -3.953053e-05 
8.997979e-10 -3.897578e-05 
9.002337e-10 -3.836778e-05 
9.006696e-10 -3.770731e-05 
9.011054e-10 -3.699523e-05 
9.015413e-10 -3.623254e-05 
9.019771e-10 -3.542032e-05 
9.024130e-10 -3.455981e-05 
9.028488e-10 -3.365236e-05 
9.032846e-10 -3.269946e-05 
9.037205e-10 -3.170273e-05 
9.041563e-10 -3.066391e-05 
9.045922e-10 -2.958490e-05 
9.050280e-10 -2.846770e-05 
9.054639e-10 -2.731443e-05 
9.058997e-10 -2.612733e-05 
9.063356e-10 -2.490873e-05 
9.067714e-10 -2.366107e-05 
9.072072e-10 -2.238685e-05 
9.076431e-10 -2.108863e-05 
9.080789e-10 -1.976904e-05 
9.085148e-10 -1.843073e-05 
9.089506e-10 -1.707636e-05 
9.093865e-10 -1.570861e-05 
9.098223e-10 -1.433012e-05 
9.102581e-10 -1.294354e-05 
9.106940e-10 -1.155142e-05 
9.111298e-10 -1.015628e-05 
9.115657e-10 -8.760552e-06 
9.120015e-10 -7.366580e-06 
9.124374e-10 -5.976597e-06 
9.128732e-10 -4.592722e-06 
9.133090e-10 -3.216948e-06 
9.137449e-10 -1.851131e-06 
9.141807e-10 -4.969884e-07 
9.146166e-10 8.439102e-07 
9.150524e-10 2.170144e-06 
9.154883e-10 3.480441e-06 
9.159241e-10 4.773681e-06 
9.163599e-10 6.048888e-06 
9.167958e-10 7.305229e-06 
9.172316e-10 8.542008e-06 
9.176675e-10 9.758655e-06 
9.181033e-10 1.095472e-05 
9.185392e-10 1.212986e-05 
9.189750e-10 1.328384e-05 
9.194108e-10 1.441648e-05 
9.198467e-10 1.552770e-05 
9.202825e-10 1.661747e-05 
9.207184e-10 1.768579e-05 
9.211542e-10 1.873270e-05 
9.215901e-10 1.975824e-05 
9.220259e-10 2.076246e-05 
9.224617e-10 2.174539e-05 
9.228976e-10 2.270703e-05 
9.233334e-10 2.364735e-05 
9.237693e-10 2.456625e-05 
9.242051e-10 2.546359e-05 
9.246410e-10 2.633914e-05 
9.250768e-10 2.719262e-05 
9.255126e-10 2.802362e-05 
9.259485e-10 2.883170e-05 
9.263843e-10 2.961629e-05 
9.268202e-10 3.037675e-05 
9.272560e-10 3.111234e-05 
9.276919e-10 3.182223e-05 
9.281277e-10 3.250553e-05 
9.285635e-10 3.316126e-05 
9.289994e-10 3.378836e-05 
9.294352e-10 3.438573e-05 
9.298711e-10 3.495221e-05 
9.303069e-10 3.548659e-05 
9.307428e-10 3.598766e-05 
9.311786e-10 3.645416e-05 
9.316144e-10 3.688484e-05 
9.320503e-10 3.727849e-05 
9.324861e-10 3.763389e-05 
9.329220e-10 3.794986e-05 
9.333578e-10 3.822531e-05 
9.337937e-10 3.845917e-05 
9.342295e-10 3.865048e-05 
9.346653e-10 3.879837e-05 
9.351012e-10 3.890207e-05 
9.355370e-10 3.896093e-05 
9.359729e-10 3.897442e-05 
9.364087e-10 3.894216e-05 
9.368446e-10 3.886388e-05 
9.372804e-10 3.873952e-05 
9.377162e-10 3.856911e-05 
9.381521e-10 3.835288e-05 
9.385879e-10 3.809121e-05 
9.390238e-10 3.778466e-05 
9.394596e-10 3.743392e-05 
9.398955e-10 3.703987e-05 
9.403313e-10 3.660355e-05 
9.407671e-10 3.612613e-05 
9.412030e-10 3.560895e-05 
9.416388e-10 3.505350e-05 
9.420747e-10 3.446138e-05 
9.425105e-10 3.383435e-05 
9.429464e-10 3.317427e-05 
9.433822e-10 3.248310e-05 
9.438180e-10 3.176292e-05 
9.442539e-10 3.101588e-05 
9.446897e-10 3.024421e-05 
9.451256e-10 2.945020e-05 
9.455614e-10 2.863621e-05 
9.459973e-10 2.780460e-05 
9.464331e-10 2.695780e-05 
9.468690e-10 2.609823e-05 
9.473048e-10 2.522831e-05 
9.477406e-10 2.435046e-05 
9.481765e-10 2.346708e-05 
9.486123e-10 2.258055e-05 
9.490482e-10 2.169318e-05 
9.494840e-10 2.080726e-05 
9.499199e-10 1.992502e-05 
9.503557e-10 1.904859e-05 
9.507915e-10 1.818008e-05 
9.512274e-10 1.732147e-05 
9.516632e-10 1.647469e-05 
9.520991e-10 1.564157e-05 
9.525349e-10 1.482382e-05 
9.529708e-10 1.402310e-05 
9.534066e-10 1.324094e-05 
9.538424e-10 1.247877e-05 
9.542783e-10 1.173793e-05 
9.547141e-10 1.101965e-05 
9.551500e-10 1.032505e-05 
9.555858e-10 9.655162e-06 
9.560217e-10 9.010922e-06 
9.564575e-10 8.393160e-06 
9.568933e-10 7.802616e-06 
9.573292e-10 7.239939e-06 
9.577650e-10 6.705692e-06 
9.582009e-10 6.200352e-06 
9.586367e-10 5.724319e-06 
9.590726e-10 5.277919e-06 
9.595084e-10 4.861406e-06 
9.599442e-10 4.474968e-06 
9.603801e-10 4.118734e-06 
9.608159e-10 3.792773e-06 
9.612518e-10 3.497103e-06 
9.616876e-10 3.231696e-06 
9.621235e-10 2.996478e-06 
9.625593e-10 2.791337e-06 
9.629951e-10 2.616124e-06 
9.634310e-10 2.470658e-06 
9.638668e-10 2.354731e-06 
9.643027e-10 2.268107e-06 
9.647385e-10 2.210527e-06 
9.651744e-10 2.181714e-06 
9.656102e-10 2.181368e-06 
9.660460e-10 2.209176e-06 
9.664819e-10 2.264808e-06 
9.669177e-10 2.347917e-06 
9.673536e-10 2.458147e-06 
9.677894e-10 2.595125e-06 
9.682253e-10 2.758465e-06 
9.686611e-10 2.947767e-06 
9.690969e-10 3.162618e-06 
9.695328e-10 3.402589e-06 
9.699686e-10 3.667236e-06 
9.704045e-10 3.956094e-06 
9.708403e-10 4.268684e-06 
9.712762e-10 4.604504e-06 
9.717120e-10 4.963028e-06 
9.721478e-10 5.343709e-06 
9.725837e-10 5.745973e-06 
9.730195e-10 6.169217e-06 
9.734554e-10 6.612807e-06 
9.738912e-10 7.076079e-06 
9.743271e-10 7.558334e-06 
9.747629e-10 8.058836e-06 
9.751987e-10 8.576812e-06 
9.756346e-10 9.111448e-06 
9.760704e-10 9.661892e-06 
9.765063e-10 1.022724e-05 
9.769421e-10 1.080657e-05 
9.773780e-10 1.139887e-05 
9.778138e-10 1.200313e-05 
9.782496e-10 1.261827e-05 
9.786855e-10 1.324315e-05 
9.791213e-10 1.387663e-05 
9.795572e-10 1.451747e-05 
9.799930e-10 1.516443e-05 
9.804289e-10 1.581620e-05 
9.808647e-10 1.647143e-05 
9.813005e-10 1.712876e-05 
9.817364e-10 1.778675e-05 
9.821722e-10 1.844395e-05 
9.826081e-10 1.909889e-05 
9.830439e-10 1.975003e-05 
9.834798e-10 2.039586e-05 
9.839156e-10 2.103481e-05 
9.843514e-10 2.166532e-05 
9.847873e-10 2.228581e-05 
9.852231e-10 2.289470e-05 
9.856590e-10 2.349041e-05 
9.860948e-10 2.407137e-05 
9.865307e-10 2.463604e-05 
9.869665e-10 2.518287e-05 
9.874024e-10 2.571038e-05 
9.878382e-10 2.621710e-05 
9.882740e-10 2.670162e-05 
9.887099e-10 2.716257e-05 
9.891457e-10 2.759866e-05 
9.895816e-10 2.800864e-05 
9.900174e-10 2.839135e-05 
9.904533e-10 2.874574e-05 
9.908891e-10 2.907080e-05 
9.913249e-10 2.936565e-05 
9.917608e-10 2.962953e-05 
9.921966e-10 2.986174e-05 
9.926325e-10 3.006175e-05 
9.930683e-10 3.022912e-05 
9.935042e-10 3.036354e-05 
9.939400e-10 3.046485e-05 
9.943758e-10 3.053300e-05 
9.948117e-10 3.056809e-05 
9.952475e-10 3.057036e-05 
9.956834e-10 3.054017e-05 
9.961192e-10 3.047803e-05 
9.965551e-10 3.038459e-05 
9.969909e-10 3.026062e-05 
9.974267e-10 3.010704e-05 
9.978626e-10 2.992487e-05 
9.982984e-10 2.971527e-05 
9.987343e-10 2.947949e-05 
9.991701e-10 2.921891e-05 
9.996060e-10 2.893498e-05 
