2.179215e-13 0 
6.537645e-13 0 
1.089608e-12 0 
1.525451e-12 0 
1.961294e-12 0 
2.397137e-12 0 
2.832980e-12 0 
3.268823e-12 0 
3.704666e-12 0 
4.140509e-12 0 
4.576352e-12 0 
5.012195e-12 0 
5.448038e-12 0 
5.883881e-12 0 
6.319724e-12 0 
6.755567e-12 0 
7.191410e-12 0 
7.627253e-12 0 
8.063096e-12 0 
8.498939e-12 0 
8.934782e-12 0 
9.370625e-12 0 
9.806468e-12 0 
1.024231e-11 0 
1.067815e-11 0 
1.111400e-11 0 
1.154984e-11 0 
1.198568e-11 0 
1.242153e-11 0 
1.285737e-11 0 
1.329321e-11 0 
1.372905e-11 0 
1.416490e-11 0 
1.460074e-11 0 
1.503658e-11 0 
1.547243e-11 0 
1.590827e-11 0 
1.634411e-11 0 
1.677996e-11 0 
1.721580e-11 0 
1.765164e-11 0 
1.808749e-11 0 
1.852333e-11 0 
1.895917e-11 0 
1.939501e-11 0 
1.983086e-11 0 
2.026670e-11 0 
2.070254e-11 0 
2.113839e-11 0 
2.157423e-11 0 
2.201007e-11 0 
2.244592e-11 0 
2.288176e-11 0 
2.331760e-11 0 
2.375344e-11 0 
2.418929e-11 0 
2.462513e-11 0 
2.506097e-11 0 
2.549682e-11 0 
2.593266e-11 0 
2.636850e-11 0 
2.680435e-11 0 
2.724019e-11 0 
2.767603e-11 0 
2.811187e-11 0 
2.854772e-11 0 
2.898356e-11 0 
2.941940e-11 0 
2.985525e-11 0 
3.029109e-11 0 
3.072693e-11 0 
3.116278e-11 0 
3.159862e-11 0 
3.203446e-11 0 
3.247030e-11 0 
3.290615e-11 0 
3.334199e-11 0 
3.377783e-11 0 
3.421368e-11 0 
3.464952e-11 0 
3.508536e-11 0 
3.552121e-11 0 
3.595705e-11 0 
3.639289e-11 0 
3.682873e-11 0 
3.726458e-11 0 
3.770042e-11 0 
3.813626e-11 0 
3.857211e-11 0 
3.900795e-11 0 
3.944379e-11 0 
3.987964e-11 0 
4.031548e-11 0 
4.075132e-11 0 
4.118716e-11 0 
4.162301e-11 0 
4.205885e-11 0 
4.249469e-11 0 
4.293054e-11 0 
4.336638e-11 0 
4.380222e-11 0 
4.423807e-11 0 
4.467391e-11 0 
4.510975e-11 3.267439e-146 
4.554560e-11 -1.157735e-42 
4.598144e-11 -4.412319e-41 
4.641728e-11 -1.495606e-39 
4.685312e-11 -2.856673e-38 
4.728897e-11 -4.803758e-37 
4.772481e-11 -6.036135e-36 
4.816065e-11 -6.716599e-35 
4.859650e-11 -6.227633e-34 
4.903234e-11 -5.160009e-33 
4.946818e-11 -3.761230e-32 
4.990403e-11 -2.478334e-31 
5.033987e-11 -1.478599e-30 
5.077571e-11 -8.076198e-30 
5.121155e-11 -4.060588e-29 
5.164740e-11 -1.890461e-28 
5.208324e-11 -8.190421e-28 
5.251908e-11 -3.316082e-27 
5.295493e-11 -1.259510e-26 
5.339077e-11 -4.502664e-26 
5.382661e-11 -1.519549e-25 
5.426246e-11 -4.853732e-25 
5.469830e-11 -1.470812e-24 
5.513414e-11 -4.236946e-24 
5.556998e-11 -1.162388e-23 
5.600583e-11 -3.041910e-23 
5.644167e-11 -7.604088e-23 
5.687751e-11 -1.817948e-22 
5.731336e-11 -4.161060e-22 
5.774920e-11 -9.126364e-22 
5.818504e-11 -1.919457e-21 
5.862089e-11 -3.873421e-21 
5.905673e-11 -7.502894e-21 
5.949257e-11 -1.395385e-20 
5.992841e-11 -2.491899e-20 
6.036426e-11 -4.272650e-20 
6.080010e-11 -7.031718e-20 
6.123594e-11 -1.110139e-19 
6.167179e-11 -1.679803e-19 
6.210763e-11 -2.432919e-19 
6.254347e-11 -3.366190e-19 
6.297932e-11 -4.436474e-19 
6.341516e-11 -5.545100e-19 
6.385100e-11 -6.526334e-19 
6.428684e-11 -7.144217e-19 
6.472269e-11 -7.100488e-19 
6.515853e-11 -6.052762e-19 
6.559437e-11 -3.637048e-19 
6.603022e-11 5.164902e-20 
6.646606e-11 6.788416e-19 
6.690190e-11 1.560822e-18 
6.733775e-11 2.753210e-18 
6.777359e-11 4.335623e-18 
6.820943e-11 6.425223e-18 
6.864527e-11 9.190607e-18 
6.908112e-11 1.286465e-17 
6.951696e-11 1.775643e-17 
6.995280e-11 2.426409e-17 
7.038865e-11 3.289252e-17 
7.082449e-11 4.428044e-17 
7.126033e-11 5.924025e-17 
7.169618e-11 7.881335e-17 
7.213202e-11 1.043412e-16 
7.256786e-11 1.375515e-16 
7.300371e-11 1.806631e-16 
7.343955e-11 2.365122e-16 
7.387539e-11 3.087106e-16 
7.431123e-11 4.018485e-16 
7.474708e-11 5.217510e-16 
7.518292e-11 6.758057e-16 
7.561876e-11 8.733720e-16 
7.605461e-11 1.126284e-15 
7.649045e-11 1.449475e-15 
7.692629e-11 1.861747e-15 
7.736214e-11 2.386720e-15 
7.779798e-11 3.054021e-15 
7.823382e-11 3.900746e-15 
7.866966e-11 4.973269e-15 
7.910551e-11 6.329469e-15 
7.954135e-11 8.041446e-15 
7.997719e-11 1.019886e-14 
8.041304e-11 1.291300e-14 
8.084888e-11 1.632177e-14 
8.128472e-11 2.059575e-14 
8.172057e-11 2.594560e-14 
8.215641e-11 3.263100e-14 
8.259225e-11 4.097153e-14 
8.302809e-11 5.135980e-14 
8.346394e-11 6.427728e-14 
8.389978e-11 8.031343e-14 
8.433562e-11 1.001887e-13 
8.477147e-11 1.247820e-13 
8.520731e-11 1.551641e-13 
8.564315e-11 1.926368e-13 
8.607900e-11 2.387803e-13 
8.651484e-11 2.955098e-13 
8.695068e-11 3.651419e-13 
8.738652e-11 4.504746e-13 
8.782237e-11 5.548813e-13 
8.825821e-11 6.824224e-13 
8.869405e-11 8.379766e-13 
8.912990e-11 1.027397e-12 
8.956574e-11 1.257691e-12 
9.000158e-11 1.537239e-12 
9.043743e-11 1.876040e-12 
9.087327e-11 2.286011e-12 
9.130911e-11 2.781324e-12 
9.174495e-11 3.378809e-12 
9.218080e-11 4.098419e-12 
9.261664e-11 4.963766e-12 
9.305248e-11 6.002749e-12 
9.348833e-11 7.248273e-12 
9.392417e-11 8.739086e-12 
9.436001e-11 1.052073e-11 
9.479586e-11 1.264667e-11 
9.523170e-11 1.517952e-11 
9.566754e-11 1.819253e-11 
9.610338e-11 2.177121e-11 
9.653923e-11 2.601525e-11 
9.697507e-11 3.104064e-11 
9.741091e-11 3.698215e-11 
9.784676e-11 4.399604e-11 
9.828260e-11 5.226325e-11 
9.871844e-11 6.199289e-11 
9.915429e-11 7.342625e-11 
9.959013e-11 8.684125e-11 
1.000260e-10 1.025575e-10 
1.004618e-10 1.209417e-10 
1.008977e-10 1.424144e-10 
1.013335e-10 1.674564e-10 
1.017693e-10 1.966170e-10 
1.022052e-10 2.305222e-10 
1.026410e-10 2.698847e-10 
1.030769e-10 3.155138e-10 
1.035127e-10 3.683278e-10 
1.039486e-10 4.293659e-10 
1.043844e-10 4.998030e-10 
1.048202e-10 5.809641e-10 
1.052561e-10 6.743417e-10 
1.056919e-10 7.816136e-10 
1.061278e-10 9.046625e-10 
1.065636e-10 1.045597e-09 
1.069995e-10 1.206776e-09 
1.074353e-10 1.390832e-09 
1.078711e-10 1.600695e-09 
1.083070e-10 1.839629e-09 
1.087428e-10 2.111252e-09 
1.091787e-10 2.419576e-09 
1.096145e-10 2.769037e-09 
1.100504e-10 3.164530e-09 
1.104862e-10 3.611451e-09 
1.109220e-10 4.115733e-09 
1.113579e-10 4.683885e-09 
1.117937e-10 5.323042e-09 
1.122296e-10 6.041001e-09 
1.126654e-10 6.846270e-09 
1.131013e-10 7.748115e-09 
1.135371e-10 8.756605e-09 
1.139729e-10 9.882657e-09 
1.144088e-10 1.113809e-08 
1.148446e-10 1.253567e-08 
1.152805e-10 1.408914e-08 
1.157163e-10 1.581329e-08 
1.161522e-10 1.772398e-08 
1.165880e-10 1.983821e-08 
1.170238e-10 2.217410e-08 
1.174597e-10 2.475098e-08 
1.178955e-10 2.758937e-08 
1.183314e-10 3.071106e-08 
1.187672e-10 3.413907e-08 
1.192031e-10 3.789767e-08 
1.196389e-10 4.201241e-08 
1.200748e-10 4.651007e-08 
1.205106e-10 5.141865e-08 
1.209464e-10 5.676735e-08 
1.213823e-10 6.258652e-08 
1.218181e-10 6.890759e-08 
1.222540e-10 7.576297e-08 
1.226898e-10 8.318601e-08 
1.231257e-10 9.121087e-08 
1.235615e-10 9.987233e-08 
1.239973e-10 1.092058e-07 
1.244332e-10 1.192468e-07 
1.248690e-10 1.300313e-07 
1.253049e-10 1.415951e-07 
1.257407e-10 1.539736e-07 
1.261766e-10 1.672016e-07 
1.266124e-10 1.813134e-07 
1.270482e-10 1.963416e-07 
1.274841e-10 2.123178e-07 
1.279199e-10 2.292713e-07 
1.283558e-10 2.472294e-07 
1.287916e-10 2.662165e-07 
1.292275e-10 2.862541e-07 
1.296633e-10 3.073600e-07 
1.300991e-10 3.295478e-07 
1.305350e-10 3.528267e-07 
1.309708e-10 3.772006e-07 
1.314067e-10 4.026680e-07 
1.318425e-10 4.292209e-07 
1.322784e-10 4.568446e-07 
1.327142e-10 4.855171e-07 
1.331500e-10 5.152085e-07 
1.335859e-10 5.458802e-07 
1.340217e-10 5.774846e-07 
1.344576e-10 6.099643e-07 
1.348934e-10 6.432518e-07 
1.353293e-10 6.772685e-07 
1.357651e-10 7.119247e-07 
1.362009e-10 7.471189e-07 
1.366368e-10 7.827370e-07 
1.370726e-10 8.186523e-07 
1.375085e-10 8.547250e-07 
1.379443e-10 8.908017e-07 
1.383802e-10 9.267152e-07 
1.388160e-10 9.622844e-07 
1.392518e-10 9.973139e-07 
1.396877e-10 1.031594e-06 
1.401235e-10 1.064901e-06 
1.405594e-10 1.096997e-06 
1.409952e-10 1.127629e-06 
1.414311e-10 1.156532e-06 
1.418669e-10 1.183426e-06 
1.423027e-10 1.208020e-06 
1.427386e-10 1.230007e-06 
1.431744e-10 1.249072e-06 
1.436103e-10 1.264888e-06 
1.440461e-10 1.277117e-06 
1.444820e-10 1.285412e-06 
1.449178e-10 1.289420e-06 
1.453536e-10 1.288780e-06 
1.457895e-10 1.283125e-06 
1.462253e-10 1.272085e-06 
1.466612e-10 1.255290e-06 
1.470970e-10 1.232366e-06 
1.475329e-10 1.202942e-06 
1.479687e-10 1.166652e-06 
1.484045e-10 1.123132e-06 
1.488404e-10 1.072028e-06 
1.492762e-10 1.012994e-06 
1.497121e-10 9.456982e-07 
1.501479e-10 8.698200e-07 
1.505838e-10 7.850571e-07 
1.510196e-10 6.911256e-07 
1.514554e-10 5.877629e-07 
1.518913e-10 4.747302e-07 
1.523271e-10 3.518149e-07 
1.527630e-10 2.188328e-07 
1.531988e-10 7.563059e-08 
1.536347e-10 -7.791153e-08 
1.540705e-10 -2.418780e-07 
1.545063e-10 -4.163156e-07 
1.549422e-10 -6.012310e-07 
1.553780e-10 -7.965893e-07 
1.558139e-10 -1.002312e-06 
1.562497e-10 -1.218274e-06 
1.566856e-10 -1.444305e-06 
1.571214e-10 -1.680185e-06 
1.575572e-10 -1.925645e-06 
1.579931e-10 -2.180363e-06 
1.584289e-10 -2.443968e-06 
1.588648e-10 -2.716036e-06 
1.593006e-10 -2.996089e-06 
1.597365e-10 -3.283597e-06 
1.601723e-10 -3.577977e-06 
1.606082e-10 -3.878594e-06 
1.610440e-10 -4.184759e-06 
1.614798e-10 -4.495733e-06 
1.619157e-10 -4.810727e-06 
1.623515e-10 -5.128903e-06 
1.627874e-10 -5.449374e-06 
1.632232e-10 -5.771210e-06 
1.636591e-10 -6.093436e-06 
1.640949e-10 -6.415038e-06 
1.645307e-10 -6.734959e-06 
1.649666e-10 -7.052113e-06 
1.654024e-10 -7.365375e-06 
1.658383e-10 -7.673597e-06 
1.662741e-10 -7.975600e-06 
1.667100e-10 -8.270186e-06 
1.671458e-10 -8.556140e-06 
1.675816e-10 -8.832231e-06 
1.680175e-10 -9.097221e-06 
1.684533e-10 -9.349863e-06 
1.688892e-10 -9.588915e-06 
1.693250e-10 -9.813134e-06 
1.697609e-10 -1.002129e-05 
1.701967e-10 -1.021216e-05 
1.706325e-10 -1.038456e-05 
1.710684e-10 -1.053730e-05 
1.715042e-10 -1.066924e-05 
1.719401e-10 -1.077926e-05 
1.723759e-10 -1.086630e-05 
1.728118e-10 -1.092932e-05 
1.732476e-10 -1.096735e-05 
1.736834e-10 -1.097944e-05 
1.741193e-10 -1.096474e-05 
1.745551e-10 -1.092244e-05 
1.749910e-10 -1.085179e-05 
1.754268e-10 -1.075212e-05 
1.758627e-10 -1.062284e-05 
1.762985e-10 -1.046344e-05 
1.767343e-10 -1.027347e-05 
1.771702e-10 -1.005259e-05 
1.776060e-10 -9.800548e-06 
1.780419e-10 -9.517163e-06 
1.784777e-10 -9.202366e-06 
1.789136e-10 -8.856178e-06 
1.793494e-10 -8.478717e-06 
1.797852e-10 -8.070203e-06 
1.802211e-10 -7.630953e-06 
1.806569e-10 -7.161387e-06 
1.810928e-10 -6.662027e-06 
1.815286e-10 -6.133493e-06 
1.819645e-10 -5.576511e-06 
1.824003e-10 -4.991903e-06 
1.828361e-10 -4.380591e-06 
1.832720e-10 -3.743595e-06 
1.837078e-10 -3.082032e-06 
1.841437e-10 -2.397109e-06 
1.845795e-10 -1.690125e-06 
1.850154e-10 -9.624667e-07 
1.854512e-10 -2.156048e-07 
1.858870e-10 5.489104e-07 
1.863229e-10 1.329452e-06 
1.867587e-10 2.124323e-06 
1.871946e-10 2.931757e-06 
1.876304e-10 3.749928e-06 
1.880663e-10 4.576953e-06 
1.885021e-10 5.410898e-06 
1.889379e-10 6.249783e-06 
1.893738e-10 7.091592e-06 
1.898096e-10 7.934274e-06 
1.902455e-10 8.775752e-06 
1.906813e-10 9.613929e-06 
1.911172e-10 1.044670e-05 
1.915530e-10 1.127194e-05 
1.919888e-10 1.208755e-05 
1.924247e-10 1.289141e-05 
1.928605e-10 1.368143e-05 
1.932964e-10 1.445555e-05 
1.937322e-10 1.521172e-05 
1.941681e-10 1.594793e-05 
1.946039e-10 1.666223e-05 
1.950397e-10 1.735269e-05 
1.954756e-10 1.801746e-05 
1.959114e-10 1.865475e-05 
1.963473e-10 1.926283e-05 
1.967831e-10 1.984003e-05 
1.972190e-10 2.038479e-05 
1.976548e-10 2.089563e-05 
1.980907e-10 2.137114e-05 
1.985265e-10 2.181003e-05 
1.989623e-10 2.221110e-05 
1.993982e-10 2.257325e-05 
1.998340e-10 2.289550e-05 
2.002699e-10 2.317697e-05 
2.007057e-10 2.341693e-05 
2.011416e-10 2.361472e-05 
2.015774e-10 2.376983e-05 
2.020132e-10 2.388188e-05 
2.024491e-10 2.395060e-05 
2.028849e-10 2.397585e-05 
2.033208e-10 2.395762e-05 
2.037566e-10 2.389603e-05 
2.041925e-10 2.379132e-05 
2.046283e-10 2.364387e-05 
2.050641e-10 2.345417e-05 
2.055000e-10 2.322285e-05 
2.059358e-10 2.295065e-05 
2.063717e-10 2.263845e-05 
2.068075e-10 2.228723e-05 
2.072434e-10 2.189809e-05 
2.076792e-10 2.147224e-05 
2.081150e-10 2.101101e-05 
2.085509e-10 2.051582e-05 
2.089867e-10 1.998821e-05 
2.094226e-10 1.942979e-05 
2.098584e-10 1.884229e-05 
2.102943e-10 1.822749e-05 
2.107301e-10 1.758728e-05 
2.111659e-10 1.692361e-05 
2.116018e-10 1.623851e-05 
2.120376e-10 1.553407e-05 
2.124735e-10 1.481242e-05 
2.129093e-10 1.407578e-05 
2.133452e-10 1.332637e-05 
2.137810e-10 1.256649e-05 
2.142168e-10 1.179844e-05 
2.146527e-10 1.102457e-05 
2.150885e-10 1.024725e-05 
2.155244e-10 9.468855e-06 
2.159602e-10 8.691772e-06 
2.163961e-10 7.918397e-06 
2.168319e-10 7.151123e-06 
2.172677e-10 6.392336e-06 
2.177036e-10 5.644409e-06 
2.181394e-10 4.909700e-06 
2.185753e-10 4.190542e-06 
2.190111e-10 3.489245e-06 
2.194470e-10 2.808087e-06 
2.198828e-10 2.149309e-06 
2.203186e-10 1.515117e-06 
2.207545e-10 9.076714e-07 
2.211903e-10 3.290887e-07 
2.216262e-10 -2.185642e-07 
2.220620e-10 -7.332718e-07 
2.224979e-10 -1.213073e-06 
2.229337e-10 -1.656063e-06 
2.233695e-10 -2.060396e-06 
2.238054e-10 -2.424285e-06 
2.242412e-10 -2.746008e-06 
2.246771e-10 -3.023903e-06 
2.251129e-10 -3.256374e-06 
2.255488e-10 -3.441889e-06 
2.259846e-10 -3.578981e-06 
2.264204e-10 -3.666249e-06 
2.268563e-10 -3.702360e-06 
2.272921e-10 -3.686044e-06 
2.277280e-10 -3.616098e-06 
2.281638e-10 -3.491383e-06 
2.285997e-10 -3.310824e-06 
2.290355e-10 -3.073412e-06 
2.294713e-10 -2.778198e-06 
2.299072e-10 -2.424296e-06 
2.303430e-10 -2.010879e-06 
2.307789e-10 -1.537180e-06 
2.312147e-10 -1.002491e-06 
2.316506e-10 -4.061577e-07 
2.320864e-10 2.524185e-07 
2.325222e-10 9.737827e-07 
2.329581e-10 1.758429e-06 
2.333939e-10 2.606800e-06 
2.338298e-10 3.519293e-06 
2.342656e-10 4.496256e-06 
2.347015e-10 5.537991e-06 
2.351373e-10 6.644761e-06 
2.355731e-10 7.816780e-06 
2.360090e-10 9.054228e-06 
2.364448e-10 1.035724e-05 
2.368807e-10 1.172592e-05 
2.373165e-10 1.316033e-05 
2.377524e-10 1.466049e-05 
2.381882e-10 1.622640e-05 
2.386241e-10 1.785802e-05 
2.390599e-10 1.955527e-05 
2.394957e-10 2.131805e-05 
2.399316e-10 2.314622e-05 
2.403674e-10 2.503962e-05 
2.408033e-10 2.699804e-05 
2.412391e-10 2.902127e-05 
2.416750e-10 3.110904e-05 
2.421108e-10 3.326108e-05 
2.425466e-10 3.547706e-05 
2.429825e-10 3.775666e-05 
2.434183e-10 4.009949e-05 
2.438542e-10 4.250518e-05 
2.442900e-10 4.497329e-05 
2.447259e-10 4.750338e-05 
2.451617e-10 5.009498e-05 
2.455975e-10 5.274757e-05 
2.460334e-10 5.546065e-05 
2.464692e-10 5.823367e-05 
2.469051e-10 6.106604e-05 
2.473409e-10 6.395718e-05 
2.477768e-10 6.690647e-05 
2.482126e-10 6.991327e-05 
2.486484e-10 7.297694e-05 
2.490843e-10 7.609679e-05 
2.495201e-10 7.927216e-05 
2.499560e-10 8.250233e-05 
2.503918e-10 8.578660e-05 
2.508277e-10 8.912426e-05 
2.512635e-10 9.251458e-05 
2.516993e-10 9.595684e-05 
2.521352e-10 9.945033e-05 
2.525710e-10 1.029943e-04 
2.530069e-10 1.065881e-04 
2.534427e-10 1.102310e-04 
2.538786e-10 1.139224e-04 
2.543144e-10 1.176615e-04 
2.547502e-10 1.214478e-04 
2.551861e-10 1.252807e-04 
2.556219e-10 1.291597e-04 
2.560578e-10 1.330841e-04 
2.564936e-10 1.370537e-04 
2.569295e-10 1.410679e-04 
2.573653e-10 1.451265e-04 
2.578011e-10 1.492292e-04 
2.582370e-10 1.533757e-04 
2.586728e-10 1.575661e-04 
2.591087e-10 1.618002e-04 
2.595445e-10 1.660782e-04 
2.599804e-10 1.704002e-04 
2.604162e-10 1.747665e-04 
2.608520e-10 1.791775e-04 
2.612879e-10 1.836337e-04 
2.617237e-10 1.881358e-04 
2.621596e-10 1.926845e-04 
2.625954e-10 1.972807e-04 
2.630313e-10 2.019255e-04 
2.634671e-10 2.066200e-04 
2.639029e-10 2.113656e-04 
2.643388e-10 2.161637e-04 
2.647746e-10 2.210159e-04 
2.652105e-10 2.259240e-04 
2.656463e-10 2.308899e-04 
2.660822e-10 2.359156e-04 
2.665180e-10 2.410034e-04 
2.669538e-10 2.461555e-04 
2.673897e-10 2.513745e-04 
2.678255e-10 2.566629e-04 
2.682614e-10 2.620234e-04 
2.686972e-10 2.674588e-04 
2.691331e-10 2.729722e-04 
2.695689e-10 2.785665e-04 
2.700047e-10 2.842449e-04 
2.704406e-10 2.900104e-04 
2.708764e-10 2.958665e-04 
2.713123e-10 3.018162e-04 
2.717481e-10 3.078629e-04 
2.721840e-10 3.140100e-04 
2.726198e-10 3.202606e-04 
2.730556e-10 3.266180e-04 
2.734915e-10 3.330854e-04 
2.739273e-10 3.396659e-04 
2.743632e-10 3.463625e-04 
2.747990e-10 3.531781e-04 
2.752349e-10 3.601152e-04 
2.756707e-10 3.671766e-04 
2.761066e-10 3.743644e-04 
2.765424e-10 3.816808e-04 
2.769782e-10 3.891275e-04 
2.774141e-10 3.967062e-04 
2.778499e-10 4.044181e-04 
2.782858e-10 4.122640e-04 
2.787216e-10 4.202445e-04 
2.791575e-10 4.283597e-04 
2.795933e-10 4.366094e-04 
2.800291e-10 4.449928e-04 
2.804650e-10 4.535088e-04 
2.809008e-10 4.621557e-04 
2.813367e-10 4.709313e-04 
2.817725e-10 4.798332e-04 
2.822084e-10 4.888580e-04 
2.826442e-10 4.980020e-04 
2.830800e-10 5.072610e-04 
2.835159e-10 5.166301e-04 
2.839517e-10 5.261040e-04 
2.843876e-10 5.356766e-04 
2.848234e-10 5.453414e-04 
2.852593e-10 5.550913e-04 
2.856951e-10 5.649185e-04 
2.861309e-10 5.748147e-04 
2.865668e-10 5.847712e-04 
2.870026e-10 5.947786e-04 
2.874385e-10 6.048269e-04 
2.878743e-10 6.149058e-04 
2.883102e-10 6.250042e-04 
2.887460e-10 6.351108e-04 
2.891818e-10 6.452137e-04 
2.896177e-10 6.553006e-04 
2.900535e-10 6.653588e-04 
2.904894e-10 6.753753e-04 
2.909252e-10 6.853365e-04 
2.913611e-10 6.952289e-04 
2.917969e-10 7.050383e-04 
2.922327e-10 7.147506e-04 
2.926686e-10 7.243513e-04 
2.931044e-10 7.338257e-04 
2.935403e-10 7.431592e-04 
2.939761e-10 7.523369e-04 
2.944120e-10 7.613439e-04 
2.948478e-10 7.701653e-04 
2.952836e-10 7.787861e-04 
2.957195e-10 7.871915e-04 
2.961553e-10 7.953667e-04 
2.965912e-10 8.032970e-04 
2.970270e-10 8.109679e-04 
2.974629e-10 8.183650e-04 
2.978987e-10 8.254742e-04 
2.983345e-10 8.322814e-04 
2.987704e-10 8.387729e-04 
2.992062e-10 8.449353e-04 
2.996421e-10 8.507553e-04 
3.000779e-10 8.562200e-04 
3.005138e-10 8.613167e-04 
3.009496e-10 8.660331e-04 
3.013854e-10 8.703572e-04 
3.018213e-10 8.742771e-04 
3.022571e-10 8.777814e-04 
3.026930e-10 8.808589e-04 
3.031288e-10 8.834986e-04 
3.035647e-10 8.856900e-04 
3.040005e-10 8.874226e-04 
3.044363e-10 8.886863e-04 
3.048722e-10 8.894713e-04 
3.053080e-10 8.897678e-04 
3.057439e-10 8.895664e-04 
3.061797e-10 8.888578e-04 
3.066156e-10 8.876329e-04 
3.070514e-10 8.858828e-04 
3.074872e-10 8.835988e-04 
3.079231e-10 8.807724e-04 
3.083589e-10 8.773950e-04 
3.087948e-10 8.734584e-04 
3.092306e-10 8.689546e-04 
3.096665e-10 8.638756e-04 
3.101023e-10 8.582137e-04 
3.105381e-10 8.519614e-04 
3.109740e-10 8.451116e-04 
3.114098e-10 8.376572e-04 
3.118457e-10 8.295915e-04 
3.122815e-10 8.209083e-04 
3.127174e-10 8.116018e-04 
3.131532e-10 8.016664e-04 
3.135890e-10 7.910975e-04 
3.140249e-10 7.798907e-04 
3.144607e-10 7.680425e-04 
3.148966e-10 7.555501e-04 
3.153324e-10 7.424116e-04 
3.157683e-10 7.286260e-04 
3.162041e-10 7.141935e-04 
3.166400e-10 6.991151e-04 
3.170758e-10 6.833933e-04 
3.175116e-10 6.670320e-04 
3.179475e-10 6.500363e-04 
3.183833e-10 6.324129e-04 
3.188192e-10 6.141702e-04 
3.192550e-10 5.953183e-04 
3.196909e-10 5.758690e-04 
3.201267e-10 5.558361e-04 
3.205625e-10 5.352352e-04 
3.209984e-10 5.140840e-04 
3.214342e-10 4.924023e-04 
3.218701e-10 4.702119e-04 
3.223059e-10 4.475368e-04 
3.227418e-10 4.244032e-04 
3.231776e-10 4.008394e-04 
3.236134e-10 3.768758e-04 
3.240493e-10 3.525451e-04 
3.244851e-10 3.278819e-04 
3.249210e-10 3.029229e-04 
3.253568e-10 2.777070e-04 
3.257927e-10 2.522746e-04 
3.262285e-10 2.266682e-04 
3.266643e-10 2.009319e-04 
3.271002e-10 1.751112e-04 
3.275360e-10 1.492531e-04 
3.279719e-10 1.234059e-04 
3.284077e-10 9.761900e-05 
3.288436e-10 7.194252e-05 
3.292794e-10 4.642740e-05 
3.297152e-10 2.112506e-05 
3.301511e-10 -3.912827e-06 
3.305869e-10 -2.863449e-05 
3.310228e-10 -5.298835e-05 
3.314586e-10 -7.692318e-05 
3.318945e-10 -1.003884e-04 
3.323303e-10 -1.233343e-04 
3.327661e-10 -1.457121e-04 
3.332020e-10 -1.674746e-04 
3.336378e-10 -1.885759e-04 
3.340737e-10 -2.089719e-04 
3.345095e-10 -2.286204e-04 
3.349454e-10 -2.474816e-04 
3.353812e-10 -2.655178e-04 
3.358170e-10 -2.826938e-04 
3.362529e-10 -2.989772e-04 
3.366887e-10 -3.143385e-04 
3.371246e-10 -3.287511e-04 
3.375604e-10 -3.421913e-04 
3.379963e-10 -3.546389e-04 
3.384321e-10 -3.660769e-04 
3.388679e-10 -3.764914e-04 
3.393038e-10 -3.858722e-04 
3.397396e-10 -3.942122e-04 
3.401755e-10 -4.015081e-04 
3.406113e-10 -4.077596e-04 
3.410472e-10 -4.129701e-04 
3.414830e-10 -4.171461e-04 
3.419188e-10 -4.202974e-04 
3.423547e-10 -4.224372e-04 
3.427905e-10 -4.235815e-04 
3.432264e-10 -4.237494e-04 
3.436622e-10 -4.229628e-04 
3.440981e-10 -4.212462e-04 
3.445339e-10 -4.186270e-04 
3.449697e-10 -4.151344e-04 
3.454056e-10 -4.108004e-04 
3.458414e-10 -4.056586e-04 
3.462773e-10 -3.997446e-04 
3.467131e-10 -3.930956e-04 
3.471490e-10 -3.857503e-04 
3.475848e-10 -3.777487e-04 
3.480206e-10 -3.691315e-04 
3.484565e-10 -3.599408e-04 
3.488923e-10 -3.502189e-04 
3.493282e-10 -3.400087e-04 
3.497640e-10 -3.293535e-04 
3.501999e-10 -3.182965e-04 
3.506357e-10 -3.068809e-04 
3.510715e-10 -2.951497e-04 
3.515074e-10 -2.831453e-04 
3.519432e-10 -2.709096e-04 
3.523791e-10 -2.584840e-04 
3.528149e-10 -2.459088e-04 
3.532508e-10 -2.332233e-04 
3.536866e-10 -2.204659e-04 
3.541224e-10 -2.076737e-04 
3.545583e-10 -1.948825e-04 
3.549941e-10 -1.821268e-04 
3.554300e-10 -1.694398e-04 
3.558658e-10 -1.568528e-04 
3.563017e-10 -1.443961e-04 
3.567375e-10 -1.320980e-04 
3.571734e-10 -1.199854e-04 
3.576092e-10 -1.080837e-04 
3.580450e-10 -9.641631e-05 
3.584809e-10 -8.500535e-05 
3.589167e-10 -7.387114e-05 
3.593526e-10 -6.303243e-05 
3.597884e-10 -5.250639e-05 
3.602243e-10 -4.230857e-05 
3.606601e-10 -3.245302e-05 
3.610959e-10 -2.295228e-05 
3.615318e-10 -1.381738e-05 
3.619676e-10 -5.057963e-06 
3.624035e-10 3.317727e-06 
3.628393e-10 1.130278e-05 
3.632752e-10 1.889158e-05 
3.637110e-10 2.607974e-05 
3.641468e-10 3.286405e-05 
3.645827e-10 3.924246e-05 
3.650185e-10 4.521396e-05 
3.654544e-10 5.077860e-05 
3.658902e-10 5.593737e-05 
3.663261e-10 6.069222e-05 
3.667619e-10 6.504594e-05 
3.671977e-10 6.900215e-05 
3.676336e-10 7.256524e-05 
3.680694e-10 7.574032e-05 
3.685053e-10 7.853319e-05 
3.689411e-10 8.095026e-05 
3.693770e-10 8.299855e-05 
3.698128e-10 8.468563e-05 
3.702486e-10 8.601956e-05 
3.706845e-10 8.700890e-05 
3.711203e-10 8.766263e-05 
3.715562e-10 8.799013e-05 
3.719920e-10 8.800119e-05 
3.724279e-10 8.770591e-05 
3.728637e-10 8.711472e-05 
3.732995e-10 8.623835e-05 
3.737354e-10 8.508779e-05 
3.741712e-10 8.367428e-05 
3.746071e-10 8.200929e-05 
3.750429e-10 8.010450e-05 
3.754788e-10 7.797178e-05 
3.759146e-10 7.562318e-05 
3.763504e-10 7.307091e-05 
3.767863e-10 7.032732e-05 
3.772221e-10 6.740490e-05 
3.776580e-10 6.431628e-05 
3.780938e-10 6.107416e-05 
3.785297e-10 5.769139e-05 
3.789655e-10 5.418086e-05 
3.794013e-10 5.055559e-05 
3.798372e-10 4.682862e-05 
3.802730e-10 4.301307e-05 
3.807089e-10 3.912211e-05 
3.811447e-10 3.516892e-05 
3.815806e-10 3.116672e-05 
3.820164e-10 2.712872e-05 
3.824522e-10 2.306814e-05 
3.828881e-10 1.899816e-05 
3.833239e-10 1.493191e-05 
3.837598e-10 1.088247e-05 
3.841956e-10 6.862864e-06 
3.846315e-10 2.885978e-06 
3.850673e-10 -1.035399e-06 
3.855031e-10 -4.888625e-06 
3.859390e-10 -8.661222e-06 
3.863748e-10 -1.234090e-05 
3.868107e-10 -1.591559e-05 
3.872465e-10 -1.937346e-05 
3.876824e-10 -2.270293e-05 
3.881182e-10 -2.589274e-05 
3.885540e-10 -2.893192e-05 
3.889899e-10 -3.180985e-05 
3.894257e-10 -3.451631e-05 
3.898616e-10 -3.704143e-05 
3.902974e-10 -3.937580e-05 
3.907333e-10 -4.151043e-05 
3.911691e-10 -4.343682e-05 
3.916049e-10 -4.514695e-05 
3.920408e-10 -4.663330e-05 
3.924766e-10 -4.788892e-05 
3.929125e-10 -4.890736e-05 
3.933483e-10 -4.968276e-05 
3.937842e-10 -5.020985e-05 
3.942200e-10 -5.048392e-05 
3.946559e-10 -5.050088e-05 
3.950917e-10 -5.025724e-05 
3.955275e-10 -4.975014e-05 
3.959634e-10 -4.897731e-05 
3.963992e-10 -4.793712e-05 
3.968351e-10 -4.662854e-05 
3.972709e-10 -4.505119e-05 
3.977068e-10 -4.320527e-05 
3.981426e-10 -4.109160e-05 
3.985784e-10 -3.871159e-05 
3.990143e-10 -3.606727e-05 
3.994501e-10 -3.316122e-05 
3.998860e-10 -2.999660e-05 
4.003218e-10 -2.657712e-05 
4.007577e-10 -2.290706e-05 
4.011935e-10 -1.899120e-05 
4.016293e-10 -1.483485e-05 
4.020652e-10 -1.044380e-05 
4.025010e-10 -5.824348e-06 
4.029369e-10 -9.832424e-07 
4.033727e-10 4.072320e-06 
4.038086e-10 9.334709e-06 
4.042444e-10 1.479588e-05 
4.046802e-10 2.044740e-05 
4.051161e-10 2.628046e-05 
4.055519e-10 3.228588e-05 
4.059878e-10 3.845416e-05 
4.064236e-10 4.477546e-05 
4.068595e-10 5.123966e-05 
4.072953e-10 5.783635e-05 
4.077311e-10 6.455486e-05 
4.081670e-10 7.138429e-05 
4.086028e-10 7.831351e-05 
4.090387e-10 8.533121e-05 
4.094745e-10 9.242590e-05 
4.099104e-10 9.958594e-05 
4.103462e-10 1.067996e-04 
4.107820e-10 1.140549e-04 
4.112179e-10 1.213401e-04 
4.116537e-10 1.286431e-04 
4.120896e-10 1.359519e-04 
4.125254e-10 1.432546e-04 
4.129613e-10 1.505391e-04 
4.133971e-10 1.577937e-04 
4.138329e-10 1.650065e-04 
4.142688e-10 1.721658e-04 
4.147046e-10 1.792603e-04 
4.151405e-10 1.862786e-04 
4.155763e-10 1.932095e-04 
4.160122e-10 2.000424e-04 
4.164480e-10 2.067666e-04 
4.168838e-10 2.133720e-04 
4.173197e-10 2.198487e-04 
4.177555e-10 2.261871e-04 
4.181914e-10 2.323783e-04 
4.186272e-10 2.384136e-04 
4.190631e-10 2.442847e-04 
4.194989e-10 2.499840e-04 
4.199347e-10 2.555044e-04 
4.203706e-10 2.608391e-04 
4.208064e-10 2.659821e-04 
4.212423e-10 2.709280e-04 
4.216781e-10 2.756717e-04 
4.221140e-10 2.802091e-04 
4.225498e-10 2.845365e-04 
4.229856e-10 2.886508e-04 
4.234215e-10 2.925496e-04 
4.238573e-10 2.962314e-04 
4.242932e-10 2.996950e-04 
4.247290e-10 3.029400e-04 
4.251649e-10 3.059668e-04 
4.256007e-10 3.087765e-04 
4.260365e-10 3.113705e-04 
4.264724e-10 3.137513e-04 
4.269082e-10 3.159219e-04 
4.273441e-10 3.178859e-04 
4.277799e-10 3.196478e-04 
4.282158e-10 3.212123e-04 
4.286516e-10 3.225853e-04 
4.290874e-10 3.237729e-04 
4.295233e-10 3.247821e-04 
4.299591e-10 3.256202e-04 
4.303950e-10 3.262954e-04 
4.308308e-10 3.268162e-04 
4.312667e-10 3.271920e-04 
4.317025e-10 3.274325e-04 
4.321383e-10 3.275478e-04 
4.325742e-10 3.275489e-04 
4.330100e-10 3.274469e-04 
4.334459e-10 3.272535e-04 
4.338817e-10 3.269810e-04 
4.343176e-10 3.266418e-04 
4.347534e-10 3.262490e-04 
4.351893e-10 3.258157e-04 
4.356251e-10 3.253557e-04 
4.360609e-10 3.248828e-04 
4.364968e-10 3.244112e-04 
4.369326e-10 3.239554e-04 
4.373685e-10 3.235298e-04 
4.378043e-10 3.231493e-04 
4.382402e-10 3.228287e-04 
4.386760e-10 3.225828e-04 
4.391118e-10 3.224266e-04 
4.395477e-10 3.223750e-04 
4.399835e-10 3.224428e-04 
4.404194e-10 3.226446e-04 
4.408552e-10 3.229949e-04 
4.412911e-10 3.235080e-04 
4.417269e-10 3.241979e-04 
4.421627e-10 3.250780e-04 
4.425986e-10 3.261616e-04 
4.430344e-10 3.274614e-04 
4.434703e-10 3.289896e-04 
4.439061e-10 3.307577e-04 
4.443420e-10 3.327766e-04 
4.447778e-10 3.350567e-04 
4.452136e-10 3.376073e-04 
4.456495e-10 3.404372e-04 
4.460853e-10 3.435540e-04 
4.465212e-10 3.469646e-04 
4.469570e-10 3.506748e-04 
4.473929e-10 3.546896e-04 
4.478287e-10 3.590127e-04 
4.482645e-10 3.636468e-04 
4.487004e-10 3.685935e-04 
4.491362e-10 3.738532e-04 
4.495721e-10 3.794251e-04 
4.500079e-10 3.853074e-04 
4.504438e-10 3.914969e-04 
4.508796e-10 3.979893e-04 
4.513154e-10 4.047791e-04 
4.517513e-10 4.118596e-04 
4.521871e-10 4.192230e-04 
4.526230e-10 4.268605e-04 
4.530588e-10 4.347618e-04 
4.534947e-10 4.429160e-04 
4.539305e-10 4.513110e-04 
4.543663e-10 4.599337e-04 
4.548022e-10 4.687703e-04 
4.552380e-10 4.778060e-04 
4.556739e-10 4.870254e-04 
4.561097e-10 4.964124e-04 
4.565456e-10 5.059503e-04 
4.569814e-10 5.156219e-04 
4.574172e-10 5.254096e-04 
4.578531e-10 5.352956e-04 
4.582889e-10 5.452619e-04 
4.587248e-10 5.552901e-04 
4.591606e-10 5.653622e-04 
4.595965e-10 5.754600e-04 
4.600323e-10 5.855654e-04 
4.604681e-10 5.956610e-04 
4.609040e-10 6.057292e-04 
4.613398e-10 6.157532e-04 
4.617757e-10 6.257167e-04 
4.622115e-10 6.356037e-04 
4.626474e-10 6.453991e-04 
4.630832e-10 6.550886e-04 
4.635190e-10 6.646583e-04 
4.639549e-10 6.740955e-04 
4.643907e-10 6.833880e-04 
4.648266e-10 6.925248e-04 
4.652624e-10 7.014954e-04 
4.656983e-10 7.102907e-04 
4.661341e-10 7.189019e-04 
4.665699e-10 7.273216e-04 
4.670058e-10 7.355430e-04 
4.674416e-10 7.435602e-04 
4.678775e-10 7.513680e-04 
4.683133e-10 7.589622e-04 
4.687492e-10 7.663390e-04 
4.691850e-10 7.734957e-04 
4.696208e-10 7.804297e-04 
4.700567e-10 7.871392e-04 
4.704925e-10 7.936229e-04 
4.709284e-10 7.998797e-04 
4.713642e-10 8.059089e-04 
4.718001e-10 8.117101e-04 
4.722359e-10 8.172830e-04 
4.726717e-10 8.226272e-04 
4.731076e-10 8.277426e-04 
4.735434e-10 8.326287e-04 
4.739793e-10 8.372850e-04 
4.744151e-10 8.417108e-04 
4.748510e-10 8.459050e-04 
4.752868e-10 8.498662e-04 
4.757227e-10 8.535926e-04 
4.761585e-10 8.570818e-04 
4.765943e-10 8.603310e-04 
4.770302e-10 8.633368e-04 
4.774660e-10 8.660952e-04 
4.779019e-10 8.686018e-04 
4.783377e-10 8.708513e-04 
4.787736e-10 8.728379e-04 
4.792094e-10 8.745551e-04 
4.796452e-10 8.759960e-04 
4.800811e-10 8.771528e-04 
4.805169e-10 8.780172e-04 
4.809528e-10 8.785806e-04 
4.813886e-10 8.788336e-04 
4.818245e-10 8.787664e-04 
4.822603e-10 8.783688e-04 
4.826961e-10 8.776303e-04 
4.831320e-10 8.765399e-04 
4.835678e-10 8.750866e-04 
4.840037e-10 8.732591e-04 
4.844395e-10 8.710459e-04 
4.848754e-10 8.684356e-04 
4.853112e-10 8.654168e-04 
4.857470e-10 8.619783e-04 
4.861829e-10 8.581089e-04 
4.866187e-10 8.537978e-04 
4.870546e-10 8.490346e-04 
4.874904e-10 8.438093e-04 
4.879263e-10 8.381122e-04 
4.883621e-10 8.319345e-04 
4.887979e-10 8.252678e-04 
4.892338e-10 8.181047e-04 
4.896696e-10 8.104381e-04 
4.901055e-10 8.022623e-04 
4.905413e-10 7.935722e-04 
4.909772e-10 7.843636e-04 
4.914130e-10 7.746336e-04 
4.918488e-10 7.643800e-04 
4.922847e-10 7.536021e-04 
4.927205e-10 7.422999e-04 
4.931564e-10 7.304749e-04 
4.935922e-10 7.181296e-04 
4.940281e-10 7.052679e-04 
4.944639e-10 6.918946e-04 
4.948997e-10 6.780161e-04 
4.953356e-10 6.636399e-04 
4.957714e-10 6.487745e-04 
4.962073e-10 6.334300e-04 
4.966431e-10 6.176175e-04 
4.970790e-10 6.013493e-04 
4.975148e-10 5.846390e-04 
4.979506e-10 5.675012e-04 
4.983865e-10 5.499516e-04 
4.988223e-10 5.320073e-04 
4.992582e-10 5.136859e-04 
4.996940e-10 4.950065e-04 
5.001299e-10 4.759888e-04 
5.005657e-10 4.566535e-04 
5.010015e-10 4.370223e-04 
5.014374e-10 4.171173e-04 
5.018732e-10 3.969616e-04 
5.023091e-10 3.765790e-04 
5.027449e-10 3.559936e-04 
5.031808e-10 3.352302e-04 
5.036166e-10 3.143141e-04 
5.040524e-10 2.932709e-04 
5.044883e-10 2.721265e-04 
5.049241e-10 2.509069e-04 
5.053600e-10 2.296386e-04 
5.057958e-10 2.083480e-04 
5.062317e-10 1.870615e-04 
5.066675e-10 1.658055e-04 
5.071033e-10 1.446063e-04 
5.075392e-10 1.234901e-04 
5.079750e-10 1.024828e-04 
5.084109e-10 8.160999e-05 
5.088467e-10 6.089698e-05 
5.092826e-10 4.036865e-05 
5.097184e-10 2.004939e-05 
5.101542e-10 -3.685972e-08 
5.105901e-10 -1.986675e-05 
5.110259e-10 -3.941751e-05 
5.114618e-10 -5.866702e-05 
5.118976e-10 -7.759383e-05 
5.123335e-10 -9.617718e-05 
5.127693e-10 -1.143971e-04 
5.132052e-10 -1.322343e-04 
5.136410e-10 -1.496705e-04 
5.140768e-10 -1.666879e-04 
5.145127e-10 -1.832698e-04 
5.149485e-10 -1.994003e-04 
5.153844e-10 -2.150644e-04 
5.158202e-10 -2.302480e-04 
5.162561e-10 -2.449377e-04 
5.166919e-10 -2.591212e-04 
5.171277e-10 -2.727871e-04 
5.175636e-10 -2.859248e-04 
5.179994e-10 -2.985249e-04 
5.184353e-10 -3.105785e-04 
5.188711e-10 -3.220779e-04 
5.193070e-10 -3.330162e-04 
5.197428e-10 -3.433876e-04 
5.201786e-10 -3.531869e-04 
5.206145e-10 -3.624101e-04 
5.210503e-10 -3.710538e-04 
5.214862e-10 -3.791156e-04 
5.219220e-10 -3.865941e-04 
5.223579e-10 -3.934886e-04 
5.227937e-10 -3.997992e-04 
5.232295e-10 -4.055268e-04 
5.236654e-10 -4.106734e-04 
5.241012e-10 -4.152413e-04 
5.245371e-10 -4.192340e-04 
5.249729e-10 -4.226554e-04 
5.254088e-10 -4.255104e-04 
5.258446e-10 -4.278043e-04 
5.262804e-10 -4.295432e-04 
5.267163e-10 -4.307339e-04 
5.271521e-10 -4.313837e-04 
5.275880e-10 -4.315005e-04 
5.280238e-10 -4.310927e-04 
5.284597e-10 -4.301692e-04 
5.288955e-10 -4.287394e-04 
5.293313e-10 -4.268131e-04 
5.297672e-10 -4.244006e-04 
5.302030e-10 -4.215124e-04 
5.306389e-10 -4.181594e-04 
5.310747e-10 -4.143530e-04 
5.315106e-10 -4.101044e-04 
5.319464e-10 -4.054255e-04 
5.323822e-10 -4.003282e-04 
5.328181e-10 -3.948244e-04 
5.332539e-10 -3.889265e-04 
5.336898e-10 -3.826467e-04 
5.341256e-10 -3.759975e-04 
5.345615e-10 -3.689914e-04 
5.349973e-10 -3.616408e-04 
5.354331e-10 -3.539585e-04 
5.358690e-10 -3.459569e-04 
5.363048e-10 -3.376488e-04 
5.367407e-10 -3.290468e-04 
5.371765e-10 -3.201636e-04 
5.376124e-10 -3.110119e-04 
5.380482e-10 -3.016043e-04 
5.384840e-10 -2.919537e-04 
5.389199e-10 -2.820728e-04 
5.393557e-10 -2.719745e-04 
5.397916e-10 -2.616717e-04 
5.402274e-10 -2.511775e-04 
5.406633e-10 -2.405049e-04 
5.410991e-10 -2.296673e-04 
5.415349e-10 -2.186780e-04 
5.419708e-10 -2.075507e-04 
5.424066e-10 -1.962992e-04 
5.428425e-10 -1.849376e-04 
5.432783e-10 -1.734802e-04 
5.437142e-10 -1.619414e-04 
5.441500e-10 -1.503362e-04 
5.445858e-10 -1.386796e-04 
5.450217e-10 -1.269873e-04 
5.454575e-10 -1.152748e-04 
5.458934e-10 -1.035583e-04 
5.463292e-10 -9.185411e-05 
5.467651e-10 -8.017903e-05 
5.472009e-10 -6.855001e-05 
5.476367e-10 -5.698433e-05 
5.480726e-10 -4.549952e-05 
5.485084e-10 -3.411332e-05 
5.489443e-10 -2.284368e-05 
5.493801e-10 -1.170871e-05 
5.498160e-10 -7.265967e-07 
5.502518e-10 1.008439e-05 
5.506876e-10 2.070598e-05 
5.511235e-10 3.111997e-05 
5.515593e-10 4.130827e-05 
5.519952e-10 5.125298e-05 
5.524310e-10 6.093645e-05 
5.528669e-10 7.034135e-05 
5.533027e-10 7.945077e-05 
5.537386e-10 8.824825e-05 
5.541744e-10 9.671789e-05 
5.546102e-10 1.048444e-04 
5.550461e-10 1.126132e-04 
5.554819e-10 1.200105e-04 
5.559178e-10 1.270232e-04 
5.563536e-10 1.336393e-04 
5.567895e-10 1.398476e-04 
5.572253e-10 1.456380e-04 
5.576611e-10 1.510014e-04 
5.580970e-10 1.559297e-04 
5.585328e-10 1.604163e-04 
5.589687e-10 1.644554e-04 
5.594045e-10 1.680425e-04 
5.598404e-10 1.711745e-04 
5.602762e-10 1.738493e-04 
5.607120e-10 1.760661e-04 
5.611479e-10 1.778253e-04 
5.615837e-10 1.791287e-04 
5.620196e-10 1.799791e-04 
5.624554e-10 1.803805e-04 
5.628913e-10 1.803382e-04 
5.633271e-10 1.798583e-04 
5.637629e-10 1.789483e-04 
5.641988e-10 1.776166e-04 
5.646346e-10 1.758724e-04 
5.650705e-10 1.737261e-04 
5.655063e-10 1.711886e-04 
5.659422e-10 1.682721e-04 
5.663780e-10 1.649889e-04 
5.668138e-10 1.613524e-04 
5.672497e-10 1.573764e-04 
5.676855e-10 1.530754e-04 
5.681214e-10 1.484641e-04 
5.685572e-10 1.435576e-04 
5.689931e-10 1.383717e-04 
5.694289e-10 1.329219e-04 
5.698647e-10 1.272243e-04 
5.703006e-10 1.212949e-04 
5.707364e-10 1.151499e-04 
5.711723e-10 1.088056e-04 
5.716081e-10 1.022779e-04 
5.720440e-10 9.558309e-05 
5.724798e-10 8.873699e-05 
5.729156e-10 8.175541e-05 
5.733515e-10 7.465395e-05 
5.737873e-10 6.744797e-05 
5.742232e-10 6.015256e-05 
5.746590e-10 5.278255e-05 
5.750949e-10 4.535249e-05 
5.755307e-10 3.787657e-05 
5.759665e-10 3.036868e-05 
5.764024e-10 2.284238e-05 
5.768382e-10 1.531086e-05 
5.772741e-10 7.786982e-06 
5.777099e-10 2.832385e-07 
5.781458e-10 -7.188224e-06 
5.785816e-10 -1.461561e-05 
5.790174e-10 -2.198749e-05 
5.794533e-10 -2.929275e-05 
5.798891e-10 -3.652066e-05 
5.803250e-10 -4.366081e-05 
5.807608e-10 -5.070311e-05 
5.811967e-10 -5.763784e-05 
5.816325e-10 -6.445558e-05 
5.820683e-10 -7.114723e-05 
5.825042e-10 -7.770404e-05 
5.829400e-10 -8.411755e-05 
5.833759e-10 -9.037964e-05 
5.838117e-10 -9.648251e-05 
5.842476e-10 -1.024187e-04 
5.846834e-10 -1.081810e-04 
5.851192e-10 -1.137626e-04 
5.855551e-10 -1.191570e-04 
5.859909e-10 -1.243582e-04 
5.864268e-10 -1.293602e-04 
5.868626e-10 -1.341576e-04 
5.872985e-10 -1.387454e-04 
5.877343e-10 -1.431190e-04 
5.881701e-10 -1.472740e-04 
5.886060e-10 -1.512065e-04 
5.890418e-10 -1.549131e-04 
5.894777e-10 -1.583907e-04 
5.899135e-10 -1.616369e-04 
5.903494e-10 -1.646495e-04 
5.907852e-10 -1.674267e-04 
5.912211e-10 -1.699676e-04 
5.916569e-10 -1.722713e-04 
5.920927e-10 -1.743379e-04 
5.925286e-10 -1.761675e-04 
5.929644e-10 -1.777611e-04 
5.934003e-10 -1.791202e-04 
5.938361e-10 -1.802466e-04 
5.942720e-10 -1.811428e-04 
5.947078e-10 -1.818119e-04 
5.951436e-10 -1.822574e-04 
5.955795e-10 -1.824832e-04 
5.960153e-10 -1.824942e-04 
5.964512e-10 -1.822952e-04 
5.968870e-10 -1.818920e-04 
5.973229e-10 -1.812906e-04 
5.977587e-10 -1.804975e-04 
5.981945e-10 -1.795197e-04 
5.986304e-10 -1.783646e-04 
5.990662e-10 -1.770400e-04 
5.995021e-10 -1.755541e-04 
5.999379e-10 -1.739154e-04 
6.003738e-10 -1.721326e-04 
6.008096e-10 -1.702148e-04 
6.012454e-10 -1.681714e-04 
6.016813e-10 -1.660118e-04 
6.021171e-10 -1.637457e-04 
6.025530e-10 -1.613830e-04 
6.029888e-10 -1.589333e-04 
6.034247e-10 -1.564067e-04 
6.038605e-10 -1.538129e-04 
6.042963e-10 -1.511619e-04 
6.047322e-10 -1.484634e-04 
6.051680e-10 -1.457269e-04 
6.056039e-10 -1.429620e-04 
6.060397e-10 -1.401778e-04 
6.064756e-10 -1.373833e-04 
6.069114e-10 -1.345872e-04 
6.073472e-10 -1.317979e-04 
6.077831e-10 -1.290233e-04 
6.082189e-10 -1.262710e-04 
6.086548e-10 -1.235483e-04 
6.090906e-10 -1.208619e-04 
6.095265e-10 -1.182181e-04 
6.099623e-10 -1.156227e-04 
6.103981e-10 -1.130811e-04 
6.108340e-10 -1.105979e-04 
6.112698e-10 -1.081776e-04 
6.117057e-10 -1.058238e-04 
6.121415e-10 -1.035398e-04 
6.125774e-10 -1.013282e-04 
6.130132e-10 -9.919122e-05 
6.134490e-10 -9.713054e-05 
6.138849e-10 -9.514728e-05 
6.143207e-10 -9.324209e-05 
6.147566e-10 -9.141515e-05 
6.151924e-10 -8.966619e-05 
6.156283e-10 -8.799451e-05 
6.160641e-10 -8.639901e-05 
6.164999e-10 -8.487821e-05 
6.169358e-10 -8.343027e-05 
6.173716e-10 -8.205307e-05 
6.178075e-10 -8.074419e-05 
6.182433e-10 -7.950097e-05 
6.186792e-10 -7.832053e-05 
6.191150e-10 -7.719983e-05 
6.195508e-10 -7.613569e-05 
6.199867e-10 -7.512484e-05 
6.204225e-10 -7.416393e-05 
6.208584e-10 -7.324959e-05 
6.212942e-10 -7.237846e-05 
6.217301e-10 -7.154722e-05 
6.221659e-10 -7.075262e-05 
6.226017e-10 -6.999152e-05 
6.230376e-10 -6.926091e-05 
6.234734e-10 -6.855792e-05 
6.239093e-10 -6.787989e-05 
6.243451e-10 -6.722437e-05 
6.247810e-10 -6.658910e-05 
6.252168e-10 -6.597208e-05 
6.256526e-10 -6.537159e-05 
6.260885e-10 -6.478613e-05 
6.265243e-10 -6.421452e-05 
6.269602e-10 -6.365583e-05 
6.273960e-10 -6.310944e-05 
6.278319e-10 -6.257500e-05 
6.282677e-10 -6.205244e-05 
6.287035e-10 -6.154199e-05 
6.291394e-10 -6.104414e-05 
6.295752e-10 -6.055966e-05 
6.300111e-10 -6.008955e-05 
6.304469e-10 -5.963507e-05 
6.308828e-10 -5.919772e-05 
6.313186e-10 -5.877919e-05 
6.317545e-10 -5.838137e-05 
6.321903e-10 -5.800636e-05 
6.326261e-10 -5.765638e-05 
6.330620e-10 -5.733382e-05 
6.334978e-10 -5.704118e-05 
6.339337e-10 -5.678108e-05 
6.343695e-10 -5.655620e-05 
6.348054e-10 -5.636930e-05 
6.352412e-10 -5.622318e-05 
6.356770e-10 -5.612066e-05 
6.361129e-10 -5.606456e-05 
6.365487e-10 -5.605771e-05 
6.369846e-10 -5.610290e-05 
6.374204e-10 -5.620285e-05 
6.378563e-10 -5.636025e-05 
6.382921e-10 -5.657768e-05 
6.387279e-10 -5.685766e-05 
6.391638e-10 -5.720258e-05 
6.395996e-10 -5.761471e-05 
6.400355e-10 -5.809621e-05 
6.404713e-10 -5.864907e-05 
6.409072e-10 -5.927514e-05 
6.413430e-10 -5.997613e-05 
6.417788e-10 -6.075354e-05 
6.422147e-10 -6.160874e-05 
6.426505e-10 -6.254288e-05 
6.430864e-10 -6.355693e-05 
6.435222e-10 -6.465168e-05 
6.439581e-10 -6.582772e-05 
6.443939e-10 -6.708542e-05 
6.448297e-10 -6.842496e-05 
6.452656e-10 -6.984631e-05 
6.457014e-10 -7.134921e-05 
6.461373e-10 -7.293322e-05 
6.465731e-10 -7.459765e-05 
6.470090e-10 -7.634163e-05 
6.474448e-10 -7.816403e-05 
6.478806e-10 -8.006353e-05 
6.483165e-10 -8.203859e-05 
6.487523e-10 -8.408744e-05 
6.491882e-10 -8.620810e-05 
6.496240e-10 -8.839836e-05 
6.500599e-10 -9.065580e-05 
6.504957e-10 -9.297777e-05 
6.509315e-10 -9.536143e-05 
6.513674e-10 -9.780369e-05 
6.518032e-10 -1.003013e-04 
6.522391e-10 -1.028507e-04 
6.526749e-10 -1.054482e-04 
6.531108e-10 -1.080900e-04 
6.535466e-10 -1.107718e-04 
6.539824e-10 -1.134894e-04 
6.544183e-10 -1.162382e-04 
6.548541e-10 -1.190136e-04 
6.552900e-10 -1.218107e-04 
6.557258e-10 -1.246243e-04 
6.561617e-10 -1.274493e-04 
6.565975e-10 -1.302803e-04 
6.570333e-10 -1.331116e-04 
6.574692e-10 -1.359376e-04 
6.579050e-10 -1.387524e-04 
6.583409e-10 -1.415499e-04 
6.587767e-10 -1.443242e-04 
6.592126e-10 -1.470689e-04 
6.596484e-10 -1.497777e-04 
6.600842e-10 -1.524443e-04 
6.605201e-10 -1.550621e-04 
6.609559e-10 -1.576246e-04 
6.613918e-10 -1.601251e-04 
6.618276e-10 -1.625572e-04 
6.622635e-10 -1.649142e-04 
6.626993e-10 -1.671893e-04 
6.631351e-10 -1.693762e-04 
6.635710e-10 -1.714681e-04 
6.640068e-10 -1.734587e-04 
6.644427e-10 -1.753414e-04 
6.648785e-10 -1.771101e-04 
6.653144e-10 -1.787584e-04 
6.657502e-10 -1.802804e-04 
6.661860e-10 -1.816702e-04 
6.666219e-10 -1.829221e-04 
6.670577e-10 -1.840306e-04 
6.674936e-10 -1.849905e-04 
6.679294e-10 -1.857967e-04 
6.683653e-10 -1.864444e-04 
6.688011e-10 -1.869292e-04 
6.692369e-10 -1.872471e-04 
6.696728e-10 -1.873940e-04 
6.701086e-10 -1.873665e-04 
6.705445e-10 -1.871616e-04 
6.709803e-10 -1.867764e-04 
6.714162e-10 -1.862086e-04 
6.718520e-10 -1.854562e-04 
6.722879e-10 -1.845176e-04 
6.727237e-10 -1.833917e-04 
6.731595e-10 -1.820779e-04 
6.735954e-10 -1.805758e-04 
6.740312e-10 -1.788855e-04 
6.744671e-10 -1.770078e-04 
6.749029e-10 -1.749437e-04 
6.753388e-10 -1.726946e-04 
6.757746e-10 -1.702625e-04 
6.762104e-10 -1.676498e-04 
6.766463e-10 -1.648592e-04 
6.770821e-10 -1.618939e-04 
6.775180e-10 -1.587576e-04 
6.779538e-10 -1.554543e-04 
6.783897e-10 -1.519883e-04 
6.788255e-10 -1.483643e-04 
6.792613e-10 -1.445875e-04 
6.796972e-10 -1.406633e-04 
6.801330e-10 -1.365973e-04 
6.805689e-10 -1.323955e-04 
6.810047e-10 -1.280643e-04 
6.814406e-10 -1.236101e-04 
6.818764e-10 -1.190395e-04 
6.823122e-10 -1.143596e-04 
6.827481e-10 -1.095774e-04 
6.831839e-10 -1.047000e-04 
6.836198e-10 -9.973494e-05 
6.840556e-10 -9.468953e-05 
6.844915e-10 -8.957132e-05 
6.849273e-10 -8.438787e-05 
6.853631e-10 -7.914679e-05 
6.857990e-10 -7.385570e-05 
6.862348e-10 -6.852219e-05 
6.866707e-10 -6.315386e-05 
6.871065e-10 -5.775823e-05 
6.875424e-10 -5.234278e-05 
6.879782e-10 -4.691491e-05 
6.884140e-10 -4.148194e-05 
6.888499e-10 -3.605106e-05 
6.892857e-10 -3.062937e-05 
6.897216e-10 -2.522383e-05 
6.901574e-10 -1.984128e-05 
6.905933e-10 -1.448840e-05 
6.910291e-10 -9.171723e-06 
6.914649e-10 -3.897638e-06 
6.919008e-10 1.327641e-06 
6.923366e-10 6.498059e-06 
6.927725e-10 1.160773e-05 
6.932083e-10 1.665095e-05 
6.936442e-10 2.162217e-05 
6.940800e-10 2.651604e-05 
6.945158e-10 3.132736e-05 
6.949517e-10 3.605111e-05 
6.953875e-10 4.068247e-05 
6.958234e-10 4.521677e-05 
6.962592e-10 4.964951e-05 
6.966951e-10 5.397639e-05 
6.971309e-10 5.819325e-05 
6.975667e-10 6.229611e-05 
6.980026e-10 6.628118e-05 
6.984384e-10 7.014481e-05 
6.988743e-10 7.388353e-05 
6.993101e-10 7.749402e-05 
6.997460e-10 8.097314e-05 
7.001818e-10 8.431791e-05 
7.006176e-10 8.752550e-05 
7.010535e-10 9.059324e-05 
7.014893e-10 9.351864e-05 
7.019252e-10 9.629936e-05 
7.023610e-10 9.893321e-05 
7.027969e-10 1.014182e-04 
7.032327e-10 1.037524e-04 
7.036685e-10 1.059341e-04 
7.041044e-10 1.079618e-04 
7.045402e-10 1.098342e-04 
7.049761e-10 1.115499e-04 
7.054119e-10 1.131081e-04 
7.058478e-10 1.145077e-04 
7.062836e-10 1.157480e-04 
7.067194e-10 1.168286e-04 
7.071553e-10 1.177490e-04 
7.075911e-10 1.185091e-04 
7.080270e-10 1.191089e-04 
7.084628e-10 1.195485e-04 
7.088987e-10 1.198282e-04 
7.093345e-10 1.199487e-04 
7.097704e-10 1.199106e-04 
7.102062e-10 1.197149e-04 
7.106420e-10 1.193626e-04 
7.110779e-10 1.188552e-04 
7.115137e-10 1.181940e-04 
7.119496e-10 1.173809e-04 
7.123854e-10 1.164178e-04 
7.128213e-10 1.153067e-04 
7.132571e-10 1.140501e-04 
7.136929e-10 1.126503e-04 
7.141288e-10 1.111103e-04 
7.145646e-10 1.094329e-04 
7.150005e-10 1.076213e-04 
7.154363e-10 1.056788e-04 
7.158722e-10 1.036090e-04 
7.163080e-10 1.014156e-04 
7.167438e-10 9.910258e-05 
7.171797e-10 9.667405e-05 
7.176155e-10 9.413429e-05 
7.180514e-10 9.148777e-05 
7.184872e-10 8.873912e-05 
7.189231e-10 8.589311e-05 
7.193589e-10 8.295468e-05 
7.197947e-10 7.992888e-05 
7.202306e-10 7.682088e-05 
7.206664e-10 7.363597e-05 
7.211023e-10 7.037952e-05 
7.215381e-10 6.705700e-05 
7.219740e-10 6.367393e-05 
7.224098e-10 6.023589e-05 
7.228456e-10 5.674849e-05 
7.232815e-10 5.321738e-05 
7.237173e-10 4.964819e-05 
7.241532e-10 4.604656e-05 
7.245890e-10 4.241810e-05 
7.250249e-10 3.876838e-05 
7.254607e-10 3.510292e-05 
7.258965e-10 3.142716e-05 
7.263324e-10 2.774647e-05 
7.267682e-10 2.406612e-05 
7.272041e-10 2.039128e-05 
7.276399e-10 1.672698e-05 
7.280758e-10 1.307815e-05 
7.285116e-10 9.449575e-06 
7.289474e-10 5.845880e-06 
7.293833e-10 2.271554e-06 
7.298191e-10 -1.269076e-06 
7.302550e-10 -4.771845e-06 
7.306908e-10 -8.232750e-06 
7.311267e-10 -1.164795e-05 
7.315625e-10 -1.501378e-05 
7.319983e-10 -1.832672e-05 
7.324342e-10 -2.158344e-05 
7.328700e-10 -2.478073e-05 
7.333059e-10 -2.791557e-05 
7.337417e-10 -3.098507e-05 
7.341776e-10 -3.398649e-05 
7.346134e-10 -3.691721e-05 
7.350492e-10 -3.977476e-05 
7.354851e-10 -4.255677e-05 
7.359209e-10 -4.526099e-05 
7.363568e-10 -4.788527e-05 
7.367926e-10 -5.042757e-05 
7.372285e-10 -5.288591e-05 
7.376643e-10 -5.525840e-05 
7.381001e-10 -5.754323e-05 
7.385360e-10 -5.973865e-05 
7.389718e-10 -6.184296e-05 
7.394077e-10 -6.385452e-05 
7.398435e-10 -6.577173e-05 
7.402794e-10 -6.759305e-05 
7.407152e-10 -6.931698e-05 
7.411510e-10 -7.094205e-05 
7.415869e-10 -7.246686e-05 
7.420227e-10 -7.389002e-05 
7.424586e-10 -7.521023e-05 
7.428944e-10 -7.642620e-05 
7.433303e-10 -7.753673e-05 
7.437661e-10 -7.854068e-05 
7.442019e-10 -7.943698e-05 
7.446378e-10 -8.022464e-05 
7.450736e-10 -8.090276e-05 
7.455095e-10 -8.147057e-05 
7.459453e-10 -8.192737e-05 
7.463812e-10 -8.227264e-05 
7.468170e-10 -8.250596e-05 
7.472528e-10 -8.262708e-05 
7.476887e-10 -8.263592e-05 
7.481245e-10 -8.253256e-05 
7.485604e-10 -8.231729e-05 
7.489962e-10 -8.199060e-05 
7.494321e-10 -8.155317e-05 
7.498679e-10 -8.100594e-05 
7.503038e-10 -8.035005e-05 
7.507396e-10 -7.958689e-05 
7.511754e-10 -7.871812e-05 
7.516113e-10 -7.774560e-05 
7.520471e-10 -7.667150e-05 
7.524830e-10 -7.549822e-05 
7.529188e-10 -7.422841e-05 
7.533547e-10 -7.286499e-05 
7.537905e-10 -7.141114e-05 
7.542263e-10 -6.987026e-05 
7.546622e-10 -6.824601e-05 
7.550980e-10 -6.654229e-05 
7.555339e-10 -6.476319e-05 
7.559697e-10 -6.291303e-05 
7.564056e-10 -6.099633e-05 
7.568414e-10 -5.901777e-05 
7.572772e-10 -5.698222e-05 
7.577131e-10 -5.489468e-05 
7.581489e-10 -5.276028e-05 
7.585848e-10 -5.058426e-05 
7.590206e-10 -4.837196e-05 
7.594565e-10 -4.612879e-05 
7.598923e-10 -4.386020e-05 
7.603281e-10 -4.157168e-05 
7.607640e-10 -3.926872e-05 
7.611998e-10 -3.695682e-05 
7.616357e-10 -3.464144e-05 
7.620715e-10 -3.232800e-05 
7.625074e-10 -3.002186e-05 
7.629432e-10 -2.772829e-05 
7.633790e-10 -2.545248e-05 
7.638149e-10 -2.319950e-05 
7.642507e-10 -2.097431e-05 
7.646866e-10 -1.878174e-05 
7.651224e-10 -1.662647e-05 
7.655583e-10 -1.451304e-05 
7.659941e-10 -1.244583e-05 
7.664299e-10 -1.042907e-05 
7.668658e-10 -8.466794e-06 
7.673016e-10 -6.562910e-06 
7.677375e-10 -4.721135e-06 
7.681733e-10 -2.945023e-06 
7.686092e-10 -1.237962e-06 
7.690450e-10 3.968235e-07 
7.694808e-10 1.956271e-06 
7.699167e-10 3.437476e-06 
7.703525e-10 4.837685e-06 
7.707884e-10 6.154295e-06 
7.712242e-10 7.384844e-06 
7.716601e-10 8.527010e-06 
7.720959e-10 9.578605e-06 
7.725317e-10 1.053757e-05 
7.729676e-10 1.140196e-05 
7.734034e-10 1.216997e-05 
7.738393e-10 1.283989e-05 
7.742751e-10 1.341015e-05 
7.747110e-10 1.387926e-05 
7.751468e-10 1.424588e-05 
7.755826e-10 1.450874e-05 
7.760185e-10 1.466671e-05 
7.764543e-10 1.471878e-05 
7.768902e-10 1.466402e-05 
7.773260e-10 1.450167e-05 
7.777619e-10 1.423107e-05 
7.781977e-10 1.385167e-05 
7.786335e-10 1.336310e-05 
7.790694e-10 1.276512e-05 
7.795052e-10 1.205762e-05 
7.799411e-10 1.124067e-05 
7.803769e-10 1.031451e-05 
7.808128e-10 9.279546e-06 
7.812486e-10 8.136378e-06 
7.816844e-10 6.885791e-06 
7.821203e-10 5.528773e-06 
7.825561e-10 4.066520e-06 
7.829920e-10 2.500442e-06 
7.834278e-10 8.321686e-07 
7.838637e-10 -9.364465e-07 
7.842995e-10 -2.803320e-06 
7.847353e-10 -4.766140e-06 
7.851712e-10 -6.822361e-06 
7.856070e-10 -8.969207e-06 
7.860429e-10 -1.120367e-05 
7.864787e-10 -1.352253e-05 
7.869146e-10 -1.592232e-05 
7.873504e-10 -1.839939e-05 
7.877862e-10 -2.094986e-05 
7.882221e-10 -2.356968e-05 
7.886579e-10 -2.625460e-05 
7.890938e-10 -2.900020e-05 
7.895296e-10 -3.180193e-05 
7.899655e-10 -3.465507e-05 
7.904013e-10 -3.755482e-05 
7.908372e-10 -4.049625e-05 
7.912730e-10 -4.347437e-05 
7.917088e-10 -4.648412e-05 
7.921447e-10 -4.952043e-05 
7.925805e-10 -5.257820e-05 
7.930164e-10 -5.565233e-05 
7.934522e-10 -5.873779e-05 
7.938881e-10 -6.182958e-05 
7.943239e-10 -6.492280e-05 
7.947597e-10 -6.801264e-05 
7.951956e-10 -7.109443e-05 
7.956314e-10 -7.416365e-05 
7.960673e-10 -7.721595e-05 
7.965031e-10 -8.024716e-05 
7.969390e-10 -8.325334e-05 
7.973748e-10 -8.623075e-05 
7.978106e-10 -8.917591e-05 
7.982465e-10 -9.208560e-05 
7.986823e-10 -9.495685e-05 
7.991182e-10 -9.778698e-05 
7.995540e-10 -1.005736e-04 
7.999899e-10 -1.033146e-04 
8.004257e-10 -1.060081e-04 
8.008615e-10 -1.086527e-04 
8.012974e-10 -1.112471e-04 
8.017332e-10 -1.137905e-04 
8.021691e-10 -1.162821e-04 
8.026049e-10 -1.187216e-04 
8.030408e-10 -1.211090e-04 
8.034766e-10 -1.234444e-04 
8.039124e-10 -1.257283e-04 
8.043483e-10 -1.279614e-04 
8.047841e-10 -1.301445e-04 
8.052200e-10 -1.322789e-04 
8.056558e-10 -1.343658e-04 
8.060917e-10 -1.364066e-04 
8.065275e-10 -1.384030e-04 
8.069633e-10 -1.403568e-04 
8.073992e-10 -1.422699e-04 
8.078350e-10 -1.441441e-04 
8.082709e-10 -1.459815e-04 
8.087067e-10 -1.477842e-04 
8.091426e-10 -1.495542e-04 
8.095784e-10 -1.512937e-04 
8.100142e-10 -1.530047e-04 
8.104501e-10 -1.546892e-04 
8.108859e-10 -1.563491e-04 
8.113218e-10 -1.579865e-04 
8.117576e-10 -1.596029e-04 
8.121935e-10 -1.612001e-04 
8.126293e-10 -1.627797e-04 
8.130651e-10 -1.643429e-04 
8.135010e-10 -1.658910e-04 
8.139368e-10 -1.674250e-04 
8.143727e-10 -1.689459e-04 
8.148085e-10 -1.704541e-04 
8.152444e-10 -1.719502e-04 
8.156802e-10 -1.734344e-04 
8.161160e-10 -1.749067e-04 
8.165519e-10 -1.763669e-04 
8.169877e-10 -1.778146e-04 
8.174236e-10 -1.792491e-04 
8.178594e-10 -1.806694e-04 
8.182953e-10 -1.820745e-04 
8.187311e-10 -1.834631e-04 
8.191669e-10 -1.848336e-04 
8.196028e-10 -1.861841e-04 
8.200386e-10 -1.875127e-04 
8.204745e-10 -1.888172e-04 
8.209103e-10 -1.900952e-04 
8.213462e-10 -1.913441e-04 
8.217820e-10 -1.925612e-04 
8.222178e-10 -1.937435e-04 
8.226537e-10 -1.948879e-04 
8.230895e-10 -1.959913e-04 
8.235254e-10 -1.970502e-04 
8.239612e-10 -1.980611e-04 
8.243971e-10 -1.990205e-04 
8.248329e-10 -1.999246e-04 
8.252687e-10 -2.007697e-04 
8.257046e-10 -2.015519e-04 
8.261404e-10 -2.022674e-04 
8.265763e-10 -2.029121e-04 
8.270121e-10 -2.034823e-04 
8.274480e-10 -2.039739e-04 
8.278838e-10 -2.043829e-04 
8.283197e-10 -2.047055e-04 
8.287555e-10 -2.049378e-04 
8.291913e-10 -2.050760e-04 
8.296272e-10 -2.051163e-04 
8.300630e-10 -2.050551e-04 
8.304989e-10 -2.048889e-04 
8.309347e-10 -2.046143e-04 
8.313706e-10 -2.042280e-04 
8.318064e-10 -2.037270e-04 
8.322422e-10 -2.031083e-04 
8.326781e-10 -2.023693e-04 
8.331139e-10 -2.015074e-04 
8.335498e-10 -2.005203e-04 
8.339856e-10 -1.994061e-04 
8.344215e-10 -1.981630e-04 
8.348573e-10 -1.967894e-04 
8.352931e-10 -1.952841e-04 
8.357290e-10 -1.936463e-04 
8.361648e-10 -1.918754e-04 
8.366007e-10 -1.899710e-04 
8.370365e-10 -1.879332e-04 
8.374724e-10 -1.857624e-04 
8.379082e-10 -1.834594e-04 
8.383440e-10 -1.810252e-04 
8.387799e-10 -1.784613e-04 
8.392157e-10 -1.757695e-04 
8.396516e-10 -1.729519e-04 
8.400874e-10 -1.700112e-04 
8.405233e-10 -1.669501e-04 
8.409591e-10 -1.637720e-04 
8.413949e-10 -1.604805e-04 
8.418308e-10 -1.570794e-04 
8.422666e-10 -1.535731e-04 
8.427025e-10 -1.499662e-04 
8.431383e-10 -1.462635e-04 
8.435742e-10 -1.424704e-04 
8.440100e-10 -1.385922e-04 
8.444458e-10 -1.346347e-04 
8.448817e-10 -1.306040e-04 
8.453175e-10 -1.265062e-04 
8.457534e-10 -1.223478e-04 
8.461892e-10 -1.181353e-04 
8.466251e-10 -1.138757e-04 
8.470609e-10 -1.095756e-04 
8.474967e-10 -1.052423e-04 
8.479326e-10 -1.008827e-04 
8.483684e-10 -9.650410e-05 
8.488043e-10 -9.211360e-05 
8.492401e-10 -8.771843e-05 
8.496760e-10 -8.332578e-05 
8.501118e-10 -7.894281e-05 
8.505476e-10 -7.457658e-05 
8.509835e-10 -7.023410e-05 
8.514193e-10 -6.592222e-05 
8.518552e-10 -6.164770e-05 
8.522910e-10 -5.741711e-05 
8.527269e-10 -5.323685e-05 
8.531627e-10 -4.911312e-05 
8.535985e-10 -4.505191e-05 
8.540344e-10 -4.105896e-05 
8.544702e-10 -3.713977e-05 
8.549061e-10 -3.329957e-05 
8.553419e-10 -2.954331e-05 
8.557778e-10 -2.587566e-05 
8.562136e-10 -2.230096e-05 
8.566494e-10 -1.882328e-05 
8.570853e-10 -1.544634e-05 
8.575211e-10 -1.217353e-05 
8.579570e-10 -9.007937e-06 
8.583928e-10 -5.952281e-06 
8.588287e-10 -3.008959e-06 
8.592645e-10 -1.800216e-07 
8.597003e-10 2.532824e-06 
8.601362e-10 5.128215e-06 
8.605720e-10 7.605132e-06 
8.610079e-10 9.962896e-06 
8.614437e-10 1.220117e-05 
8.618796e-10 1.431995e-05 
8.623154e-10 1.631958e-05 
8.627512e-10 1.820071e-05 
8.631871e-10 1.996433e-05 
8.636229e-10 2.161175e-05 
8.640588e-10 2.314460e-05 
8.644946e-10 2.456478e-05 
8.649305e-10 2.587455e-05 
8.653663e-10 2.707641e-05 
8.658021e-10 2.817318e-05 
8.662380e-10 2.916793e-05 
8.666738e-10 3.006402e-05 
8.671097e-10 3.086506e-05 
8.675455e-10 3.157491e-05 
8.679814e-10 3.219765e-05 
8.684172e-10 3.273762e-05 
8.688531e-10 3.319934e-05 
8.692889e-10 3.358756e-05 
8.697247e-10 3.390719e-05 
8.701606e-10 3.416335e-05 
8.705964e-10 3.436129e-05 
8.710323e-10 3.450642e-05 
8.714681e-10 3.460428e-05 
8.719040e-10 3.466050e-05 
8.723398e-10 3.468084e-05 
8.727756e-10 3.467111e-05 
8.732115e-10 3.463719e-05 
8.736473e-10 3.458501e-05 
8.740832e-10 3.452050e-05 
8.745190e-10 3.444960e-05 
8.749549e-10 3.437823e-05 
8.753907e-10 3.431228e-05 
8.758265e-10 3.425756e-05 
8.762624e-10 3.421981e-05 
8.766982e-10 3.420467e-05 
8.771341e-10 3.421765e-05 
8.775699e-10 3.426412e-05 
8.780058e-10 3.434928e-05 
8.784416e-10 3.447815e-05 
8.788774e-10 3.465555e-05 
8.793133e-10 3.488606e-05 
8.797491e-10 3.517404e-05 
8.801850e-10 3.552357e-05 
8.806208e-10 3.593848e-05 
8.810567e-10 3.642229e-05 
8.814925e-10 3.697821e-05 
8.819283e-10 3.760913e-05 
8.823642e-10 3.831762e-05 
8.828000e-10 3.910591e-05 
8.832359e-10 3.997583e-05 
8.836717e-10 4.092891e-05 
8.841076e-10 4.196625e-05 
8.845434e-10 4.308861e-05 
8.849792e-10 4.429635e-05 
8.854151e-10 4.558943e-05 
8.858509e-10 4.696745e-05 
8.862868e-10 4.842958e-05 
8.867226e-10 4.997463e-05 
8.871585e-10 5.160100e-05 
8.875943e-10 5.330670e-05 
8.880301e-10 5.508936e-05 
8.884660e-10 5.694623e-05 
8.889018e-10 5.887419e-05 
8.893377e-10 6.086972e-05 
8.897735e-10 6.292898e-05 
8.902094e-10 6.504776e-05 
8.906452e-10 6.722150e-05 
8.910810e-10 6.944533e-05 
8.915169e-10 7.171404e-05 
8.919527e-10 7.402213e-05 
8.923886e-10 7.636380e-05 
8.928244e-10 7.873299e-05 
8.932603e-10 8.112334e-05 
8.936961e-10 8.352830e-05 
8.941319e-10 8.594104e-05 
8.945678e-10 8.835457e-05 
8.950036e-10 9.076166e-05 
8.954395e-10 9.315496e-05 
8.958753e-10 9.552693e-05 
8.963112e-10 9.786994e-05 
8.967470e-10 1.001762e-04 
8.971828e-10 1.024379e-04 
8.976187e-10 1.046472e-04 
8.980545e-10 1.067960e-04 
8.984904e-10 1.088766e-04 
8.989262e-10 1.108809e-04 
8.993621e-10 1.128010e-04 
8.997979e-10 1.146292e-04 
9.002337e-10 1.163578e-04 
9.006696e-10 1.179790e-04 
9.011054e-10 1.194856e-04 
9.015413e-10 1.208702e-04 
9.019771e-10 1.221257e-04 
9.024130e-10 1.232454e-04 
9.028488e-10 1.242226e-04 
9.032846e-10 1.250510e-04 
9.037205e-10 1.257247e-04 
9.041563e-10 1.262380e-04 
9.045922e-10 1.265857e-04 
9.050280e-10 1.267627e-04 
9.054639e-10 1.267648e-04 
9.058997e-10 1.265876e-04 
9.063356e-10 1.262278e-04 
9.067714e-10 1.256820e-04 
9.072072e-10 1.249477e-04 
9.076431e-10 1.240227e-04 
9.080789e-10 1.229054e-04 
9.085148e-10 1.215946e-04 
9.089506e-10 1.200898e-04 
9.093865e-10 1.183911e-04 
9.098223e-10 1.164988e-04 
9.102581e-10 1.144142e-04 
9.106940e-10 1.121389e-04 
9.111298e-10 1.096751e-04 
9.115657e-10 1.070257e-04 
9.120015e-10 1.041939e-04 
9.124374e-10 1.011837e-04 
9.128732e-10 9.799956e-05 
9.133090e-10 9.464640e-05 
9.137449e-10 9.112974e-05 
9.141807e-10 8.745559e-05 
9.146166e-10 8.363043e-05 
9.150524e-10 7.966122e-05 
9.154883e-10 7.555538e-05 
9.159241e-10 7.132073e-05 
9.163599e-10 6.696553e-05 
9.167958e-10 6.249838e-05 
9.172316e-10 5.792826e-05 
9.176675e-10 5.326446e-05 
9.181033e-10 4.851656e-05 
9.185392e-10 4.369443e-05 
9.189750e-10 3.880814e-05 
9.194108e-10 3.386800e-05 
9.198467e-10 2.888446e-05 
9.202825e-10 2.386813e-05 
9.207184e-10 1.882972e-05 
9.211542e-10 1.378000e-05 
9.215901e-10 8.729815e-06 
9.220259e-10 3.689986e-06 
9.224617e-10 -1.328673e-06 
9.228976e-10 -6.315407e-06 
9.233334e-10 -1.125955e-05 
9.237693e-10 -1.615054e-05 
9.242051e-10 -2.097799e-05 
9.246410e-10 -2.573166e-05 
9.250768e-10 -3.040153e-05 
9.255126e-10 -3.497782e-05 
9.259485e-10 -3.945100e-05 
9.263843e-10 -4.381181e-05 
9.268202e-10 -4.805133e-05 
9.272560e-10 -5.216094e-05 
9.276919e-10 -5.613239e-05 
9.281277e-10 -5.995780e-05 
9.285635e-10 -6.362967e-05 
9.289994e-10 -6.714091e-05 
9.294352e-10 -7.048488e-05 
9.298711e-10 -7.365533e-05 
9.303069e-10 -7.664650e-05 
9.307428e-10 -7.945306e-05 
9.311786e-10 -8.207018e-05 
9.316144e-10 -8.449349e-05 
9.320503e-10 -8.671910e-05 
9.324861e-10 -8.874362e-05 
9.329220e-10 -9.056414e-05 
9.333578e-10 -9.217827e-05 
9.337937e-10 -9.358408e-05 
9.342295e-10 -9.478016e-05 
9.346653e-10 -9.576559e-05 
9.351012e-10 -9.653991e-05 
9.355370e-10 -9.710318e-05 
9.359729e-10 -9.745590e-05 
9.364087e-10 -9.759908e-05 
9.368446e-10 -9.753415e-05 
9.372804e-10 -9.726302e-05 
9.377162e-10 -9.678800e-05 
9.381521e-10 -9.611188e-05 
9.385879e-10 -9.523781e-05 
9.390238e-10 -9.416938e-05 
9.394596e-10 -9.291055e-05 
9.398955e-10 -9.146563e-05 
9.403313e-10 -8.983931e-05 
9.407671e-10 -8.803660e-05 
9.412030e-10 -8.606283e-05 
9.416388e-10 -8.392364e-05 
9.420747e-10 -8.162492e-05 
9.425105e-10 -7.917285e-05 
9.429464e-10 -7.657383e-05 
9.433822e-10 -7.383449e-05 
9.438180e-10 -7.096165e-05 
9.442539e-10 -6.796231e-05 
9.446897e-10 -6.484362e-05 
9.451256e-10 -6.161289e-05 
9.455614e-10 -5.827750e-05 
9.459973e-10 -5.484495e-05 
9.464331e-10 -5.132281e-05 
9.468690e-10 -4.771868e-05 
9.473048e-10 -4.404020e-05 
9.477406e-10 -4.029502e-05 
9.481765e-10 -3.649075e-05 
9.486123e-10 -3.263500e-05 
9.490482e-10 -2.873529e-05 
9.494840e-10 -2.479909e-05 
9.499199e-10 -2.083375e-05 
9.503557e-10 -1.684655e-05 
9.507915e-10 -1.284458e-05 
9.512274e-10 -8.834847e-06 
9.516632e-10 -4.824148e-06 
9.520991e-10 -8.191247e-07 
9.525349e-10 3.173778e-06 
9.529708e-10 7.148319e-06 
9.534066e-10 1.109847e-05 
9.538424e-10 1.501844e-05 
9.542783e-10 1.890267e-05 
9.547141e-10 2.274584e-05 
9.551500e-10 2.654288e-05 
9.555858e-10 3.028900e-05 
9.560217e-10 3.397964e-05 
9.564575e-10 3.761055e-05 
9.568933e-10 4.117772e-05 
9.573292e-10 4.467740e-05 
9.577650e-10 4.810615e-05 
9.582009e-10 5.146077e-05 
9.586367e-10 5.473832e-05 
9.590726e-10 5.793617e-05 
9.595084e-10 6.105189e-05 
9.599442e-10 6.408336e-05 
9.603801e-10 6.702867e-05 
9.608159e-10 6.988618e-05 
9.612518e-10 7.265446e-05 
9.616876e-10 7.533233e-05 
9.621235e-10 7.791882e-05 
9.625593e-10 8.041318e-05 
9.629951e-10 8.281484e-05 
9.634310e-10 8.512346e-05 
9.638668e-10 8.733884e-05 
9.643027e-10 8.946098e-05 
9.647385e-10 9.149004e-05 
9.651744e-10 9.342635e-05 
9.656102e-10 9.527035e-05 
9.660460e-10 9.702267e-05 
9.664819e-10 9.868403e-05 
9.669177e-10 1.002553e-04 
9.673536e-10 1.017374e-04 
9.677894e-10 1.031315e-04 
9.682253e-10 1.044387e-04 
9.686611e-10 1.056603e-04 
9.690969e-10 1.067976e-04 
9.695328e-10 1.078523e-04 
9.699686e-10 1.088256e-04 
9.704045e-10 1.097194e-04 
9.708403e-10 1.105352e-04 
9.712762e-10 1.112749e-04 
9.717120e-10 1.119402e-04 
9.721478e-10 1.125330e-04 
9.725837e-10 1.130553e-04 
9.730195e-10 1.135092e-04 
9.734554e-10 1.138966e-04 
9.738912e-10 1.142197e-04 
9.743271e-10 1.144806e-04 
9.747629e-10 1.146817e-04 
9.751987e-10 1.148252e-04 
9.756346e-10 1.149134e-04 
9.760704e-10 1.149487e-04 
9.765063e-10 1.149335e-04 
9.769421e-10 1.148702e-04 
9.773780e-10 1.147614e-04 
9.778138e-10 1.146095e-04 
9.782496e-10 1.144170e-04 
9.786855e-10 1.141865e-04 
9.791213e-10 1.139207e-04 
9.795572e-10 1.136220e-04 
9.799930e-10 1.132930e-04 
9.804289e-10 1.129363e-04 
9.808647e-10 1.125545e-04 
9.813005e-10 1.121501e-04 
9.817364e-10 1.117256e-04 
9.821722e-10 1.112836e-04 
9.826081e-10 1.108265e-04 
9.830439e-10 1.103568e-04 
9.834798e-10 1.098767e-04 
9.839156e-10 1.093887e-04 
9.843514e-10 1.088950e-04 
9.847873e-10 1.083978e-04 
9.852231e-10 1.078992e-04 
9.856590e-10 1.074013e-04 
9.860948e-10 1.069061e-04 
9.865307e-10 1.064154e-04 
9.869665e-10 1.059312e-04 
9.874024e-10 1.054550e-04 
9.878382e-10 1.049886e-04 
9.882740e-10 1.045335e-04 
9.887099e-10 1.040911e-04 
9.891457e-10 1.036629e-04 
9.895816e-10 1.032501e-04 
9.900174e-10 1.028539e-04 
9.904533e-10 1.024754e-04 
9.908891e-10 1.021157e-04 
9.913249e-10 1.017757e-04 
9.917608e-10 1.014561e-04 
9.921966e-10 1.011579e-04 
9.926325e-10 1.008816e-04 
9.930683e-10 1.006279e-04 
9.935042e-10 1.003973e-04 
9.939400e-10 1.001903e-04 
9.943758e-10 1.000073e-04 
9.948117e-10 9.984863e-05 
9.952475e-10 9.971447e-05 
9.956834e-10 9.960504e-05 
9.961192e-10 9.952044e-05 
9.965551e-10 9.946073e-05 
9.969909e-10 9.942586e-05 
9.974267e-10 9.941575e-05 
9.978626e-10 9.943020e-05 
9.982984e-10 9.946899e-05 
9.987343e-10 9.953177e-05 
9.991701e-10 9.961815e-05 
9.996060e-10 9.972764e-05 
