2.179215e-13 0 
6.537645e-13 0 
1.089608e-12 0 
1.525451e-12 0 
1.961294e-12 0 
2.397137e-12 0 
2.832980e-12 0 
3.268823e-12 0 
3.704666e-12 0 
4.140509e-12 0 
4.576352e-12 0 
5.012195e-12 0 
5.448038e-12 0 
5.883881e-12 0 
6.319724e-12 0 
6.755567e-12 0 
7.191410e-12 0 
7.627253e-12 0 
8.063096e-12 0 
8.498939e-12 0 
8.934782e-12 0 
9.370625e-12 0 
9.806468e-12 0 
1.024231e-11 0 
1.067815e-11 0 
1.111400e-11 0 
1.154984e-11 0 
1.198568e-11 0 
1.242153e-11 0 
1.285737e-11 0 
1.329321e-11 0 
1.372905e-11 0 
1.416490e-11 0 
1.460074e-11 0 
1.503658e-11 0 
1.547243e-11 0 
1.590827e-11 0 
1.634411e-11 0 
1.677996e-11 0 
1.721580e-11 0 
1.765164e-11 0 
1.808749e-11 0 
1.852333e-11 0 
1.895917e-11 0 
1.939501e-11 0 
1.983086e-11 0 
2.026670e-11 0 
2.070254e-11 0 
2.113839e-11 0 
2.157423e-11 0 
2.201007e-11 0 
2.244592e-11 0 
2.288176e-11 0 
2.331760e-11 0 
2.375344e-11 0 
2.418929e-11 0 
2.462513e-11 0 
2.506097e-11 0 
2.549682e-11 0 
2.593266e-11 0 
2.636850e-11 0 
2.680435e-11 0 
2.724019e-11 0 
2.767603e-11 0 
2.811187e-11 0 
2.854772e-11 0 
2.898356e-11 0 
2.941940e-11 0 
2.985525e-11 0 
3.029109e-11 0 
3.072693e-11 0 
3.116278e-11 0 
3.159862e-11 0 
3.203446e-11 0 
3.247030e-11 0 
3.290615e-11 0 
3.334199e-11 0 
3.377783e-11 0 
3.421368e-11 0 
3.464952e-11 0 
3.508536e-11 0 
3.552121e-11 0 
3.595705e-11 0 
3.639289e-11 0 
3.682873e-11 0 
3.726458e-11 0 
3.770042e-11 0 
3.813626e-11 0 
3.857211e-11 0 
3.900795e-11 0 
3.944379e-11 0 
3.987964e-11 0 
4.031548e-11 0 
4.075132e-11 0 
4.118716e-11 0 
4.162301e-11 0 
4.205885e-11 0 
4.249469e-11 0 
4.293054e-11 0 
4.336638e-11 0 
4.380222e-11 0 
4.423807e-11 0 
4.467391e-11 0 
4.510975e-11 -6.774124e-171 
4.554560e-11 3.991230e-80 
4.598144e-11 4.762138e-78 
4.641728e-11 -1.032136e-65 
4.685312e-11 -2.503553e-64 
4.728897e-11 -1.488479e-62 
4.772481e-11 -2.872466e-61 
4.816065e-11 -9.251481e-60 
4.859650e-11 -1.451057e-58 
4.903234e-11 -3.096316e-57 
4.946818e-11 -4.061724e-56 
4.990403e-11 -6.442234e-55 
5.033987e-11 -7.262786e-54 
5.077571e-11 -9.158608e-53 
5.121155e-11 -9.051068e-52 
5.164740e-11 -9.480268e-51 
5.208324e-11 -8.330871e-50 
5.251908e-11 -7.474628e-49 
5.295493e-11 -5.902405e-48 
5.339077e-11 -4.641308e-47 
5.382661e-11 -3.320416e-46 
5.426246e-11 -2.328593e-45 
5.469830e-11 -1.519447e-44 
5.513414e-11 -9.632253e-44 
5.556998e-11 -5.766582e-43 
5.600583e-11 -3.339288e-42 
5.644167e-11 -1.843975e-41 
5.687751e-11 -9.834593e-41 
5.731336e-11 -5.033636e-40 
5.774920e-11 -2.488813e-39 
5.818504e-11 -1.185962e-38 
5.862089e-11 -5.465025e-38 
5.905673e-11 -2.434281e-37 
5.949257e-11 -1.050036e-36 
5.992841e-11 -4.387845e-36 
6.036426e-11 -1.778268e-35 
6.080010e-11 -6.993785e-35 
6.123594e-11 -2.671413e-34 
6.167179e-11 -9.916676e-34 
6.210763e-11 -3.579863e-33 
6.254347e-11 -1.257483e-32 
6.297932e-11 -4.300463e-32 
6.341516e-11 -1.432638e-31 
6.385100e-11 -4.651363e-31 
6.428684e-11 -1.472483e-30 
6.472269e-11 -4.547131e-30 
6.515853e-11 -1.370320e-29 
6.559437e-11 -4.031565e-29 
6.603022e-11 -1.158383e-28 
6.646606e-11 -3.251684e-28 
6.690190e-11 -8.920396e-28 
6.733775e-11 -2.392287e-27 
6.777359e-11 -6.273670e-27 
6.820943e-11 -1.609266e-26 
6.864527e-11 -4.038720e-26 
6.908112e-11 -9.919144e-26 
6.951696e-11 -2.384614e-25 
6.995280e-11 -5.612653e-25 
7.038865e-11 -1.293636e-24 
7.082449e-11 -2.920332e-24 
7.126033e-11 -6.458114e-24 
7.169618e-11 -1.399283e-23 
7.213202e-11 -2.970990e-23 
7.256786e-11 -6.182403e-23 
7.300371e-11 -1.261062e-22 
7.343955e-11 -2.521725e-22 
7.387539e-11 -4.944231e-22 
7.431123e-11 -9.505949e-22 
7.474708e-11 -1.792434e-21 
7.518292e-11 -3.315105e-21 
7.561876e-11 -6.014705e-21 
7.605461e-11 -1.070665e-20 
7.649045e-11 -1.870156e-20 
7.692629e-11 -3.205938e-20 
7.736214e-11 -5.394624e-20 
7.779798e-11 -8.912118e-20 
7.823382e-11 -1.445811e-19 
7.866966e-11 -2.303906e-19 
7.910551e-11 -3.607208e-19 
7.954135e-11 -5.551147e-19 
7.997719e-11 -8.399960e-19 
8.041304e-11 -1.250439e-18 
8.084888e-11 -1.832233e-18 
8.128472e-11 -2.644301e-18 
8.172057e-11 -3.761611e-18 
8.215641e-11 -5.278762e-18 
8.259225e-11 -7.314602e-18 
8.302809e-11 -1.001829e-17 
8.346394e-11 -1.357744e-17 
8.389978e-11 -1.822900e-17 
8.433562e-11 -2.427377e-17 
8.477147e-11 -3.209539e-17 
8.520731e-11 -4.218467e-17 
8.564315e-11 -5.517047e-17 
8.607900e-11 -7.185797e-17 
8.651484e-11 -9.327599e-17 
8.695068e-11 -1.207350e-16 
8.738652e-11 -1.558985e-16 
8.782237e-11 -2.008712e-16 
8.825821e-11 -2.583083e-16 
8.869405e-11 -3.315525e-16 
8.912990e-11 -4.248050e-16 
8.956574e-11 -5.433395e-16 
9.000158e-11 -6.937696e-16 
9.043743e-11 -8.843806e-16 
9.087327e-11 -1.125540e-15 
9.130911e-11 -1.430205e-15 
9.174495e-11 -1.814543e-15 
9.218080e-11 -2.298696e-15 
9.261664e-11 -2.907718e-15 
9.305248e-11 -3.672723e-15 
9.348833e-11 -4.632289e-15 
9.392417e-11 -5.834173e-15 
9.436001e-11 -7.337410e-15 
9.479586e-11 -9.214862e-15 
9.523170e-11 -1.155632e-14 
9.566754e-11 -1.447228e-14 
9.610338e-11 -1.809848e-14 
9.653923e-11 -2.260145e-14 
9.697507e-11 -2.818513e-14 
9.741091e-11 -3.509896e-14 
9.784676e-11 -4.364750e-14 
9.828260e-11 -5.420205e-14 
9.871844e-11 -6.721463e-14 
9.915429e-11 -8.323463e-14 
9.959013e-11 -1.029287e-13 
1.000260e-10 -1.271048e-13 
1.004618e-10 -1.567401e-13 
1.008977e-10 -1.930151e-13 
1.013335e-10 -2.373536e-13 
1.017693e-10 -2.914699e-13 
1.022052e-10 -3.574254e-13 
1.026410e-10 -4.376943e-13 
1.030769e-10 -5.352422e-13 
1.035127e-10 -6.536179e-13 
1.039486e-10 -7.970615e-13 
1.043844e-10 -9.706312e-13 
1.048202e-10 -1.180351e-12 
1.052561e-10 -1.433386e-12 
1.056919e-10 -1.738241e-12 
1.061278e-10 -2.105000e-12 
1.065636e-10 -2.545596e-12 
1.069995e-10 -3.074130e-12 
1.074353e-10 -3.707240e-12 
1.078711e-10 -4.464522e-12 
1.083070e-10 -5.369024e-12 
1.087428e-10 -6.447804e-12 
1.091787e-10 -7.732584e-12 
1.096145e-10 -9.260491e-12 
1.100504e-10 -1.107491e-11 
1.104862e-10 -1.322644e-11 
1.109220e-10 -1.577404e-11 
1.113579e-10 -1.878626e-11 
1.117937e-10 -2.234266e-11 
1.122296e-10 -2.653549e-11 
1.126654e-10 -3.147148e-11 
1.131013e-10 -3.727393e-11 
1.135371e-10 -4.408504e-11 
1.139729e-10 -5.206857e-11 
1.144088e-10 -6.141275e-11 
1.148446e-10 -7.233358e-11 
1.152805e-10 -8.507858e-11 
1.157163e-10 -9.993082e-11 
1.161522e-10 -1.172135e-10 
1.165880e-10 -1.372952e-10 
1.170238e-10 -1.605951e-10 
1.174597e-10 -1.875896e-10 
1.178955e-10 -2.188189e-10 
1.183314e-10 -2.548947e-10 
1.187672e-10 -2.965081e-10 
1.192031e-10 -3.444390e-10 
1.196389e-10 -3.995656e-10 
1.200748e-10 -4.628754e-10 
1.205106e-10 -5.354765e-10 
1.209464e-10 -6.186100e-10 
1.213823e-10 -7.136639e-10 
1.218181e-10 -8.221877e-10 
1.222540e-10 -9.459072e-10 
1.226898e-10 -1.086742e-09 
1.231257e-10 -1.246823e-09 
1.235615e-10 -1.428510e-09 
1.239973e-10 -1.634413e-09 
1.244332e-10 -1.867414e-09 
1.248690e-10 -2.130686e-09 
1.253049e-10 -2.427717e-09 
1.257407e-10 -2.762334e-09 
1.261766e-10 -3.138729e-09 
1.266124e-10 -3.561481e-09 
1.270482e-10 -4.035584e-09 
1.274841e-10 -4.566471e-09 
1.279199e-10 -5.160041e-09 
1.283558e-10 -5.822687e-09 
1.287916e-10 -6.561317e-09 
1.292275e-10 -7.383382e-09 
1.296633e-10 -8.296902e-09 
1.300991e-10 -9.310482e-09 
1.305350e-10 -1.043334e-08 
1.309708e-10 -1.167531e-08 
1.314067e-10 -1.304689e-08 
1.318425e-10 -1.455921e-08 
1.322784e-10 -1.622408e-08 
1.327142e-10 -1.805397e-08 
1.331500e-10 -2.006201e-08 
1.335859e-10 -2.226199e-08 
1.340217e-10 -2.466833e-08 
1.344576e-10 -2.729610e-08 
1.348934e-10 -3.016092e-08 
1.353293e-10 -3.327898e-08 
1.357651e-10 -3.666696e-08 
1.362009e-10 -4.034199e-08 
1.366368e-10 -4.432154e-08 
1.370726e-10 -4.862338e-08 
1.375085e-10 -5.326545e-08 
1.379443e-10 -5.826574e-08 
1.383802e-10 -6.364219e-08 
1.388160e-10 -6.941254e-08 
1.392518e-10 -7.559411e-08 
1.396877e-10 -8.220373e-08 
1.401235e-10 -8.925743e-08 
1.405594e-10 -9.677028e-08 
1.409952e-10 -1.047562e-07 
1.414311e-10 -1.132275e-07 
1.418669e-10 -1.221950e-07 
1.423027e-10 -1.316672e-07 
1.427386e-10 -1.416506e-07 
1.431744e-10 -1.521487e-07 
1.436103e-10 -1.631623e-07 
1.440461e-10 -1.746884e-07 
1.444820e-10 -1.867207e-07 
1.449178e-10 -1.992484e-07 
1.453536e-10 -2.122563e-07 
1.457895e-10 -2.257241e-07 
1.462253e-10 -2.396262e-07 
1.466612e-10 -2.539309e-07 
1.470970e-10 -2.686005e-07 
1.475329e-10 -2.835903e-07 
1.479687e-10 -2.988485e-07 
1.484045e-10 -3.143157e-07 
1.488404e-10 -3.299242e-07 
1.492762e-10 -3.455981e-07 
1.497121e-10 -3.612524e-07 
1.501479e-10 -3.767929e-07 
1.505838e-10 -3.921159e-07 
1.510196e-10 -4.071075e-07 
1.514554e-10 -4.216437e-07 
1.518913e-10 -4.355898e-07 
1.523271e-10 -4.488008e-07 
1.527630e-10 -4.611204e-07 
1.531988e-10 -4.723816e-07 
1.536347e-10 -4.824063e-07 
1.540705e-10 -4.910054e-07 
1.545063e-10 -4.979791e-07 
1.549422e-10 -5.031167e-07 
1.553780e-10 -5.061972e-07 
1.558139e-10 -5.069893e-07 
1.562497e-10 -5.052524e-07 
1.566856e-10 -5.007364e-07 
1.571214e-10 -4.931829e-07 
1.575572e-10 -4.823256e-07 
1.579931e-10 -4.678913e-07 
1.584289e-10 -4.496007e-07 
1.588648e-10 -4.271696e-07 
1.593006e-10 -4.003098e-07 
1.597365e-10 -3.687307e-07 
1.601723e-10 -3.321403e-07 
1.606082e-10 -2.902467e-07 
1.610440e-10 -2.427600e-07 
1.614798e-10 -1.893935e-07 
1.619157e-10 -1.298659e-07 
1.623515e-10 -6.390254e-08 
1.627874e-10 8.761947e-09 
1.632232e-10 8.838220e-08 
1.636591e-10 1.751998e-07 
1.640949e-10 2.694414e-07 
1.645307e-10 3.713161e-07 
1.649666e-10 4.810137e-07 
1.654024e-10 5.987023e-07 
1.658383e-10 7.245257e-07 
1.662741e-10 8.586020e-07 
1.667100e-10 1.001020e-06 
1.671458e-10 1.151839e-06 
1.675816e-10 1.311084e-06 
1.680175e-10 1.478746e-06 
1.684533e-10 1.654778e-06 
1.688892e-10 1.839094e-06 
1.693250e-10 2.031569e-06 
1.697609e-10 2.232031e-06 
1.701967e-10 2.440268e-06 
1.706325e-10 2.656018e-06 
1.710684e-10 2.878976e-06 
1.715042e-10 3.108785e-06 
1.719401e-10 3.345039e-06 
1.723759e-10 3.587283e-06 
1.728118e-10 3.835010e-06 
1.732476e-10 4.087663e-06 
1.736834e-10 4.344631e-06 
1.741193e-10 4.605254e-06 
1.745551e-10 4.868820e-06 
1.749910e-10 5.134567e-06 
1.754268e-10 5.401683e-06 
1.758627e-10 5.669308e-06 
1.762985e-10 5.936534e-06 
1.767343e-10 6.202409e-06 
1.771702e-10 6.465938e-06 
1.776060e-10 6.726082e-06 
1.780419e-10 6.981766e-06 
1.784777e-10 7.231879e-06 
1.789136e-10 7.475275e-06 
1.793494e-10 7.710780e-06 
1.797852e-10 7.937194e-06 
1.802211e-10 8.153294e-06 
1.806569e-10 8.357837e-06 
1.810928e-10 8.549570e-06 
1.815286e-10 8.727225e-06 
1.819645e-10 8.889533e-06 
1.824003e-10 9.035222e-06 
1.828361e-10 9.163024e-06 
1.832720e-10 9.271682e-06 
1.837078e-10 9.359953e-06 
1.841437e-10 9.426613e-06 
1.845795e-10 9.470463e-06 
1.850154e-10 9.490336e-06 
1.854512e-10 9.485098e-06 
1.858870e-10 9.453659e-06 
1.863229e-10 9.394974e-06 
1.867587e-10 9.308050e-06 
1.871946e-10 9.191953e-06 
1.876304e-10 9.045809e-06 
1.880663e-10 8.868813e-06 
1.885021e-10 8.660234e-06 
1.889379e-10 8.419417e-06 
1.893738e-10 8.145789e-06 
1.898096e-10 7.838866e-06 
1.902455e-10 7.498252e-06 
1.906813e-10 7.123650e-06 
1.911172e-10 6.714859e-06 
1.915530e-10 6.271783e-06 
1.919888e-10 5.794430e-06 
1.924247e-10 5.282918e-06 
1.928605e-10 4.737477e-06 
1.932964e-10 4.158450e-06 
1.937322e-10 3.546295e-06 
1.941681e-10 2.901588e-06 
1.946039e-10 2.225025e-06 
1.950397e-10 1.517419e-06 
1.954756e-10 7.797031e-07 
1.959114e-10 1.293064e-08 
1.963473e-10 -7.817267e-07 
1.967831e-10 -1.602979e-06 
1.972190e-10 -2.449419e-06 
1.976548e-10 -3.319527e-06 
1.980907e-10 -4.211666e-06 
1.985265e-10 -5.124093e-06 
1.989623e-10 -6.054956e-06 
1.993982e-10 -7.002301e-06 
1.998340e-10 -7.964072e-06 
2.002699e-10 -8.938120e-06 
2.007057e-10 -9.922204e-06 
2.011416e-10 -1.091400e-05 
2.015774e-10 -1.191110e-05 
2.020132e-10 -1.291102e-05 
2.024491e-10 -1.391122e-05 
2.028849e-10 -1.490908e-05 
2.033208e-10 -1.590195e-05 
2.037566e-10 -1.688710e-05 
2.041925e-10 -1.786179e-05 
2.046283e-10 -1.882323e-05 
2.050641e-10 -1.976860e-05 
2.055000e-10 -2.069507e-05 
2.059358e-10 -2.159982e-05 
2.063717e-10 -2.247999e-05 
2.068075e-10 -2.333275e-05 
2.072434e-10 -2.415528e-05 
2.076792e-10 -2.494478e-05 
2.081150e-10 -2.569850e-05 
2.085509e-10 -2.641370e-05 
2.089867e-10 -2.708771e-05 
2.094226e-10 -2.771791e-05 
2.098584e-10 -2.830174e-05 
2.102943e-10 -2.883672e-05 
2.107301e-10 -2.932045e-05 
2.111659e-10 -2.975061e-05 
2.116018e-10 -3.012499e-05 
2.120376e-10 -3.044146e-05 
2.124735e-10 -3.069804e-05 
2.129093e-10 -3.089282e-05 
2.133452e-10 -3.102404e-05 
2.137810e-10 -3.109008e-05 
2.142168e-10 -3.108944e-05 
2.146527e-10 -3.102075e-05 
2.150885e-10 -3.088282e-05 
2.155244e-10 -3.067460e-05 
2.159602e-10 -3.039518e-05 
2.163961e-10 -3.004384e-05 
2.168319e-10 -2.962000e-05 
2.172677e-10 -2.912328e-05 
2.177036e-10 -2.855344e-05 
2.181394e-10 -2.791045e-05 
2.185753e-10 -2.719443e-05 
2.190111e-10 -2.640570e-05 
2.194470e-10 -2.554475e-05 
2.198828e-10 -2.461226e-05 
2.203186e-10 -2.360909e-05 
2.207545e-10 -2.253629e-05 
2.211903e-10 -2.139510e-05 
2.216262e-10 -2.018693e-05 
2.220620e-10 -1.891338e-05 
2.224979e-10 -1.757623e-05 
2.229337e-10 -1.617744e-05 
2.233695e-10 -1.471915e-05 
2.238054e-10 -1.320368e-05 
2.242412e-10 -1.163351e-05 
2.246771e-10 -1.001129e-05 
2.251129e-10 -8.339828e-06 
2.255488e-10 -6.622108e-06 
2.259846e-10 -4.861255e-06 
2.264204e-10 -3.060545e-06 
2.268563e-10 -1.223398e-06 
2.272921e-10 6.466312e-07 
2.277280e-10 2.545855e-06 
2.281638e-10 4.470464e-06 
2.285997e-10 6.416532e-06 
2.290355e-10 8.380025e-06 
2.294713e-10 1.035681e-05 
2.299072e-10 1.234265e-05 
2.303430e-10 1.433324e-05 
2.307789e-10 1.632420e-05 
2.312147e-10 1.831106e-05 
2.316506e-10 2.028931e-05 
2.320864e-10 2.225440e-05 
2.325222e-10 2.420173e-05 
2.329581e-10 2.612667e-05 
2.333939e-10 2.802458e-05 
2.338298e-10 2.989080e-05 
2.342656e-10 3.172068e-05 
2.347015e-10 3.350958e-05 
2.351373e-10 3.525289e-05 
2.355731e-10 3.694603e-05 
2.360090e-10 3.858445e-05 
2.364448e-10 4.016368e-05 
2.368807e-10 4.167930e-05 
2.373165e-10 4.312697e-05 
2.377524e-10 4.450244e-05 
2.381882e-10 4.580157e-05 
2.386241e-10 4.702030e-05 
2.390599e-10 4.815472e-05 
2.394957e-10 4.920104e-05 
2.399316e-10 5.015561e-05 
2.403674e-10 5.101495e-05 
2.408033e-10 5.177572e-05 
2.412391e-10 5.243477e-05 
2.416750e-10 5.298912e-05 
2.421108e-10 5.343601e-05 
2.425466e-10 5.377286e-05 
2.429825e-10 5.399732e-05 
2.434183e-10 5.410725e-05 
2.438542e-10 5.410074e-05 
2.442900e-10 5.397613e-05 
2.447259e-10 5.373201e-05 
2.451617e-10 5.336723e-05 
2.455975e-10 5.288088e-05 
2.460334e-10 5.227234e-05 
2.464692e-10 5.154126e-05 
2.469051e-10 5.068757e-05 
2.473409e-10 4.971149e-05 
2.477768e-10 4.861354e-05 
2.482126e-10 4.739451e-05 
2.486484e-10 4.605550e-05 
2.490843e-10 4.459792e-05 
2.495201e-10 4.302348e-05 
2.499560e-10 4.133416e-05 
2.503918e-10 3.953229e-05 
2.508277e-10 3.762046e-05 
2.512635e-10 3.560159e-05 
2.516993e-10 3.347887e-05 
2.521352e-10 3.125581e-05 
2.525710e-10 2.893619e-05 
2.530069e-10 2.652408e-05 
2.534427e-10 2.402383e-05 
2.538786e-10 2.144005e-05 
2.543144e-10 1.877764e-05 
2.547502e-10 1.604173e-05 
2.551861e-10 1.323771e-05 
2.556219e-10 1.037120e-05 
2.560578e-10 7.448058e-06 
2.564936e-10 4.474334e-06 
2.569295e-10 1.456299e-06 
2.573653e-10 -1.599597e-06 
2.578011e-10 -4.686723e-06 
2.582370e-10 -7.798292e-06 
2.586728e-10 -1.092737e-05 
2.591087e-10 -1.406689e-05 
2.595445e-10 -1.720968e-05 
2.599804e-10 -2.034846e-05 
2.604162e-10 -2.347587e-05 
2.608520e-10 -2.658451e-05 
2.612879e-10 -2.966691e-05 
2.617237e-10 -3.271559e-05 
2.621596e-10 -3.572305e-05 
2.625954e-10 -3.868182e-05 
2.630313e-10 -4.158446e-05 
2.634671e-10 -4.442357e-05 
2.639029e-10 -4.719183e-05 
2.643388e-10 -4.988202e-05 
2.647746e-10 -5.248703e-05 
2.652105e-10 -5.499987e-05 
2.656463e-10 -5.741371e-05 
2.660822e-10 -5.972191e-05 
2.665180e-10 -6.191801e-05 
2.669538e-10 -6.399574e-05 
2.673897e-10 -6.594911e-05 
2.678255e-10 -6.777234e-05 
2.682614e-10 -6.945995e-05 
2.686972e-10 -7.100672e-05 
2.691331e-10 -7.240777e-05 
2.695689e-10 -7.365850e-05 
2.700047e-10 -7.475470e-05 
2.704406e-10 -7.569248e-05 
2.708764e-10 -7.646832e-05 
2.713123e-10 -7.707911e-05 
2.717481e-10 -7.752212e-05 
2.721840e-10 -7.779503e-05 
2.726198e-10 -7.789594e-05 
2.730556e-10 -7.782340e-05 
2.734915e-10 -7.757638e-05 
2.739273e-10 -7.715431e-05 
2.743632e-10 -7.655707e-05 
2.747990e-10 -7.578499e-05 
2.752349e-10 -7.483889e-05 
2.756707e-10 -7.372005e-05 
2.761066e-10 -7.243019e-05 
2.765424e-10 -7.097155e-05 
2.769782e-10 -6.934680e-05 
2.774141e-10 -6.755908e-05 
2.778499e-10 -6.561200e-05 
2.782858e-10 -6.350964e-05 
2.787216e-10 -6.125650e-05 
2.791575e-10 -5.885754e-05 
2.795933e-10 -5.631815e-05 
2.800291e-10 -5.364415e-05 
2.804650e-10 -5.084175e-05 
2.809008e-10 -4.791756e-05 
2.813367e-10 -4.487860e-05 
2.817725e-10 -4.173223e-05 
2.822084e-10 -3.848615e-05 
2.826442e-10 -3.514843e-05 
2.830800e-10 -3.172743e-05 
2.835159e-10 -2.823179e-05 
2.839517e-10 -2.467045e-05 
2.843876e-10 -2.105258e-05 
2.848234e-10 -1.738759e-05 
2.852593e-10 -1.368510e-05 
2.856951e-10 -9.954896e-06 
2.861309e-10 -6.206924e-06 
2.865668e-10 -2.451264e-06 
2.870026e-10 1.301899e-06 
2.874385e-10 5.042303e-06 
2.878743e-10 8.759636e-06 
2.883102e-10 1.244356e-05 
2.887460e-10 1.608374e-05 
2.891818e-10 1.966986e-05 
2.896177e-10 2.319169e-05 
2.900535e-10 2.663906e-05 
2.904894e-10 3.000193e-05 
2.909252e-10 3.327037e-05 
2.913611e-10 3.643467e-05 
2.917969e-10 3.948526e-05 
2.922327e-10 4.241282e-05 
2.926686e-10 4.520829e-05 
2.931044e-10 4.786285e-05 
2.935403e-10 5.036799e-05 
2.939761e-10 5.271554e-05 
2.944120e-10 5.489764e-05 
2.948478e-10 5.690684e-05 
2.952836e-10 5.873604e-05 
2.957195e-10 6.037857e-05 
2.961553e-10 6.182818e-05 
2.965912e-10 6.307907e-05 
2.970270e-10 6.412591e-05 
2.974629e-10 6.496382e-05 
2.978987e-10 6.558845e-05 
2.983345e-10 6.599592e-05 
2.987704e-10 6.618289e-05 
2.992062e-10 6.614654e-05 
2.996421e-10 6.588456e-05 
3.000779e-10 6.539520e-05 
3.005138e-10 6.467725e-05 
3.009496e-10 6.373004e-05 
3.013854e-10 6.255345e-05 
3.018213e-10 6.114789e-05 
3.022571e-10 5.951433e-05 
3.026930e-10 5.765426e-05 
3.031288e-10 5.556974e-05 
3.035647e-10 5.326330e-05 
3.040005e-10 5.073803e-05 
3.044363e-10 4.799750e-05 
3.048722e-10 4.504578e-05 
3.053080e-10 4.188742e-05 
3.057439e-10 3.852743e-05 
3.061797e-10 3.497125e-05 
3.066156e-10 3.122479e-05 
3.070514e-10 2.729431e-05 
3.074872e-10 2.318651e-05 
3.079231e-10 1.890843e-05 
3.083589e-10 1.446745e-05 
3.087948e-10 9.871267e-06 
3.092306e-10 5.127886e-06 
3.096665e-10 2.455654e-07 
3.101023e-10 -4.767192e-06 
3.105381e-10 -9.901671e-06 
3.109740e-10 -1.514897e-05 
3.114098e-10 -2.050005e-05 
3.118457e-10 -2.594572e-05 
3.122815e-10 -3.147670e-05 
3.127174e-10 -3.708366e-05 
3.131532e-10 -4.275723e-05 
3.135890e-10 -4.848803e-05 
3.140249e-10 -5.426671e-05 
3.144607e-10 -6.008398e-05 
3.148966e-10 -6.593064e-05 
3.153324e-10 -7.179762e-05 
3.157683e-10 -7.767599e-05 
3.162041e-10 -8.355702e-05 
3.166400e-10 -8.943217e-05 
3.170758e-10 -9.529318e-05 
3.175116e-10 -1.011320e-04 
3.179475e-10 -1.069410e-04 
3.183833e-10 -1.127128e-04 
3.188192e-10 -1.184404e-04 
3.192550e-10 -1.241172e-04 
3.196909e-10 -1.297370e-04 
3.201267e-10 -1.352940e-04 
3.205625e-10 -1.407830e-04 
3.209984e-10 -1.461992e-04 
3.214342e-10 -1.515383e-04 
3.218701e-10 -1.567966e-04 
3.223059e-10 -1.619709e-04 
3.227418e-10 -1.670587e-04 
3.231776e-10 -1.720579e-04 
3.236134e-10 -1.769673e-04 
3.240493e-10 -1.817859e-04 
3.244851e-10 -1.865138e-04 
3.249210e-10 -1.911515e-04 
3.253568e-10 -1.957002e-04 
3.257927e-10 -2.001619e-04 
3.262285e-10 -2.045389e-04 
3.266643e-10 -2.088348e-04 
3.271002e-10 -2.130532e-04 
3.275360e-10 -2.171990e-04 
3.279719e-10 -2.212774e-04 
3.284077e-10 -2.252943e-04 
3.288436e-10 -2.292565e-04 
3.292794e-10 -2.331712e-04 
3.297152e-10 -2.370463e-04 
3.301511e-10 -2.408905e-04 
3.305869e-10 -2.447130e-04 
3.310228e-10 -2.485234e-04 
3.314586e-10 -2.523323e-04 
3.318945e-10 -2.561503e-04 
3.323303e-10 -2.599889e-04 
3.327661e-10 -2.638598e-04 
3.332020e-10 -2.677755e-04 
3.336378e-10 -2.717484e-04 
3.340737e-10 -2.757915e-04 
3.345095e-10 -2.799182e-04 
3.349454e-10 -2.841419e-04 
3.353812e-10 -2.884762e-04 
3.358170e-10 -2.929351e-04 
3.362529e-10 -2.975323e-04 
3.366887e-10 -3.022817e-04 
3.371246e-10 -3.071971e-04 
3.375604e-10 -3.122922e-04 
3.379963e-10 -3.175804e-04 
3.384321e-10 -3.230749e-04 
3.388679e-10 -3.287885e-04 
3.393038e-10 -3.347337e-04 
3.397396e-10 -3.409224e-04 
3.401755e-10 -3.473659e-04 
3.406113e-10 -3.540751e-04 
3.410472e-10 -3.610599e-04 
3.414830e-10 -3.683297e-04 
3.419188e-10 -3.758930e-04 
3.423547e-10 -3.837575e-04 
3.427905e-10 -3.919297e-04 
3.432264e-10 -4.004155e-04 
3.436622e-10 -4.092197e-04 
3.440981e-10 -4.183459e-04 
3.445339e-10 -4.277969e-04 
3.449697e-10 -4.375744e-04 
3.454056e-10 -4.476788e-04 
3.458414e-10 -4.581098e-04 
3.462773e-10 -4.688657e-04 
3.467131e-10 -4.799442e-04 
3.471490e-10 -4.913418e-04 
3.475848e-10 -5.030539e-04 
3.480206e-10 -5.150755e-04 
3.484565e-10 -5.274005e-04 
3.488923e-10 -5.400221e-04 
3.493282e-10 -5.529329e-04 
3.497640e-10 -5.661252e-04 
3.501999e-10 -5.795905e-04 
3.506357e-10 -5.933204e-04 
3.510715e-10 -6.073060e-04 
3.515074e-10 -6.215385e-04 
3.519432e-10 -6.360091e-04 
3.523791e-10 -6.507092e-04 
3.528149e-10 -6.656306e-04 
3.532508e-10 -6.807654e-04 
3.536866e-10 -6.961062e-04 
3.541224e-10 -7.116465e-04 
3.545583e-10 -7.273803e-04 
3.549941e-10 -7.433027e-04 
3.554300e-10 -7.594093e-04 
3.558658e-10 -7.756972e-04 
3.563017e-10 -7.921640e-04 
3.567375e-10 -8.088089e-04 
3.571734e-10 -8.256317e-04 
3.576092e-10 -8.426333e-04 
3.580450e-10 -8.598158e-04 
3.584809e-10 -8.771822e-04 
3.589167e-10 -8.947360e-04 
3.593526e-10 -9.124819e-04 
3.597884e-10 -9.304247e-04 
3.602243e-10 -9.485702e-04 
3.606601e-10 -9.669239e-04 
3.610959e-10 -9.854916e-04 
3.615318e-10 -1.004279e-03 
3.619676e-10 -1.023291e-03 
3.624035e-10 -1.042533e-03 
3.628393e-10 -1.062007e-03 
3.632752e-10 -1.081716e-03 
3.637110e-10 -1.101661e-03 
3.641468e-10 -1.121840e-03 
3.645827e-10 -1.142252e-03 
3.650185e-10 -1.162889e-03 
3.654544e-10 -1.183744e-03 
3.658902e-10 -1.204805e-03 
3.663261e-10 -1.226059e-03 
3.667619e-10 -1.247488e-03 
3.671977e-10 -1.269071e-03 
3.676336e-10 -1.290783e-03 
3.680694e-10 -1.312596e-03 
3.685053e-10 -1.334477e-03 
3.689411e-10 -1.356390e-03 
3.693770e-10 -1.378296e-03 
3.698128e-10 -1.400150e-03 
3.702486e-10 -1.421905e-03 
3.706845e-10 -1.443510e-03 
3.711203e-10 -1.464912e-03 
3.715562e-10 -1.486053e-03 
3.719920e-10 -1.506874e-03 
3.724279e-10 -1.527314e-03 
3.728637e-10 -1.547308e-03 
3.732995e-10 -1.566793e-03 
3.737354e-10 -1.585703e-03 
3.741712e-10 -1.603972e-03 
3.746071e-10 -1.621536e-03 
3.750429e-10 -1.638329e-03 
3.754788e-10 -1.654291e-03 
3.759146e-10 -1.669361e-03 
3.763504e-10 -1.683481e-03 
3.767863e-10 -1.696599e-03 
3.772221e-10 -1.708666e-03 
3.776580e-10 -1.719636e-03 
3.780938e-10 -1.729471e-03 
3.785297e-10 -1.738139e-03 
3.789655e-10 -1.745612e-03 
3.794013e-10 -1.751873e-03 
3.798372e-10 -1.756908e-03 
3.802730e-10 -1.760714e-03 
3.807089e-10 -1.763293e-03 
3.811447e-10 -1.764658e-03 
3.815806e-10 -1.764829e-03 
3.820164e-10 -1.763834e-03 
3.824522e-10 -1.761708e-03 
3.828881e-10 -1.758496e-03 
3.833239e-10 -1.754250e-03 
3.837598e-10 -1.749028e-03 
3.841956e-10 -1.742896e-03 
3.846315e-10 -1.735927e-03 
3.850673e-10 -1.728198e-03 
3.855031e-10 -1.719791e-03 
3.859390e-10 -1.710794e-03 
3.863748e-10 -1.701297e-03 
3.868107e-10 -1.691393e-03 
3.872465e-10 -1.681175e-03 
3.876824e-10 -1.670739e-03 
3.881182e-10 -1.660178e-03 
3.885540e-10 -1.649587e-03 
3.889899e-10 -1.639054e-03 
3.894257e-10 -1.628667e-03 
3.898616e-10 -1.618507e-03 
3.902974e-10 -1.608653e-03 
3.907333e-10 -1.599173e-03 
3.911691e-10 -1.590131e-03 
3.916049e-10 -1.581582e-03 
3.920408e-10 -1.573570e-03 
3.924766e-10 -1.566133e-03 
3.929125e-10 -1.559297e-03 
3.933483e-10 -1.553075e-03 
3.937842e-10 -1.547473e-03 
3.942200e-10 -1.542483e-03 
3.946559e-10 -1.538086e-03 
3.950917e-10 -1.534251e-03 
3.955275e-10 -1.530937e-03 
3.959634e-10 -1.528091e-03 
3.963992e-10 -1.525646e-03 
3.968351e-10 -1.523529e-03 
3.972709e-10 -1.521653e-03 
3.977068e-10 -1.519924e-03 
3.981426e-10 -1.518238e-03 
3.985784e-10 -1.516482e-03 
3.990143e-10 -1.514538e-03 
3.994501e-10 -1.512282e-03 
3.998860e-10 -1.509581e-03 
4.003218e-10 -1.506304e-03 
4.007577e-10 -1.502313e-03 
4.011935e-10 -1.497469e-03 
4.016293e-10 -1.491634e-03 
4.020652e-10 -1.484670e-03 
4.025010e-10 -1.476442e-03 
4.029369e-10 -1.466818e-03 
4.033727e-10 -1.455669e-03 
4.038086e-10 -1.442875e-03 
4.042444e-10 -1.428321e-03 
4.046802e-10 -1.411899e-03 
4.051161e-10 -1.393513e-03 
4.055519e-10 -1.373074e-03 
4.059878e-10 -1.350506e-03 
4.064236e-10 -1.325744e-03 
4.068595e-10 -1.298736e-03 
4.072953e-10 -1.269441e-03 
4.077311e-10 -1.237833e-03 
4.081670e-10 -1.203901e-03 
4.086028e-10 -1.167645e-03 
4.090387e-10 -1.129081e-03 
4.094745e-10 -1.088240e-03 
4.099104e-10 -1.045166e-03 
4.103462e-10 -9.999165e-04 
4.107820e-10 -9.525646e-04 
4.112179e-10 -9.031952e-04 
4.116537e-10 -8.519066e-04 
4.120896e-10 -7.988092e-04 
4.125254e-10 -7.440250e-04 
4.129613e-10 -6.876867e-04 
4.133971e-10 -6.299372e-04 
4.138329e-10 -5.709283e-04 
4.142688e-10 -5.108200e-04 
4.147046e-10 -4.497794e-04 
4.151405e-10 -3.879798e-04 
4.155763e-10 -3.255993e-04 
4.160122e-10 -2.628201e-04 
4.164480e-10 -1.998272e-04 
4.168838e-10 -1.368072e-04 
4.173197e-10 -7.394730e-05 
4.177555e-10 -1.143430e-05 
4.181914e-10 5.054665e-05 
4.186272e-10 1.118130e-04 
4.190631e-10 1.721859e-04 
4.194989e-10 2.314910e-04 
4.199347e-10 2.895596e-04 
4.203706e-10 3.462291e-04 
4.208064e-10 4.013446e-04 
4.212423e-10 4.547586e-04 
4.216781e-10 5.063325e-04 
4.221140e-10 5.559368e-04 
4.225498e-10 6.034519e-04 
4.229856e-10 6.487683e-04 
4.234215e-10 6.917870e-04 
4.238573e-10 7.324200e-04 
4.242932e-10 7.705903e-04 
4.247290e-10 8.062324e-04 
4.251649e-10 8.392919e-04 
4.256007e-10 8.697258e-04 
4.260365e-10 8.975026e-04 
4.264724e-10 9.226018e-04 
4.269082e-10 9.450139e-04 
4.273441e-10 9.647402e-04 
4.277799e-10 9.817922e-04 
4.282158e-10 9.961918e-04 
4.286516e-10 1.007970e-03 
4.290874e-10 1.017168e-03 
4.295233e-10 1.023835e-03 
4.299591e-10 1.028028e-03 
4.303950e-10 1.029813e-03 
4.308308e-10 1.029261e-03 
4.312667e-10 1.026451e-03 
4.317025e-10 1.021469e-03 
4.321383e-10 1.014403e-03 
4.325742e-10 1.005348e-03 
4.330100e-10 9.944024e-04 
4.334459e-10 9.816683e-04 
4.338817e-10 9.672501e-04 
4.343176e-10 9.512545e-04 
4.347534e-10 9.337899e-04 
4.351893e-10 9.149657e-04 
4.356251e-10 8.948917e-04 
4.360609e-10 8.736777e-04 
4.364968e-10 8.514329e-04 
4.369326e-10 8.282656e-04 
4.373685e-10 8.042826e-04 
4.378043e-10 7.795886e-04 
4.382402e-10 7.542864e-04 
4.386760e-10 7.284759e-04 
4.391118e-10 7.022542e-04 
4.395477e-10 6.757153e-04 
4.399835e-10 6.489496e-04 
4.404194e-10 6.220437e-04 
4.408552e-10 5.950808e-04 
4.412911e-10 5.681395e-04 
4.417269e-10 5.412947e-04 
4.421627e-10 5.146169e-04 
4.425986e-10 4.881723e-04 
4.430344e-10 4.620226e-04 
4.434703e-10 4.362254e-04 
4.439061e-10 4.108338e-04 
4.443420e-10 3.858966e-04 
4.447778e-10 3.614583e-04 
4.452136e-10 3.375592e-04 
4.456495e-10 3.142353e-04 
4.460853e-10 2.915189e-04 
4.465212e-10 2.694380e-04 
4.469570e-10 2.480172e-04 
4.473929e-10 2.272770e-04 
4.478287e-10 2.072348e-04 
4.482645e-10 1.879043e-04 
4.487004e-10 1.692961e-04 
4.491362e-10 1.514178e-04 
4.495721e-10 1.342741e-04 
4.500079e-10 1.178669e-04 
4.504438e-10 1.021956e-04 
4.508796e-10 8.725706e-05 
4.513154e-10 7.304610e-05 
4.517513e-10 5.955537e-05 
4.521871e-10 4.677564e-05 
4.526230e-10 3.469591e-05 
4.530588e-10 2.330359e-05 
4.534947e-10 1.258462e-05 
4.539305e-10 2.523678e-06 
4.543663e-10 -6.895768e-06 
4.548022e-10 -1.569126e-05 
4.552380e-10 -2.388124e-05 
4.556739e-10 -3.148494e-05 
4.561097e-10 -3.852223e-05 
4.565456e-10 -4.501355e-05 
4.569814e-10 -5.097976e-05 
4.574172e-10 -5.644205e-05 
4.578531e-10 -6.142186e-05 
4.582889e-10 -6.594075e-05 
4.587248e-10 -7.002036e-05 
4.591606e-10 -7.368229e-05 
4.595965e-10 -7.694802e-05 
4.600323e-10 -7.983886e-05 
4.604681e-10 -8.237586e-05 
4.609040e-10 -8.457974e-05 
4.613398e-10 -8.647086e-05 
4.617757e-10 -8.806910e-05 
4.622115e-10 -8.939386e-05 
4.626474e-10 -9.046400e-05 
4.630832e-10 -9.129776e-05 
4.635190e-10 -9.191273e-05 
4.639549e-10 -9.232584e-05 
4.643907e-10 -9.255325e-05 
4.648266e-10 -9.261040e-05 
4.652624e-10 -9.251192e-05 
4.656983e-10 -9.227162e-05 
4.661341e-10 -9.190246e-05 
4.665699e-10 -9.141654e-05 
4.670058e-10 -9.082510e-05 
4.674416e-10 -9.013846e-05 
4.678775e-10 -8.936606e-05 
4.683133e-10 -8.851644e-05 
4.687492e-10 -8.759725e-05 
4.691850e-10 -8.661524e-05 
4.696208e-10 -8.557627e-05 
4.700567e-10 -8.448539e-05 
4.704925e-10 -8.334677e-05 
4.709284e-10 -8.216378e-05 
4.713642e-10 -8.093904e-05 
4.718001e-10 -7.967442e-05 
4.722359e-10 -7.837109e-05 
4.726717e-10 -7.702959e-05 
4.731076e-10 -7.564988e-05 
4.735434e-10 -7.423136e-05 
4.739793e-10 -7.277299e-05 
4.744151e-10 -7.127330e-05 
4.748510e-10 -6.973049e-05 
4.752868e-10 -6.814251e-05 
4.757227e-10 -6.650711e-05 
4.761585e-10 -6.482190e-05 
4.765943e-10 -6.308447e-05 
4.770302e-10 -6.129244e-05 
4.774660e-10 -5.944353e-05 
4.779019e-10 -5.753567e-05 
4.783377e-10 -5.556700e-05 
4.787736e-10 -5.353602e-05 
4.792094e-10 -5.144161e-05 
4.796452e-10 -4.928311e-05 
4.800811e-10 -4.706037e-05 
4.805169e-10 -4.477380e-05 
4.809528e-10 -4.242443e-05 
4.813886e-10 -4.001394e-05 
4.818245e-10 -3.754469e-05 
4.822603e-10 -3.501977e-05 
4.826961e-10 -3.244298e-05 
4.831320e-10 -2.981889e-05 
4.835678e-10 -2.715280e-05 
4.840037e-10 -2.445074e-05 
4.844395e-10 -2.171950e-05 
4.848754e-10 -1.896655e-05 
4.853112e-10 -1.620005e-05 
4.857470e-10 -1.342879e-05 
4.861829e-10 -1.066218e-05 
4.866187e-10 -7.910150e-06 
4.870546e-10 -5.183118e-06 
4.874904e-10 -2.491928e-06 
4.879263e-10 1.522256e-07 
4.883621e-10 2.737878e-06 
4.887979e-10 5.253370e-06 
4.892338e-10 7.686933e-06 
4.896696e-10 1.002678e-05 
4.901055e-10 1.226118e-05 
4.905413e-10 1.437858e-05 
4.909772e-10 1.636766e-05 
4.914130e-10 1.821746e-05 
4.918488e-10 1.991745e-05 
4.922847e-10 2.145762e-05 
4.927205e-10 2.282860e-05 
4.931564e-10 2.402170e-05 
4.935922e-10 2.502903e-05 
4.940281e-10 2.584355e-05 
4.944639e-10 2.645919e-05 
4.948997e-10 2.687086e-05 
4.953356e-10 2.707455e-05 
4.957714e-10 2.706741e-05 
4.962073e-10 2.684775e-05 
4.966431e-10 2.641511e-05 
4.970790e-10 2.577032e-05 
4.975148e-10 2.491548e-05 
4.979506e-10 2.385403e-05 
4.983865e-10 2.259076e-05 
4.988223e-10 2.113177e-05 
4.992582e-10 1.948455e-05 
4.996940e-10 1.765788e-05 
5.001299e-10 1.566191e-05 
5.005657e-10 1.350804e-05 
5.010015e-10 1.120896e-05 
5.014374e-10 8.778582e-06 
5.018732e-10 6.231994e-06 
5.023091e-10 3.585406e-06 
5.027449e-10 8.560874e-07 
5.031808e-10 -1.937694e-06 
5.036166e-10 -4.776755e-06 
5.040524e-10 -7.641068e-06 
5.044883e-10 -1.050986e-05 
5.049241e-10 -1.336168e-05 
5.053600e-10 -1.617452e-05 
5.057958e-10 -1.892590e-05 
5.062317e-10 -2.159299e-05 
5.066675e-10 -2.415266e-05 
5.071033e-10 -2.658167e-05 
5.075392e-10 -2.885672e-05 
5.079750e-10 -3.095457e-05 
5.084109e-10 -3.285219e-05 
5.088467e-10 -3.452682e-05 
5.092826e-10 -3.595612e-05 
5.097184e-10 -3.711826e-05 
5.101542e-10 -3.799206e-05 
5.105901e-10 -3.855704e-05 
5.110259e-10 -3.879360e-05 
5.114618e-10 -3.868306e-05 
5.118976e-10 -3.820779e-05 
5.123335e-10 -3.735129e-05 
5.127693e-10 -3.609829e-05 
5.132052e-10 -3.443482e-05 
5.136410e-10 -3.234832e-05 
5.140768e-10 -2.982767e-05 
5.145127e-10 -2.686329e-05 
5.149485e-10 -2.344719e-05 
5.153844e-10 -1.957301e-05 
5.158202e-10 -1.523609e-05 
5.162561e-10 -1.043349e-05 
5.166919e-10 -5.164025e-06 
5.171277e-10 5.716952e-07 
5.175636e-10 6.771276e-06 
5.179994e-10 1.343051e-05 
5.184353e-10 2.054340e-05 
5.188711e-10 2.810215e-05 
5.193070e-10 3.609716e-05 
5.197428e-10 4.451711e-05 
5.201786e-10 5.334896e-05 
5.206145e-10 6.257795e-05 
5.210503e-10 7.218774e-05 
5.214862e-10 8.216038e-05 
5.219220e-10 9.247642e-05 
5.223579e-10 1.031150e-04 
5.227937e-10 1.140538e-04 
5.232295e-10 1.252693e-04 
5.236654e-10 1.367368e-04 
5.241012e-10 1.484304e-04 
5.245371e-10 1.603234e-04 
5.249729e-10 1.723880e-04 
5.254088e-10 1.845957e-04 
5.258446e-10 1.969173e-04 
5.262804e-10 2.093232e-04 
5.267163e-10 2.217832e-04 
5.271521e-10 2.342669e-04 
5.275880e-10 2.467435e-04 
5.280238e-10 2.591824e-04 
5.284597e-10 2.715530e-04 
5.288955e-10 2.838247e-04 
5.293313e-10 2.959674e-04 
5.297672e-10 3.079514e-04 
5.302030e-10 3.197476e-04 
5.306389e-10 3.313272e-04 
5.310747e-10 3.426627e-04 
5.315106e-10 3.537271e-04 
5.319464e-10 3.644946e-04 
5.323822e-10 3.749403e-04 
5.328181e-10 3.850407e-04 
5.332539e-10 3.947733e-04 
5.336898e-10 4.041171e-04 
5.341256e-10 4.130526e-04 
5.345615e-10 4.215615e-04 
5.349973e-10 4.296274e-04 
5.354331e-10 4.372351e-04 
5.358690e-10 4.443714e-04 
5.363048e-10 4.510245e-04 
5.367407e-10 4.571844e-04 
5.371765e-10 4.628429e-04 
5.376124e-10 4.679933e-04 
5.380482e-10 4.726308e-04 
5.384840e-10 4.767523e-04 
5.389199e-10 4.803563e-04 
5.393557e-10 4.834431e-04 
5.397916e-10 4.860146e-04 
5.402274e-10 4.880744e-04 
5.406633e-10 4.896275e-04 
5.410991e-10 4.906806e-04 
5.415349e-10 4.912418e-04 
5.419708e-10 4.913206e-04 
5.424066e-10 4.909280e-04 
5.428425e-10 4.900760e-04 
5.432783e-10 4.887782e-04 
5.437142e-10 4.870490e-04 
5.441500e-10 4.849040e-04 
5.445858e-10 4.823599e-04 
5.450217e-10 4.794340e-04 
5.454575e-10 4.761446e-04 
5.458934e-10 4.725108e-04 
5.463292e-10 4.685521e-04 
5.467651e-10 4.642888e-04 
5.472009e-10 4.597416e-04 
5.476367e-10 4.549314e-04 
5.480726e-10 4.498796e-04 
5.485084e-10 4.446077e-04 
5.489443e-10 4.391374e-04 
5.493801e-10 4.334904e-04 
5.498160e-10 4.276884e-04 
5.502518e-10 4.217528e-04 
5.506876e-10 4.157052e-04 
5.511235e-10 4.095667e-04 
5.515593e-10 4.033580e-04 
5.519952e-10 3.970995e-04 
5.524310e-10 3.908113e-04 
5.528669e-10 3.845128e-04 
5.533027e-10 3.782229e-04 
5.537386e-10 3.719599e-04 
5.541744e-10 3.657414e-04 
5.546102e-10 3.595843e-04 
5.550461e-10 3.535048e-04 
5.554819e-10 3.475182e-04 
5.559178e-10 3.416391e-04 
5.563536e-10 3.358811e-04 
5.567895e-10 3.302571e-04 
5.572253e-10 3.247789e-04 
5.576611e-10 3.194573e-04 
5.580970e-10 3.143025e-04 
5.585328e-10 3.093234e-04 
5.589687e-10 3.045280e-04 
5.594045e-10 2.999233e-04 
5.598404e-10 2.955153e-04 
5.602762e-10 2.913090e-04 
5.607120e-10 2.873083e-04 
5.611479e-10 2.835163e-04 
5.615837e-10 2.799349e-04 
5.620196e-10 2.765650e-04 
5.624554e-10 2.734065e-04 
5.628913e-10 2.704585e-04 
5.633271e-10 2.677190e-04 
5.637629e-10 2.651850e-04 
5.641988e-10 2.628526e-04 
5.646346e-10 2.607171e-04 
5.650705e-10 2.587728e-04 
5.655063e-10 2.570132e-04 
5.659422e-10 2.554311e-04 
5.663780e-10 2.540182e-04 
5.668138e-10 2.527657e-04 
5.672497e-10 2.516642e-04 
5.676855e-10 2.507033e-04 
5.681214e-10 2.498721e-04 
5.685572e-10 2.491594e-04 
5.689931e-10 2.485529e-04 
5.694289e-10 2.480404e-04 
5.698647e-10 2.476089e-04 
5.703006e-10 2.472452e-04 
5.707364e-10 2.469355e-04 
5.711723e-10 2.466661e-04 
5.716081e-10 2.464227e-04 
5.720440e-10 2.461912e-04 
5.724798e-10 2.459570e-04 
5.729156e-10 2.457057e-04 
5.733515e-10 2.454229e-04 
5.737873e-10 2.450941e-04 
5.742232e-10 2.447050e-04 
5.746590e-10 2.442415e-04 
5.750949e-10 2.436895e-04 
5.755307e-10 2.430354e-04 
5.759665e-10 2.422658e-04 
5.764024e-10 2.413677e-04 
5.768382e-10 2.403285e-04 
5.772741e-10 2.391360e-04 
5.777099e-10 2.377784e-04 
5.781458e-10 2.362447e-04 
5.785816e-10 2.345243e-04 
5.790174e-10 2.326072e-04 
5.794533e-10 2.304841e-04 
5.798891e-10 2.281463e-04 
5.803250e-10 2.255858e-04 
5.807608e-10 2.227954e-04 
5.811967e-10 2.197686e-04 
5.816325e-10 2.164996e-04 
5.820683e-10 2.129834e-04 
5.825042e-10 2.092159e-04 
5.829400e-10 2.051937e-04 
5.833759e-10 2.009142e-04 
5.838117e-10 1.963756e-04 
5.842476e-10 1.915771e-04 
5.846834e-10 1.865185e-04 
5.851192e-10 1.812004e-04 
5.855551e-10 1.756244e-04 
5.859909e-10 1.697929e-04 
5.864268e-10 1.637088e-04 
5.868626e-10 1.573761e-04 
5.872985e-10 1.507994e-04 
5.877343e-10 1.439841e-04 
5.881701e-10 1.369363e-04 
5.886060e-10 1.296629e-04 
5.890418e-10 1.221714e-04 
5.894777e-10 1.144699e-04 
5.899135e-10 1.065674e-04 
5.903494e-10 9.847311e-05 
5.907852e-10 9.019721e-05 
5.912211e-10 8.175021e-05 
5.916569e-10 7.314321e-05 
5.920927e-10 6.438778e-05 
5.925286e-10 5.549595e-05 
5.929644e-10 4.648018e-05 
5.934003e-10 3.735331e-05 
5.938361e-10 2.812853e-05 
5.942720e-10 1.881934e-05 
5.947078e-10 9.439546e-06 
5.951436e-10 3.169416e-09 
5.955795e-10 -9.475545e-06 
5.960153e-10 -1.898218e-05 
5.964512e-10 -2.850220e-05 
5.968870e-10 -3.802093e-05 
5.973229e-10 -4.752367e-05 
5.977587e-10 -5.699566e-05 
5.981945e-10 -6.642214e-05 
5.986304e-10 -7.578841e-05 
5.990662e-10 -8.507980e-05 
5.995021e-10 -9.428175e-05 
5.999379e-10 -1.033798e-04 
6.003738e-10 -1.123598e-04 
6.008096e-10 -1.212074e-04 
6.012454e-10 -1.299089e-04 
6.016813e-10 -1.384506e-04 
6.021171e-10 -1.468190e-04 
6.025530e-10 -1.550011e-04 
6.029888e-10 -1.629839e-04 
6.034247e-10 -1.707550e-04 
6.038605e-10 -1.783022e-04 
6.042963e-10 -1.856136e-04 
6.047322e-10 -1.926777e-04 
6.051680e-10 -1.994835e-04 
6.056039e-10 -2.060203e-04 
6.060397e-10 -2.122778e-04 
6.064756e-10 -2.182462e-04 
6.069114e-10 -2.239161e-04 
6.073472e-10 -2.292784e-04 
6.077831e-10 -2.343248e-04 
6.082189e-10 -2.390471e-04 
6.086548e-10 -2.434379e-04 
6.090906e-10 -2.474901e-04 
6.095265e-10 -2.511971e-04 
6.099623e-10 -2.545530e-04 
6.103981e-10 -2.575521e-04 
6.108340e-10 -2.601896e-04 
6.112698e-10 -2.624610e-04 
6.117057e-10 -2.643625e-04 
6.121415e-10 -2.658906e-04 
6.125774e-10 -2.670427e-04 
6.130132e-10 -2.678167e-04 
6.134490e-10 -2.682109e-04 
6.138849e-10 -2.682244e-04 
6.143207e-10 -2.678569e-04 
6.147566e-10 -2.671087e-04 
6.151924e-10 -2.659806e-04 
6.156283e-10 -2.644742e-04 
6.160641e-10 -2.625917e-04 
6.164999e-10 -2.603360e-04 
6.169358e-10 -2.577107e-04 
6.173716e-10 -2.547198e-04 
6.178075e-10 -2.513683e-04 
6.182433e-10 -2.476617e-04 
6.186792e-10 -2.436062e-04 
6.191150e-10 -2.392088e-04 
6.195508e-10 -2.344770e-04 
6.199867e-10 -2.294192e-04 
6.204225e-10 -2.240441e-04 
6.208584e-10 -2.183615e-04 
6.212942e-10 -2.123815e-04 
6.217301e-10 -2.061151e-04 
6.221659e-10 -1.995738e-04 
6.226017e-10 -1.927698e-04 
6.230376e-10 -1.857158e-04 
6.234734e-10 -1.784251e-04 
6.239093e-10 -1.709116e-04 
6.243451e-10 -1.631897e-04 
6.247810e-10 -1.552744e-04 
6.252168e-10 -1.471809e-04 
6.256526e-10 -1.389251e-04 
6.260885e-10 -1.305233e-04 
6.265243e-10 -1.219919e-04 
6.269602e-10 -1.133479e-04 
6.273960e-10 -1.046086e-04 
6.278319e-10 -9.579125e-05 
6.282677e-10 -8.691359e-05 
6.287035e-10 -7.799337e-05 
6.291394e-10 -6.904849e-05 
6.295752e-10 -6.009690e-05 
6.300111e-10 -5.115653e-05 
6.304469e-10 -4.224531e-05 
6.308828e-10 -3.338106e-05 
6.313186e-10 -2.458144e-05 
6.317545e-10 -1.586395e-05 
6.321903e-10 -7.245825e-06 
6.326261e-10 1.255968e-06 
6.330620e-10 9.624818e-06 
6.334978e-10 1.784449e-05 
6.339337e-10 2.589918e-05 
6.343695e-10 3.377356e-05 
6.348054e-10 4.145282e-05 
6.352412e-10 4.892271e-05 
6.356770e-10 5.616956e-05 
6.361129e-10 6.318036e-05 
6.365487e-10 6.994274e-05 
6.369846e-10 7.644505e-05 
6.374204e-10 8.267635e-05 
6.378563e-10 8.862647e-05 
6.382921e-10 9.428602e-05 
6.387279e-10 9.964638e-05 
6.391638e-10 1.046998e-04 
6.395996e-10 1.094393e-04 
6.400355e-10 1.138587e-04 
6.404713e-10 1.179529e-04 
6.409072e-10 1.217175e-04 
6.413430e-10 1.251488e-04 
6.417788e-10 1.282443e-04 
6.422147e-10 1.310021e-04 
6.426505e-10 1.334213e-04 
6.430864e-10 1.355018e-04 
6.435222e-10 1.372443e-04 
6.439581e-10 1.386504e-04 
6.443939e-10 1.397225e-04 
6.448297e-10 1.404637e-04 
6.452656e-10 1.408781e-04 
6.457014e-10 1.409702e-04 
6.461373e-10 1.407456e-04 
6.465731e-10 1.402104e-04 
6.470090e-10 1.393714e-04 
6.474448e-10 1.382361e-04 
6.478806e-10 1.368125e-04 
6.483165e-10 1.351093e-04 
6.487523e-10 1.331359e-04 
6.491882e-10 1.309018e-04 
6.496240e-10 1.284175e-04 
6.500599e-10 1.256935e-04 
6.504957e-10 1.227410e-04 
6.509315e-10 1.195715e-04 
6.513674e-10 1.161968e-04 
6.518032e-10 1.126291e-04 
6.522391e-10 1.088807e-04 
6.526749e-10 1.049644e-04 
6.531108e-10 1.008930e-04 
6.535466e-10 9.667945e-05 
6.539824e-10 9.233690e-05 
6.544183e-10 8.787856e-05 
6.548541e-10 8.331767e-05 
6.552900e-10 7.866749e-05 
6.557258e-10 7.394127e-05 
6.561617e-10 6.915218e-05 
6.565975e-10 6.431332e-05 
6.570333e-10 5.943766e-05 
6.574692e-10 5.453800e-05 
6.579050e-10 4.962697e-05 
6.583409e-10 4.471698e-05 
6.587767e-10 3.982021e-05 
6.592126e-10 3.494855e-05 
6.596484e-10 3.011360e-05 
6.600842e-10 2.532665e-05 
6.605201e-10 2.059864e-05 
6.609559e-10 1.594015e-05 
6.613918e-10 1.136137e-05 
6.618276e-10 6.872082e-06 
6.622635e-10 2.481670e-06 
6.626993e-10 -1.800937e-06 
6.631351e-10 -5.967252e-06 
6.635710e-10 -1.000925e-05 
6.640068e-10 -1.391939e-05 
6.644427e-10 -1.769059e-05 
6.648785e-10 -2.131629e-05 
6.653144e-10 -2.479041e-05 
6.657502e-10 -2.810737e-05 
6.661860e-10 -3.126212e-05 
6.666219e-10 -3.425011e-05 
6.670577e-10 -3.706729e-05 
6.674936e-10 -3.971015e-05 
6.679294e-10 -4.217566e-05 
6.683653e-10 -4.446134e-05 
6.688011e-10 -4.656520e-05 
6.692369e-10 -4.848573e-05 
6.696728e-10 -5.022196e-05 
6.701086e-10 -5.177339e-05 
6.705445e-10 -5.314001e-05 
6.709803e-10 -5.432229e-05 
6.714162e-10 -5.532115e-05 
6.718520e-10 -5.613800e-05 
6.722879e-10 -5.677467e-05 
6.727237e-10 -5.723344e-05 
6.731595e-10 -5.751701e-05 
6.735954e-10 -5.762850e-05 
6.740312e-10 -5.757140e-05 
6.744671e-10 -5.734960e-05 
6.749029e-10 -5.696737e-05 
6.753388e-10 -5.642931e-05 
6.757746e-10 -5.574035e-05 
6.762104e-10 -5.490576e-05 
6.766463e-10 -5.393108e-05 
6.770821e-10 -5.282215e-05 
6.775180e-10 -5.158506e-05 
6.779538e-10 -5.022615e-05 
6.783897e-10 -4.875198e-05 
6.788255e-10 -4.716931e-05 
6.792613e-10 -4.548506e-05 
6.796972e-10 -4.370634e-05 
6.801330e-10 -4.184037e-05 
6.805689e-10 -3.989451e-05 
6.810047e-10 -3.787618e-05 
6.814406e-10 -3.579290e-05 
6.818764e-10 -3.365223e-05 
6.823122e-10 -3.146173e-05 
6.827481e-10 -2.922901e-05 
6.831839e-10 -2.696162e-05 
6.836198e-10 -2.466708e-05 
6.840556e-10 -2.235285e-05 
6.844915e-10 -2.002630e-05 
6.849273e-10 -1.769471e-05 
6.853631e-10 -1.536521e-05 
6.857990e-10 -1.304478e-05 
6.862348e-10 -1.074026e-05 
6.866707e-10 -8.458276e-06 
6.871065e-10 -6.205266e-06 
6.875424e-10 -3.987438e-06 
6.879782e-10 -1.810763e-06 
6.884140e-10 3.190414e-07 
6.888499e-10 2.396529e-06 
6.892857e-10 4.416536e-06 
6.897216e-10 6.374195e-06 
6.901574e-10 8.264944e-06 
6.905933e-10 1.008454e-05 
6.910291e-10 1.182907e-05 
6.914649e-10 1.349496e-05 
6.919008e-10 1.507896e-05 
6.923366e-10 1.657819e-05 
6.927725e-10 1.799012e-05 
6.932083e-10 1.931256e-05 
6.936442e-10 2.054371e-05 
6.940800e-10 2.168210e-05 
6.945158e-10 2.272663e-05 
6.949517e-10 2.367657e-05 
6.953875e-10 2.453154e-05 
6.958234e-10 2.529152e-05 
6.962592e-10 2.595682e-05 
6.966951e-10 2.652812e-05 
6.971309e-10 2.700643e-05 
6.975667e-10 2.739308e-05 
6.980026e-10 2.768973e-05 
6.984384e-10 2.789838e-05 
6.988743e-10 2.802129e-05 
6.993101e-10 2.806105e-05 
6.997460e-10 2.802052e-05 
7.001818e-10 2.790283e-05 
7.006176e-10 2.771136e-05 
7.010535e-10 2.744976e-05 
7.014893e-10 2.712189e-05 
7.019252e-10 2.673185e-05 
7.023610e-10 2.628391e-05 
7.027969e-10 2.578256e-05 
7.032327e-10 2.523244e-05 
7.036685e-10 2.463837e-05 
7.041044e-10 2.400528e-05 
7.045402e-10 2.333825e-05 
7.049761e-10 2.264246e-05 
7.054119e-10 2.192315e-05 
7.058478e-10 2.118569e-05 
7.062836e-10 2.043545e-05 
7.067194e-10 1.967787e-05 
7.071553e-10 1.891840e-05 
7.075911e-10 1.816249e-05 
7.080270e-10 1.741558e-05 
7.084628e-10 1.668308e-05 
7.088987e-10 1.597034e-05 
7.093345e-10 1.528266e-05 
7.097704e-10 1.462525e-05 
7.102062e-10 1.400321e-05 
7.106420e-10 1.342155e-05 
7.110779e-10 1.288513e-05 
7.115137e-10 1.239866e-05 
7.119496e-10 1.196672e-05 
7.123854e-10 1.159368e-05 
7.128213e-10 1.128375e-05 
7.132571e-10 1.104092e-05 
7.136929e-10 1.086899e-05 
7.141288e-10 1.077152e-05 
7.145646e-10 1.075184e-05 
7.150005e-10 1.081304e-05 
7.154363e-10 1.095797e-05 
7.158722e-10 1.118920e-05 
7.163080e-10 1.150905e-05 
7.167438e-10 1.191957e-05 
7.171797e-10 1.242252e-05 
7.176155e-10 1.301941e-05 
7.180514e-10 1.371143e-05 
7.184872e-10 1.449951e-05 
7.189231e-10 1.538431e-05 
7.193589e-10 1.636618e-05 
7.197947e-10 1.744520e-05 
7.202306e-10 1.862116e-05 
7.206664e-10 1.989360e-05 
7.211023e-10 2.126176e-05 
7.215381e-10 2.272463e-05 
7.219740e-10 2.428093e-05 
7.224098e-10 2.592913e-05 
7.228456e-10 2.766744e-05 
7.232815e-10 2.949385e-05 
7.237173e-10 3.140610e-05 
7.241532e-10 3.340173e-05 
7.245890e-10 3.547804e-05 
7.250249e-10 3.763214e-05 
7.254607e-10 3.986094e-05 
7.258965e-10 4.216119e-05 
7.263324e-10 4.452943e-05 
7.267682e-10 4.696207e-05 
7.272041e-10 4.945535e-05 
7.276399e-10 5.200537e-05 
7.280758e-10 5.460813e-05 
7.285116e-10 5.725946e-05 
7.289474e-10 5.995512e-05 
7.293833e-10 6.269078e-05 
7.298191e-10 6.546199e-05 
7.302550e-10 6.826425e-05 
7.306908e-10 7.109298e-05 
7.311267e-10 7.394357e-05 
7.315625e-10 7.681133e-05 
7.319983e-10 7.969156e-05 
7.324342e-10 8.257952e-05 
7.328700e-10 8.547048e-05 
7.333059e-10 8.835967e-05 
7.337417e-10 9.124233e-05 
7.341776e-10 9.411373e-05 
7.346134e-10 9.696914e-05 
7.350492e-10 9.980387e-05 
7.354851e-10 1.026133e-04 
7.359209e-10 1.053927e-04 
7.363568e-10 1.081376e-04 
7.367926e-10 1.108435e-04 
7.372285e-10 1.135060e-04 
7.376643e-10 1.161207e-04 
7.381001e-10 1.186832e-04 
7.385360e-10 1.211896e-04 
7.389718e-10 1.236355e-04 
7.394077e-10 1.260172e-04 
7.398435e-10 1.283306e-04 
7.402794e-10 1.305720e-04 
7.407152e-10 1.327378e-04 
7.411510e-10 1.348245e-04 
7.415869e-10 1.368287e-04 
7.420227e-10 1.387471e-04 
7.424586e-10 1.405767e-04 
7.428944e-10 1.423145e-04 
7.433303e-10 1.439577e-04 
7.437661e-10 1.455036e-04 
7.442019e-10 1.469497e-04 
7.446378e-10 1.482937e-04 
7.450736e-10 1.495335e-04 
7.455095e-10 1.506670e-04 
7.459453e-10 1.516924e-04 
7.463812e-10 1.526079e-04 
7.468170e-10 1.534121e-04 
7.472528e-10 1.541037e-04 
7.476887e-10 1.546814e-04 
7.481245e-10 1.551442e-04 
7.485604e-10 1.554913e-04 
7.489962e-10 1.557220e-04 
7.494321e-10 1.558357e-04 
7.498679e-10 1.558320e-04 
7.503038e-10 1.557108e-04 
7.507396e-10 1.554720e-04 
7.511754e-10 1.551157e-04 
7.516113e-10 1.546420e-04 
7.520471e-10 1.540514e-04 
7.524830e-10 1.533444e-04 
7.529188e-10 1.525217e-04 
7.533547e-10 1.515839e-04 
7.537905e-10 1.505321e-04 
7.542263e-10 1.493672e-04 
7.546622e-10 1.480905e-04 
7.550980e-10 1.467032e-04 
7.555339e-10 1.452068e-04 
7.559697e-10 1.436026e-04 
7.564056e-10 1.418924e-04 
7.568414e-10 1.400779e-04 
7.572772e-10 1.381609e-04 
7.577131e-10 1.361434e-04 
7.581489e-10 1.340273e-04 
7.585848e-10 1.318148e-04 
7.590206e-10 1.295082e-04 
7.594565e-10 1.271097e-04 
7.598923e-10 1.246217e-04 
7.603281e-10 1.220467e-04 
7.607640e-10 1.193874e-04 
7.611998e-10 1.166462e-04 
7.616357e-10 1.138260e-04 
7.620715e-10 1.109295e-04 
7.625074e-10 1.079596e-04 
7.629432e-10 1.049192e-04 
7.633790e-10 1.018113e-04 
7.638149e-10 9.863900e-05 
7.642507e-10 9.540537e-05 
7.646866e-10 9.211357e-05 
7.651224e-10 8.876683e-05 
7.655583e-10 8.536838e-05 
7.659941e-10 8.192152e-05 
7.664299e-10 7.842958e-05 
7.668658e-10 7.489591e-05 
7.673016e-10 7.132391e-05 
7.677375e-10 6.771695e-05 
7.681733e-10 6.407846e-05 
7.686092e-10 6.041185e-05 
7.690450e-10 5.672055e-05 
7.694808e-10 5.300798e-05 
7.699167e-10 4.927754e-05 
7.703525e-10 4.553264e-05 
7.707884e-10 4.177663e-05 
7.712242e-10 3.801288e-05 
7.716601e-10 3.424470e-05 
7.720959e-10 3.047537e-05 
7.725317e-10 2.670813e-05 
7.729676e-10 2.294618e-05 
7.734034e-10 1.919265e-05 
7.738393e-10 1.545065e-05 
7.742751e-10 1.172319e-05 
7.747110e-10 8.013255e-06 
7.751468e-10 4.323744e-06 
7.755826e-10 6.574948e-07 
7.760185e-10 -2.982726e-06 
7.764543e-10 -6.594223e-06 
7.768902e-10 -1.017438e-05 
7.773260e-10 -1.372064e-05 
7.777619e-10 -1.723055e-05 
7.781977e-10 -2.070171e-05 
7.786335e-10 -2.413182e-05 
7.790694e-10 -2.751863e-05 
7.795052e-10 -3.086000e-05 
7.799411e-10 -3.415384e-05 
7.803769e-10 -3.739816e-05 
7.808128e-10 -4.059105e-05 
7.812486e-10 -4.373065e-05 
7.816844e-10 -4.681521e-05 
7.821203e-10 -4.984303e-05 
7.825561e-10 -5.281251e-05 
7.829920e-10 -5.572210e-05 
7.834278e-10 -5.857033e-05 
7.838637e-10 -6.135583e-05 
7.842995e-10 -6.407726e-05 
7.847353e-10 -6.673339e-05 
7.851712e-10 -6.932303e-05 
7.856070e-10 -7.184509e-05 
7.860429e-10 -7.429853e-05 
7.864787e-10 -7.668238e-05 
7.869146e-10 -7.899576e-05 
7.873504e-10 -8.123783e-05 
7.877862e-10 -8.340785e-05 
7.882221e-10 -8.550511e-05 
7.886579e-10 -8.752900e-05 
7.890938e-10 -8.947897e-05 
7.895296e-10 -9.135452e-05 
7.899655e-10 -9.315523e-05 
7.904013e-10 -9.488074e-05 
7.908372e-10 -9.653076e-05 
7.912730e-10 -9.810505e-05 
7.917088e-10 -9.960344e-05 
7.921447e-10 -1.010258e-04 
7.925805e-10 -1.023721e-04 
7.930164e-10 -1.036423e-04 
7.934522e-10 -1.048365e-04 
7.938881e-10 -1.059547e-04 
7.943239e-10 -1.069971e-04 
7.947597e-10 -1.079639e-04 
7.951956e-10 -1.088553e-04 
7.956314e-10 -1.096715e-04 
7.960673e-10 -1.104129e-04 
7.965031e-10 -1.110798e-04 
7.969390e-10 -1.116724e-04 
7.973748e-10 -1.121912e-04 
7.978106e-10 -1.126365e-04 
7.982465e-10 -1.130086e-04 
7.986823e-10 -1.133081e-04 
7.991182e-10 -1.135351e-04 
7.995540e-10 -1.136902e-04 
7.999899e-10 -1.137737e-04 
8.004257e-10 -1.137859e-04 
8.008615e-10 -1.137271e-04 
8.012974e-10 -1.135977e-04 
8.017332e-10 -1.133980e-04 
8.021691e-10 -1.131282e-04 
8.026049e-10 -1.127886e-04 
8.030408e-10 -1.123794e-04 
8.034766e-10 -1.119008e-04 
8.039124e-10 -1.113529e-04 
8.043483e-10 -1.107358e-04 
8.047841e-10 -1.100497e-04 
8.052200e-10 -1.092946e-04 
8.056558e-10 -1.084705e-04 
8.060917e-10 -1.075775e-04 
8.065275e-10 -1.066155e-04 
8.069633e-10 -1.055846e-04 
8.073992e-10 -1.044846e-04 
8.078350e-10 -1.033157e-04 
8.082709e-10 -1.020776e-04 
8.087067e-10 -1.007705e-04 
8.091426e-10 -9.939417e-05 
8.095784e-10 -9.794873e-05 
8.100142e-10 -9.643415e-05 
8.104501e-10 -9.485050e-05 
8.108859e-10 -9.319783e-05 
8.113218e-10 -9.147630e-05 
8.117576e-10 -8.968606e-05 
8.121935e-10 -8.782737e-05 
8.126293e-10 -8.590053e-05 
8.130651e-10 -8.390592e-05 
8.135010e-10 -8.184400e-05 
8.139368e-10 -7.971531e-05 
8.143727e-10 -7.752051e-05 
8.148085e-10 -7.526033e-05 
8.152444e-10 -7.293561e-05 
8.156802e-10 -7.054732e-05 
8.161160e-10 -6.809652e-05 
8.165519e-10 -6.558442e-05 
8.169877e-10 -6.301232e-05 
8.174236e-10 -6.038168e-05 
8.178594e-10 -5.769406e-05 
8.182953e-10 -5.495118e-05 
8.187311e-10 -5.215489e-05 
8.191669e-10 -4.930715e-05 
8.196028e-10 -4.641010e-05 
8.200386e-10 -4.346600e-05 
8.204745e-10 -4.047723e-05 
8.209103e-10 -3.744635e-05 
8.213462e-10 -3.437602e-05 
8.217820e-10 -3.126907e-05 
8.222178e-10 -2.812844e-05 
8.226537e-10 -2.495724e-05 
8.230895e-10 -2.175868e-05 
8.235254e-10 -1.853612e-05 
8.239612e-10 -1.529305e-05 
8.243971e-10 -1.203309e-05 
8.248329e-10 -8.759972e-06 
8.252687e-10 -5.477563e-06 
8.257046e-10 -2.189846e-06 
8.261404e-10 1.099083e-06 
8.265763e-10 4.385013e-06 
8.270121e-10 7.663627e-06 
8.274480e-10 1.093050e-05 
8.278838e-10 1.418113e-05 
8.283197e-10 1.741088e-05 
8.287555e-10 2.061505e-05 
8.291913e-10 2.378887e-05 
8.296272e-10 2.692747e-05 
8.300630e-10 3.002592e-05 
8.304989e-10 3.307921e-05 
8.309347e-10 3.608230e-05 
8.313706e-10 3.903009e-05 
8.318064e-10 4.191743e-05 
8.322422e-10 4.473915e-05 
8.326781e-10 4.749007e-05 
8.331139e-10 5.016498e-05 
8.335498e-10 5.275867e-05 
8.339856e-10 5.526597e-05 
8.344215e-10 5.768169e-05 
8.348573e-10 6.000071e-05 
8.352931e-10 6.221795e-05 
8.357290e-10 6.432840e-05 
8.361648e-10 6.632710e-05 
8.366007e-10 6.820923e-05 
8.370365e-10 6.997002e-05 
8.374724e-10 7.160488e-05 
8.379082e-10 7.310932e-05 
8.383440e-10 7.447902e-05 
8.387799e-10 7.570983e-05 
8.392157e-10 7.679778e-05 
8.396516e-10 7.773910e-05 
8.400874e-10 7.853026e-05 
8.405233e-10 7.916796e-05 
8.409591e-10 7.964912e-05 
8.413949e-10 7.997096e-05 
8.418308e-10 8.013097e-05 
8.422666e-10 8.012693e-05 
8.427025e-10 7.995692e-05 
8.431383e-10 7.961936e-05 
8.435742e-10 7.911298e-05 
8.440100e-10 7.843685e-05 
8.444458e-10 7.759041e-05 
8.448817e-10 7.657344e-05 
8.453175e-10 7.538610e-05 
8.457534e-10 7.402889e-05 
8.461892e-10 7.250272e-05 
8.466251e-10 7.080885e-05 
8.470609e-10 6.894894e-05 
8.474967e-10 6.692502e-05 
8.479326e-10 6.473949e-05 
8.483684e-10 6.239513e-05 
8.488043e-10 5.989510e-05 
8.492401e-10 5.724290e-05 
8.496760e-10 5.444242e-05 
8.501118e-10 5.149787e-05 
8.505476e-10 4.841382e-05 
8.509835e-10 4.519516e-05 
8.514193e-10 4.184709e-05 
8.518552e-10 3.837514e-05 
8.522910e-10 3.478510e-05 
8.527269e-10 3.108306e-05 
8.531627e-10 2.727535e-05 
8.535985e-10 2.336856e-05 
8.540344e-10 1.936950e-05 
8.544702e-10 1.528520e-05 
8.549061e-10 1.112286e-05 
8.553419e-10 6.889882e-06 
8.557778e-10 2.593798e-06 
8.562136e-10 -1.757709e-06 
8.566494e-10 -6.156843e-06 
8.570853e-10 -1.059571e-05 
8.575211e-10 -1.506633e-05 
8.579570e-10 -1.956066e-05 
8.583928e-10 -2.407063e-05 
8.588287e-10 -2.858813e-05 
8.592645e-10 -3.310505e-05 
8.597003e-10 -3.761329e-05 
8.601362e-10 -4.210478e-05 
8.605720e-10 -4.657149e-05 
8.610079e-10 -5.100545e-05 
8.614437e-10 -5.539878e-05 
8.618796e-10 -5.974370e-05 
8.623154e-10 -6.403251e-05 
8.627512e-10 -6.825766e-05 
8.631871e-10 -7.241173e-05 
8.636229e-10 -7.648745e-05 
8.640588e-10 -8.047774e-05 
8.644946e-10 -8.437565e-05 
8.649305e-10 -8.817448e-05 
8.653663e-10 -9.186769e-05 
8.658021e-10 -9.544898e-05 
8.662380e-10 -9.891227e-05 
8.666738e-10 -1.022517e-04 
8.671097e-10 -1.054617e-04 
8.675455e-10 -1.085370e-04 
8.679814e-10 -1.114724e-04 
8.684172e-10 -1.142632e-04 
8.688531e-10 -1.169049e-04 
8.692889e-10 -1.193933e-04 
8.697247e-10 -1.217245e-04 
8.701606e-10 -1.238950e-04 
8.705964e-10 -1.259014e-04 
8.710323e-10 -1.277410e-04 
8.714681e-10 -1.294110e-04 
8.719040e-10 -1.309092e-04 
8.723398e-10 -1.322339e-04 
8.727756e-10 -1.333833e-04 
8.732115e-10 -1.343564e-04 
8.736473e-10 -1.351524e-04 
8.740832e-10 -1.357709e-04 
8.745190e-10 -1.362117e-04 
8.749549e-10 -1.364753e-04 
8.753907e-10 -1.365624e-04 
8.758265e-10 -1.364740e-04 
8.762624e-10 -1.362117e-04 
8.766982e-10 -1.357774e-04 
8.771341e-10 -1.351732e-04 
8.775699e-10 -1.344020e-04 
8.780058e-10 -1.334667e-04 
8.784416e-10 -1.323707e-04 
8.788774e-10 -1.311180e-04 
8.793133e-10 -1.297126e-04 
8.797491e-10 -1.281592e-04 
8.801850e-10 -1.264627e-04 
8.806208e-10 -1.246284e-04 
8.810567e-10 -1.226619e-04 
8.814925e-10 -1.205691e-04 
8.819283e-10 -1.183565e-04 
8.823642e-10 -1.160305e-04 
8.828000e-10 -1.135982e-04 
8.832359e-10 -1.110667e-04 
8.836717e-10 -1.084435e-04 
8.841076e-10 -1.057363e-04 
8.845434e-10 -1.029531e-04 
8.849792e-10 -1.001021e-04 
8.854151e-10 -9.719155e-05 
8.858509e-10 -9.423003e-05 
8.862868e-10 -9.122623e-05 
8.867226e-10 -8.818894e-05 
8.871585e-10 -8.512704e-05 
8.875943e-10 -8.204952e-05 
8.880301e-10 -7.896537e-05 
8.884660e-10 -7.588363e-05 
8.889018e-10 -7.281331e-05 
8.893377e-10 -6.976339e-05 
8.897735e-10 -6.674279e-05 
8.902094e-10 -6.376032e-05 
8.906452e-10 -6.082468e-05 
8.910810e-10 -5.794442e-05 
8.915169e-10 -5.512789e-05 
8.919527e-10 -5.238326e-05 
8.923886e-10 -4.971845e-05 
8.928244e-10 -4.714114e-05 
8.932603e-10 -4.465872e-05 
8.936961e-10 -4.227826e-05 
8.941319e-10 -4.000651e-05 
8.945678e-10 -3.784988e-05 
8.950036e-10 -3.581440e-05 
8.954395e-10 -3.390572e-05 
8.958753e-10 -3.212906e-05 
8.963112e-10 -3.048926e-05 
8.967470e-10 -2.899071e-05 
8.971828e-10 -2.763734e-05 
8.976187e-10 -2.643267e-05 
8.980545e-10 -2.537971e-05 
8.984904e-10 -2.448106e-05 
8.989262e-10 -2.373883e-05 
8.993621e-10 -2.315464e-05 
8.997979e-10 -2.272970e-05 
9.002337e-10 -2.246470e-05 
9.006696e-10 -2.235993e-05 
9.011054e-10 -2.241517e-05 
9.015413e-10 -2.262982e-05 
9.019771e-10 -2.300281e-05 
9.024130e-10 -2.353266e-05 
9.028488e-10 -2.421749e-05 
9.032846e-10 -2.505502e-05 
9.037205e-10 -2.604261e-05 
9.041563e-10 -2.717726e-05 
9.045922e-10 -2.845560e-05 
9.050280e-10 -2.987397e-05 
9.054639e-10 -3.142840e-05 
9.058997e-10 -3.311463e-05 
9.063356e-10 -3.492812e-05 
9.067714e-10 -3.686411e-05 
9.072072e-10 -3.891759e-05 
9.076431e-10 -4.108335e-05 
9.080789e-10 -4.335600e-05 
9.085148e-10 -4.572996e-05 
9.089506e-10 -4.819951e-05 
9.093865e-10 -5.075879e-05 
9.098223e-10 -5.340182e-05 
9.102581e-10 -5.612250e-05 
9.106940e-10 -5.891467e-05 
9.111298e-10 -6.177207e-05 
9.115657e-10 -6.468839e-05 
9.120015e-10 -6.765727e-05 
9.124374e-10 -7.067230e-05 
9.128732e-10 -7.372707e-05 
9.133090e-10 -7.681512e-05 
9.137449e-10 -7.993000e-05 
9.141807e-10 -8.306526e-05 
9.146166e-10 -8.621446e-05 
9.150524e-10 -8.937116e-05 
9.154883e-10 -9.252898e-05 
9.159241e-10 -9.568155e-05 
9.163599e-10 -9.882252e-05 
9.167958e-10 -1.019456e-04 
9.172316e-10 -1.050446e-04 
9.176675e-10 -1.081133e-04 
9.181033e-10 -1.111456e-04 
9.185392e-10 -1.141354e-04 
9.189750e-10 -1.170768e-04 
9.194108e-10 -1.199640e-04 
9.198467e-10 -1.227910e-04 
9.202825e-10 -1.255523e-04 
9.207184e-10 -1.282423e-04 
9.211542e-10 -1.308554e-04 
9.215901e-10 -1.333864e-04 
9.220259e-10 -1.358301e-04 
9.224617e-10 -1.381815e-04 
9.228976e-10 -1.404355e-04 
9.233334e-10 -1.425876e-04 
9.237693e-10 -1.446331e-04 
9.242051e-10 -1.465676e-04 
9.246410e-10 -1.483871e-04 
9.250768e-10 -1.500876e-04 
9.255126e-10 -1.516652e-04 
9.259485e-10 -1.531165e-04 
9.263843e-10 -1.544383e-04 
9.268202e-10 -1.556274e-04 
9.272560e-10 -1.566810e-04 
9.276919e-10 -1.575967e-04 
9.281277e-10 -1.583722e-04 
9.285635e-10 -1.590055e-04 
9.289994e-10 -1.594949e-04 
9.294352e-10 -1.598389e-04 
9.298711e-10 -1.600365e-04 
9.303069e-10 -1.600866e-04 
9.307428e-10 -1.599889e-04 
9.311786e-10 -1.597429e-04 
9.316144e-10 -1.593487e-04 
9.320503e-10 -1.588065e-04 
9.324861e-10 -1.581168e-04 
9.329220e-10 -1.572806e-04 
9.333578e-10 -1.562987e-04 
9.337937e-10 -1.551726e-04 
9.342295e-10 -1.539039e-04 
9.346653e-10 -1.524943e-04 
9.351012e-10 -1.509458e-04 
9.355370e-10 -1.492608e-04 
9.359729e-10 -1.474416e-04 
9.364087e-10 -1.454909e-04 
9.368446e-10 -1.434115e-04 
9.372804e-10 -1.412065e-04 
9.377162e-10 -1.388788e-04 
9.381521e-10 -1.364320e-04 
9.385879e-10 -1.338692e-04 
9.390238e-10 -1.311941e-04 
9.394596e-10 -1.284104e-04 
9.398955e-10 -1.255217e-04 
9.403313e-10 -1.225319e-04 
9.407671e-10 -1.194448e-04 
9.412030e-10 -1.162645e-04 
9.416388e-10 -1.129949e-04 
9.420747e-10 -1.096402e-04 
9.425105e-10 -1.062043e-04 
9.429464e-10 -1.026916e-04 
9.433822e-10 -9.910603e-05 
9.438180e-10 -9.545193e-05 
9.442539e-10 -9.173348e-05 
9.446897e-10 -8.795490e-05 
9.451256e-10 -8.412044e-05 
9.455614e-10 -8.023434e-05 
9.459973e-10 -7.630087e-05 
9.464331e-10 -7.232428e-05 
9.468690e-10 -6.830883e-05 
9.473048e-10 -6.425880e-05 
9.477406e-10 -6.017843e-05 
9.481765e-10 -5.607200e-05 
9.486123e-10 -5.194377e-05 
9.490482e-10 -4.779799e-05 
9.494840e-10 -4.363891e-05 
9.499199e-10 -3.947078e-05 
9.503557e-10 -3.529784e-05 
9.507915e-10 -3.112429e-05 
9.512274e-10 -2.695437e-05 
9.516632e-10 -2.279225e-05 
9.520991e-10 -1.864211e-05 
9.525349e-10 -1.450811e-05 
9.529708e-10 -1.039437e-05 
9.534066e-10 -6.304970e-06 
9.538424e-10 -2.243978e-06 
9.542783e-10 1.784598e-06 
9.547141e-10 5.776792e-06 
9.551500e-10 9.728693e-06 
9.555858e-10 1.363645e-05 
9.560217e-10 1.749627e-05 
9.564575e-10 2.130445e-05 
9.568933e-10 2.505735e-05 
9.573292e-10 2.875142e-05 
9.577650e-10 3.238322e-05 
9.582009e-10 3.594938e-05 
9.586367e-10 3.944666e-05 
9.590726e-10 4.287194e-05 
9.595084e-10 4.622219e-05 
9.599442e-10 4.949454e-05 
9.603801e-10 5.268623e-05 
9.608159e-10 5.579467e-05 
9.612518e-10 5.881738e-05 
9.616876e-10 6.175206e-05 
9.621235e-10 6.459654e-05 
9.625593e-10 6.734884e-05 
9.629951e-10 7.000712e-05 
9.634310e-10 7.256972e-05 
9.638668e-10 7.503515e-05 
9.643027e-10 7.740210e-05 
9.647385e-10 7.966942e-05 
9.651744e-10 8.183616e-05 
9.656102e-10 8.390154e-05 
9.660460e-10 8.586494e-05 
9.664819e-10 8.772595e-05 
9.669177e-10 8.948433e-05 
9.673536e-10 9.114000e-05 
9.677894e-10 9.269307e-05 
9.682253e-10 9.414383e-05 
9.686611e-10 9.549272e-05 
9.690969e-10 9.674035e-05 
9.695328e-10 9.788751e-05 
9.699686e-10 9.893511e-05 
9.704045e-10 9.988424e-05 
9.708403e-10 1.007361e-04 
9.712762e-10 1.014921e-04 
9.717120e-10 1.021537e-04 
9.721478e-10 1.027224e-04 
9.725837e-10 1.032001e-04 
9.730195e-10 1.035885e-04 
9.734554e-10 1.038895e-04 
9.738912e-10 1.041051e-04 
9.743271e-10 1.042374e-04 
9.747629e-10 1.042884e-04 
9.751987e-10 1.042604e-04 
9.756346e-10 1.041555e-04 
9.760704e-10 1.039759e-04 
9.765063e-10 1.037239e-04 
9.769421e-10 1.034017e-04 
9.773780e-10 1.030115e-04 
9.778138e-10 1.025554e-04 
9.782496e-10 1.020357e-04 
9.786855e-10 1.014544e-04 
9.791213e-10 1.008135e-04 
9.795572e-10 1.001151e-04 
9.799930e-10 9.936101e-05 
9.804289e-10 9.855304e-05 
9.808647e-10 9.769291e-05 
9.813005e-10 9.678221e-05 
9.817364e-10 9.582244e-05 
9.821722e-10 9.481497e-05 
9.826081e-10 9.376107e-05 
9.830439e-10 9.266186e-05 
9.834798e-10 9.151835e-05 
9.839156e-10 9.033143e-05 
9.843514e-10 8.910185e-05 
9.847873e-10 8.783025e-05 
9.852231e-10 8.651712e-05 
9.856590e-10 8.516288e-05 
9.860948e-10 8.376778e-05 
9.865307e-10 8.233200e-05 
9.869665e-10 8.085562e-05 
9.874024e-10 7.933861e-05 
9.878382e-10 7.778087e-05 
9.882740e-10 7.618223e-05 
9.887099e-10 7.454243e-05 
9.891457e-10 7.286121e-05 
9.895816e-10 7.113822e-05 
9.900174e-10 6.937313e-05 
9.904533e-10 6.756556e-05 
9.908891e-10 6.571517e-05 
9.913249e-10 6.382159e-05 
9.917608e-10 6.188452e-05 
9.921966e-10 5.990368e-05 
9.926325e-10 5.787885e-05 
9.930683e-10 5.580989e-05 
9.935042e-10 5.369673e-05 
9.939400e-10 5.153941e-05 
9.943758e-10 4.933807e-05 
9.948117e-10 4.709297e-05 
9.952475e-10 4.480451e-05 
9.956834e-10 4.247322e-05 
9.961192e-10 4.009980e-05 
9.965551e-10 3.768510e-05 
9.969909e-10 3.523013e-05 
9.974267e-10 3.273611e-05 
9.978626e-10 3.020441e-05 
9.982984e-10 2.763659e-05 
9.987343e-10 2.503443e-05 
9.991701e-10 2.239989e-05 
9.996060e-10 1.973511e-05 
