2.179215e-13 0 
6.537645e-13 0 
1.089608e-12 -2.868686e-18 
1.525451e-12 -2.044869e-17 
1.961294e-12 -8.290083e-17 
2.397137e-12 -2.542021e-16 
2.832980e-12 -6.501343e-16 
3.268823e-12 -1.453087e-15 
3.704666e-12 -2.926577e-15 
4.140509e-12 -5.432856e-15 
4.576352e-12 -9.450693e-15 
5.012195e-12 -1.558980e-14 
5.448038e-12 -2.460774e-14 
5.883881e-12 -3.743725e-14 
6.319724e-12 -5.522264e-14 
6.755567e-12 -7.936491e-14 
7.191410e-12 -1.115862e-13 
7.627253e-12 -1.540242e-13 
8.063096e-12 -2.093607e-13 
8.498939e-12 -2.809906e-13 
8.934782e-12 -3.732415e-13 
9.370625e-12 -4.916550e-13 
9.806468e-12 -6.433416e-13 
1.024231e-11 -8.374244e-13 
1.067815e-11 -1.085593e-12 
1.111400e-11 -1.402792e-12 
1.154984e-11 -1.808070e-12 
1.198568e-11 -2.325641e-12 
1.242153e-11 -2.986204e-12 
1.285737e-11 -3.828574e-12 
1.329321e-11 -4.901718e-12 
1.372905e-11 -6.267284e-12 
1.416490e-11 -8.002732e-12 
1.460074e-11 -1.020521e-11 
1.503658e-11 -1.299638e-11 
1.547243e-11 -1.652831e-11 
1.590827e-11 -2.099082e-11 
1.634411e-11 -2.662043e-11 
1.677996e-11 -3.371145e-11 
1.721580e-11 -4.262950e-11 
1.765164e-11 -5.382807e-11 
1.808749e-11 -6.786882e-11 
1.852333e-11 -8.544621e-11 
1.895917e-11 -1.074176e-10 
1.939501e-11 -1.348399e-10 
1.983086e-11 -1.690137e-10 
2.026670e-11 -2.115370e-10 
2.070254e-11 -2.643701e-10 
2.113839e-11 -3.299139e-10 
2.157423e-11 -4.111039e-10 
2.201007e-11 -5.115237e-10 
2.244592e-11 -6.355406e-10 
2.288176e-11 -7.884685e-10 
2.331760e-11 -9.767623e-10 
2.375344e-11 -1.208250e-09 
2.418929e-11 -1.492411e-09 
2.462513e-11 -1.840701e-09 
2.506097e-11 -2.266946e-09 
2.549682e-11 -2.787805e-09 
2.593266e-11 -3.423312e-09 
2.636850e-11 -4.197528e-09 
2.680435e-11 -5.139295e-09 
2.724019e-11 -6.283134e-09 
2.767603e-11 -7.670293e-09 
2.811187e-11 -9.349972e-09 
2.854772e-11 -1.138076e-08 
2.898356e-11 -1.383232e-08 
2.941940e-11 -1.678733e-08 
2.985525e-11 -2.034373e-08 
3.029109e-11 -2.461739e-08 
3.072693e-11 -2.974515e-08 
3.116278e-11 -3.588828e-08 
3.159862e-11 -4.323660e-08 
3.203446e-11 -5.201310e-08 
3.247030e-11 -6.247931e-08 
3.290615e-11 -7.494142e-08 
3.334199e-11 -8.975730e-08 
3.377783e-11 -1.073445e-07 
3.421368e-11 -1.281893e-07 
3.464952e-11 -1.528571e-07 
3.508536e-11 -1.820042e-07 
3.552121e-11 -2.163909e-07 
3.595705e-11 -2.568966e-07 
3.639289e-11 -3.045365e-07 
3.682873e-11 -3.604807e-07 
3.726458e-11 -4.260751e-07 
3.770042e-11 -5.028653e-07 
3.813626e-11 -5.926232e-07 
3.857211e-11 -6.973758e-07 
3.900795e-11 -8.194383e-07 
3.944379e-11 -9.614502e-07 
3.987964e-11 -1.126415e-06 
4.031548e-11 -1.317743e-06 
4.075132e-11 -1.539303e-06 
4.118716e-11 -1.795470e-06 
4.162301e-11 -2.091187e-06 
4.205885e-11 -2.432026e-06 
4.249469e-11 -2.824255e-06 
4.293054e-11 -3.274915e-06 
4.336638e-11 -3.791895e-06 
4.380222e-11 -4.384023e-06 
4.423807e-11 -5.061152e-06 
4.467391e-11 -5.834260e-06 
4.510975e-11 -6.715558e-06 
4.554560e-11 -7.718592e-06 
4.598144e-11 -8.858367e-06 
4.641728e-11 -1.015146e-05 
4.685312e-11 -1.161617e-05 
4.728897e-11 -1.327262e-05 
4.772481e-11 -1.514292e-05 
4.816065e-11 -1.725128e-05 
4.859650e-11 -1.962419e-05 
4.903234e-11 -2.229057e-05 
4.946818e-11 -2.528186e-05 
4.990403e-11 -2.863224e-05 
5.033987e-11 -3.237875e-05 
5.077571e-11 -3.656141e-05 
5.121155e-11 -4.122340e-05 
5.164740e-11 -4.641118e-05 
5.208324e-11 -5.217460e-05 
5.251908e-11 -5.856703e-05 
5.295493e-11 -6.564547e-05 
5.339077e-11 -7.347061e-05 
5.382661e-11 -8.210690e-05 
5.426246e-11 -9.162260e-05 
5.469830e-11 -1.020898e-04 
5.513414e-11 -1.135844e-04 
5.556998e-11 -1.261862e-04 
5.600583e-11 -1.399784e-04 
5.644167e-11 -1.550480e-04 
5.687751e-11 -1.714856e-04 
5.731336e-11 -1.893846e-04 
5.774920e-11 -2.088418e-04 
5.818504e-11 -2.299565e-04 
5.862089e-11 -2.528303e-04 
5.905673e-11 -2.775668e-04 
5.949257e-11 -3.042712e-04 
5.992841e-11 -3.330496e-04 
6.036426e-11 -3.640084e-04 
6.080010e-11 -3.972539e-04 
6.123594e-11 -4.328914e-04 
6.167179e-11 -4.710248e-04 
6.210763e-11 -5.117551e-04 
6.254347e-11 -5.551803e-04 
6.297932e-11 -6.013941e-04 
6.341516e-11 -6.504851e-04 
6.385100e-11 -7.025356e-04 
6.428684e-11 -7.576208e-04 
6.472269e-11 -8.158079e-04 
6.515853e-11 -8.771543e-04 
6.559437e-11 -9.417076e-04 
6.603022e-11 -1.009503e-03 
6.646606e-11 -1.080565e-03 
6.690190e-11 -1.154903e-03 
6.733775e-11 -1.232511e-03 
6.777359e-11 -1.313370e-03 
6.820943e-11 -1.397442e-03 
6.864527e-11 -1.484672e-03 
6.908112e-11 -1.574989e-03 
6.951696e-11 -1.668300e-03 
6.995280e-11 -1.764495e-03 
7.038865e-11 -1.863442e-03 
7.082449e-11 -1.964990e-03 
7.126033e-11 -2.068966e-03 
7.169618e-11 -2.175179e-03 
7.213202e-11 -2.283414e-03 
7.256786e-11 -2.393439e-03 
7.300371e-11 -2.505000e-03 
7.343955e-11 -2.617824e-03 
7.387539e-11 -2.731620e-03 
7.431123e-11 -2.846079e-03 
7.474708e-11 -2.960875e-03 
7.518292e-11 -3.075669e-03 
7.561876e-11 -3.190105e-03 
7.605461e-11 -3.303819e-03 
7.649045e-11 -3.416433e-03 
7.692629e-11 -3.527562e-03 
7.736214e-11 -3.636817e-03 
7.779798e-11 -3.743801e-03 
7.823382e-11 -3.848118e-03 
7.866966e-11 -3.949374e-03 
7.910551e-11 -4.047174e-03 
7.954135e-11 -4.141132e-03 
7.997719e-11 -4.230869e-03 
8.041304e-11 -4.316017e-03 
8.084888e-11 -4.396222e-03 
8.128472e-11 -4.471145e-03 
8.172057e-11 -4.540464e-03 
8.215641e-11 -4.603880e-03 
8.259225e-11 -4.661115e-03 
8.302809e-11 -4.711917e-03 
8.346394e-11 -4.756059e-03 
8.389978e-11 -4.793343e-03 
8.433562e-11 -4.823601e-03 
8.477147e-11 -4.846698e-03 
8.520731e-11 -4.862528e-03 
8.564315e-11 -4.871021e-03 
8.607900e-11 -4.872140e-03 
8.651484e-11 -4.865882e-03 
8.695068e-11 -4.852279e-03 
8.738652e-11 -4.831395e-03 
8.782237e-11 -4.803332e-03 
8.825821e-11 -4.768220e-03 
8.869405e-11 -4.726226e-03 
8.912990e-11 -4.677546e-03 
8.956574e-11 -4.622404e-03 
9.000158e-11 -4.561056e-03 
9.043743e-11 -4.493781e-03 
9.087327e-11 -4.420884e-03 
9.130911e-11 -4.342693e-03 
9.174495e-11 -4.259556e-03 
9.218080e-11 -4.171836e-03 
9.261664e-11 -4.079915e-03 
9.305248e-11 -3.984186e-03 
9.348833e-11 -3.885053e-03 
9.392417e-11 -3.782927e-03 
9.436001e-11 -3.678224e-03 
9.479586e-11 -3.571363e-03 
9.523170e-11 -3.462762e-03 
9.566754e-11 -3.352840e-03 
9.610338e-11 -3.242006e-03 
9.653923e-11 -3.130667e-03 
9.697507e-11 -3.019217e-03 
9.741091e-11 -2.908040e-03 
9.784676e-11 -2.797510e-03 
9.828260e-11 -2.687981e-03 
9.871844e-11 -2.579795e-03 
9.915429e-11 -2.473275e-03 
9.959013e-11 -2.368725e-03 
1.000260e-10 -2.266429e-03 
1.004618e-10 -2.166652e-03 
1.008977e-10 -2.069637e-03 
1.013335e-10 -1.975604e-03 
1.017693e-10 -1.884753e-03 
1.022052e-10 -1.797261e-03 
1.026410e-10 -1.713283e-03 
1.030769e-10 -1.632953e-03 
1.035127e-10 -1.556381e-03 
1.039486e-10 -1.483658e-03 
1.043844e-10 -1.414853e-03 
1.048202e-10 -1.350016e-03 
1.052561e-10 -1.289176e-03 
1.056919e-10 -1.232346e-03 
1.061278e-10 -1.179518e-03 
1.065636e-10 -1.130670e-03 
1.069995e-10 -1.085761e-03 
1.074353e-10 -1.044738e-03 
1.078711e-10 -1.007532e-03 
1.083070e-10 -9.740612e-04 
1.087428e-10 -9.442328e-04 
1.091787e-10 -9.179418e-04 
1.096145e-10 -8.950733e-04 
1.100504e-10 -8.755030e-04 
1.104862e-10 -8.590986e-04 
1.109220e-10 -8.457200e-04 
1.113579e-10 -8.352207e-04 
1.117937e-10 -8.274482e-04 
1.122296e-10 -8.222450e-04 
1.126654e-10 -8.194493e-04 
1.131013e-10 -8.188957e-04 
1.135371e-10 -8.204155e-04 
1.139729e-10 -8.238381e-04 
1.144088e-10 -8.289907e-04 
1.148446e-10 -8.356995e-04 
1.152805e-10 -8.437899e-04 
1.157163e-10 -8.530872e-04 
1.161522e-10 -8.634169e-04 
1.165880e-10 -8.746053e-04 
1.170238e-10 -8.864798e-04 
1.174597e-10 -8.988695e-04 
1.178955e-10 -9.116056e-04 
1.183314e-10 -9.245218e-04 
1.187672e-10 -9.374544e-04 
1.192031e-10 -9.502434e-04 
1.196389e-10 -9.627323e-04 
1.200748e-10 -9.747686e-04 
1.205106e-10 -9.862046e-04 
1.209464e-10 -9.968972e-04 
1.213823e-10 -1.006709e-03 
1.218181e-10 -1.015508e-03 
1.222540e-10 -1.023169e-03 
1.226898e-10 -1.029572e-03 
1.231257e-10 -1.034605e-03 
1.235615e-10 -1.038164e-03 
1.239973e-10 -1.040152e-03 
1.244332e-10 -1.040479e-03 
1.248690e-10 -1.039065e-03 
1.253049e-10 -1.035837e-03 
1.257407e-10 -1.030735e-03 
1.261766e-10 -1.023703e-03 
1.266124e-10 -1.014698e-03 
1.270482e-10 -1.003687e-03 
1.274841e-10 -9.906456e-04 
1.279199e-10 -9.755595e-04 
1.283558e-10 -9.584254e-04 
1.287916e-10 -9.392500e-04 
1.292275e-10 -9.180500e-04 
1.296633e-10 -8.948527e-04 
1.300991e-10 -8.696951e-04 
1.305350e-10 -8.426243e-04 
1.309708e-10 -8.136969e-04 
1.314067e-10 -7.829792e-04 
1.318425e-10 -7.505462e-04 
1.322784e-10 -7.164819e-04 
1.327142e-10 -6.808783e-04 
1.331500e-10 -6.438353e-04 
1.335859e-10 -6.054599e-04 
1.340217e-10 -5.658658e-04 
1.344576e-10 -5.251728e-04 
1.348934e-10 -4.835058e-04 
1.353293e-10 -4.409945e-04 
1.357651e-10 -3.977726e-04 
1.362009e-10 -3.539768e-04 
1.366368e-10 -3.097464e-04 
1.370726e-10 -2.652223e-04 
1.375085e-10 -2.205463e-04 
1.379443e-10 -1.758601e-04 
1.383802e-10 -1.313052e-04 
1.388160e-10 -8.702109e-05 
1.392518e-10 -4.314556e-05 
1.396877e-10 1.867090e-07 
1.401235e-10 4.284456e-05 
1.405594e-10 8.470108e-05 
1.409952e-10 1.256342e-04 
1.414311e-10 1.655273e-04 
1.418669e-10 2.042697e-04 
1.423027e-10 2.417571e-04 
1.427386e-10 2.778923e-04 
1.431744e-10 3.125851e-04 
1.436103e-10 3.457529e-04 
1.440461e-10 3.773210e-04 
1.444820e-10 4.072228e-04 
1.449178e-10 4.353997e-04 
1.453536e-10 4.618014e-04 
1.457895e-10 4.863860e-04 
1.462253e-10 5.091199e-04 
1.466612e-10 5.299773e-04 
1.470970e-10 5.489410e-04 
1.475329e-10 5.660014e-04 
1.479687e-10 5.811564e-04 
1.484045e-10 5.944116e-04 
1.488404e-10 6.057796e-04 
1.492762e-10 6.152796e-04 
1.497121e-10 6.229375e-04 
1.501479e-10 6.287848e-04 
1.505838e-10 6.328591e-04 
1.510196e-10 6.352027e-04 
1.514554e-10 6.358629e-04 
1.518913e-10 6.348912e-04 
1.523271e-10 6.323431e-04 
1.527630e-10 6.282771e-04 
1.531988e-10 6.227552e-04 
1.536347e-10 6.158414e-04 
1.540705e-10 6.076020e-04 
1.545063e-10 5.981051e-04 
1.549422e-10 5.874198e-04 
1.553780e-10 5.756161e-04 
1.558139e-10 5.627648e-04 
1.562497e-10 5.489367e-04 
1.566856e-10 5.342023e-04 
1.571214e-10 5.186320e-04 
1.575572e-10 5.022952e-04 
1.579931e-10 4.852606e-04 
1.584289e-10 4.675955e-04 
1.588648e-10 4.493660e-04 
1.593006e-10 4.306366e-04 
1.597365e-10 4.114702e-04 
1.601723e-10 3.919276e-04 
1.606082e-10 3.720678e-04 
1.610440e-10 3.519480e-04 
1.614798e-10 3.316230e-04 
1.619157e-10 3.111455e-04 
1.623515e-10 2.905659e-04 
1.627874e-10 2.699327e-04 
1.632232e-10 2.492918e-04 
1.636591e-10 2.286869e-04 
1.640949e-10 2.081596e-04 
1.645307e-10 1.877490e-04 
1.649666e-10 1.674922e-04 
1.654024e-10 1.474239e-04 
1.658383e-10 1.275767e-04 
1.662741e-10 1.079812e-04 
1.667100e-10 8.866554e-05 
1.671458e-10 6.965605e-05 
1.675816e-10 5.097690e-05 
1.680175e-10 3.265030e-05 
1.684533e-10 1.469648e-05 
1.688892e-10 -2.866243e-06 
1.693250e-10 -2.002143e-05 
1.697609e-10 -3.675445e-05 
1.701967e-10 -5.305248e-05 
1.706325e-10 -6.890441e-05 
1.710684e-10 -8.430084e-05 
1.715042e-10 -9.923397e-05 
1.719401e-10 -1.136976e-04 
1.723759e-10 -1.276871e-04 
1.728118e-10 -1.411993e-04 
1.732476e-10 -1.542324e-04 
1.736834e-10 -1.667860e-04 
1.741193e-10 -1.788611e-04 
1.745551e-10 -1.904597e-04 
1.749910e-10 -2.015851e-04 
1.754268e-10 -2.122420e-04 
1.758627e-10 -2.224355e-04 
1.762985e-10 -2.321724e-04 
1.767343e-10 -2.414597e-04 
1.771702e-10 -2.503057e-04 
1.776060e-10 -2.587194e-04 
1.780419e-10 -2.667101e-04 
1.784777e-10 -2.742881e-04 
1.789136e-10 -2.814640e-04 
1.793494e-10 -2.882488e-04 
1.797852e-10 -2.946540e-04 
1.802211e-10 -3.006912e-04 
1.806569e-10 -3.063722e-04 
1.810928e-10 -3.117091e-04 
1.815286e-10 -3.167136e-04 
1.819645e-10 -3.213979e-04 
1.824003e-10 -3.257736e-04 
1.828361e-10 -3.298524e-04 
1.832720e-10 -3.336454e-04 
1.837078e-10 -3.371637e-04 
1.841437e-10 -3.404178e-04 
1.845795e-10 -3.434177e-04 
1.850154e-10 -3.461730e-04 
1.854512e-10 -3.486926e-04 
1.858870e-10 -3.509848e-04 
1.863229e-10 -3.530571e-04 
1.867587e-10 -3.549163e-04 
1.871946e-10 -3.565685e-04 
1.876304e-10 -3.580190e-04 
1.880663e-10 -3.592719e-04 
1.885021e-10 -3.603308e-04 
1.889379e-10 -3.611983e-04 
1.893738e-10 -3.618758e-04 
1.898096e-10 -3.623641e-04 
1.902455e-10 -3.626629e-04 
1.906813e-10 -3.627707e-04 
1.911172e-10 -3.626855e-04 
1.915530e-10 -3.624040e-04 
1.919888e-10 -3.619220e-04 
1.924247e-10 -3.612345e-04 
1.928605e-10 -3.603356e-04 
1.932964e-10 -3.592183e-04 
1.937322e-10 -3.578750e-04 
1.941681e-10 -3.562972e-04 
1.946039e-10 -3.544759e-04 
1.950397e-10 -3.524010e-04 
1.954756e-10 -3.500622e-04 
1.959114e-10 -3.474485e-04 
1.963473e-10 -3.445483e-04 
1.967831e-10 -3.413497e-04 
1.972190e-10 -3.378407e-04 
1.976548e-10 -3.340087e-04 
1.980907e-10 -3.298414e-04 
1.985265e-10 -3.253261e-04 
1.989623e-10 -3.204504e-04 
1.993982e-10 -3.152021e-04 
1.998340e-10 -3.095693e-04 
2.002699e-10 -3.035402e-04 
2.007057e-10 -2.971040e-04 
2.011416e-10 -2.902503e-04 
2.015774e-10 -2.829692e-04 
2.020132e-10 -2.752521e-04 
2.024491e-10 -2.670909e-04 
2.028849e-10 -2.584790e-04 
2.033208e-10 -2.494105e-04 
2.037566e-10 -2.398811e-04 
2.041925e-10 -2.298876e-04 
2.046283e-10 -2.194283e-04 
2.050641e-10 -2.085031e-04 
2.055000e-10 -1.971132e-04 
2.059358e-10 -1.852616e-04 
2.063717e-10 -1.729530e-04 
2.068075e-10 -1.601938e-04 
2.072434e-10 -1.469920e-04 
2.076792e-10 -1.333575e-04 
2.081150e-10 -1.193020e-04 
2.085509e-10 -1.048390e-04 
2.089867e-10 -8.998372e-05 
2.094226e-10 -7.475327e-05 
2.098584e-10 -5.916645e-05 
2.102943e-10 -4.324378e-05 
2.107301e-10 -2.700750e-05 
2.111659e-10 -1.048146e-05 
2.116018e-10 6.308901e-06 
2.120376e-10 2.333665e-05 
2.124735e-10 4.057342e-05 
2.129093e-10 5.798948e-05 
2.133452e-10 7.555385e-05 
2.137810e-10 9.323436e-05 
2.142168e-10 1.109978e-04 
2.146527e-10 1.288099e-04 
2.150885e-10 1.466358e-04 
2.155244e-10 1.644395e-04 
2.159602e-10 1.821846e-04 
2.163961e-10 1.998343e-04 
2.168319e-10 2.173510e-04 
2.172677e-10 2.346972e-04 
2.177036e-10 2.518350e-04 
2.181394e-10 2.687266e-04 
2.185753e-10 2.853342e-04 
2.190111e-10 3.016200e-04 
2.194470e-10 3.175468e-04 
2.198828e-10 3.330775e-04 
2.203186e-10 3.481758e-04 
2.207545e-10 3.628057e-04 
2.211903e-10 3.769321e-04 
2.216262e-10 3.905206e-04 
2.220620e-10 4.035378e-04 
2.224979e-10 4.159511e-04 
2.229337e-10 4.277293e-04 
2.233695e-10 4.388419e-04 
2.238054e-10 4.492601e-04 
2.242412e-10 4.589560e-04 
2.246771e-10 4.679033e-04 
2.251129e-10 4.760771e-04 
2.255488e-10 4.834541e-04 
2.259846e-10 4.900122e-04 
2.264204e-10 4.957314e-04 
2.268563e-10 5.005930e-04 
2.272921e-10 5.045802e-04 
2.277280e-10 5.076779e-04 
2.281638e-10 5.098729e-04 
2.285997e-10 5.111537e-04 
2.290355e-10 5.115108e-04 
2.294713e-10 5.109365e-04 
2.299072e-10 5.094252e-04 
2.303430e-10 5.069731e-04 
2.307789e-10 5.035784e-04 
2.312147e-10 4.992414e-04 
2.316506e-10 4.939644e-04 
2.320864e-10 4.877516e-04 
2.325222e-10 4.806095e-04 
2.329581e-10 4.725463e-04 
2.333939e-10 4.635725e-04 
2.338298e-10 4.537005e-04 
2.342656e-10 4.429447e-04 
2.347015e-10 4.313216e-04 
2.351373e-10 4.188494e-04 
2.355731e-10 4.055486e-04 
2.360090e-10 3.914413e-04 
2.364448e-10 3.765516e-04 
2.368807e-10 3.609054e-04 
2.373165e-10 3.445304e-04 
2.377524e-10 3.274558e-04 
2.381882e-10 3.097126e-04 
2.386241e-10 2.913332e-04 
2.390599e-10 2.723518e-04 
2.394957e-10 2.528034e-04 
2.399316e-10 2.327249e-04 
2.403674e-10 2.121540e-04 
2.408033e-10 1.911295e-04 
2.412391e-10 1.696913e-04 
2.416750e-10 1.478801e-04 
2.421108e-10 1.257373e-04 
2.425466e-10 1.033049e-04 
2.429825e-10 8.062538e-05 
2.434183e-10 5.774162e-05 
2.438542e-10 3.469661e-05 
2.442900e-10 1.153347e-05 
2.447259e-10 -1.170478e-05 
2.451617e-10 -3.497530e-05 
2.455975e-10 -5.823560e-05 
2.460334e-10 -8.144367e-05 
2.464692e-10 -1.045581e-04 
2.469051e-10 -1.275382e-04 
2.473409e-10 -1.503443e-04 
2.477768e-10 -1.729374e-04 
2.482126e-10 -1.952800e-04 
2.486484e-10 -2.173354e-04 
2.490843e-10 -2.390687e-04 
2.495201e-10 -2.604459e-04 
2.499560e-10 -2.814350e-04 
2.503918e-10 -3.020052e-04 
2.508277e-10 -3.221278e-04 
2.512635e-10 -3.417753e-04 
2.516993e-10 -3.609226e-04 
2.521352e-10 -3.795459e-04 
2.525710e-10 -3.976237e-04 
2.530069e-10 -4.151361e-04 
2.534427e-10 -4.320654e-04 
2.538786e-10 -4.483958e-04 
2.543144e-10 -4.641133e-04 
2.547502e-10 -4.792059e-04 
2.551861e-10 -4.936637e-04 
2.556219e-10 -5.074786e-04 
2.560578e-10 -5.206442e-04 
2.564936e-10 -5.331564e-04 
2.569295e-10 -5.450124e-04 
2.573653e-10 -5.562114e-04 
2.578011e-10 -5.667544e-04 
2.582370e-10 -5.766438e-04 
2.586728e-10 -5.858836e-04 
2.591087e-10 -5.944796e-04 
2.595445e-10 -6.024386e-04 
2.599804e-10 -6.097691e-04 
2.604162e-10 -6.164806e-04 
2.608520e-10 -6.225840e-04 
2.612879e-10 -6.280911e-04 
2.617237e-10 -6.330151e-04 
2.621596e-10 -6.373697e-04 
2.625954e-10 -6.411699e-04 
2.630313e-10 -6.444311e-04 
2.634671e-10 -6.471698e-04 
2.639029e-10 -6.494029e-04 
2.643388e-10 -6.511480e-04 
2.647746e-10 -6.524231e-04 
2.652105e-10 -6.532467e-04 
2.656463e-10 -6.536377e-04 
2.660822e-10 -6.536153e-04 
2.665180e-10 -6.531988e-04 
2.669538e-10 -6.524080e-04 
2.673897e-10 -6.512627e-04 
2.678255e-10 -6.497826e-04 
2.682614e-10 -6.479878e-04 
2.686972e-10 -6.458982e-04 
2.691331e-10 -6.435336e-04 
2.695689e-10 -6.409140e-04 
2.700047e-10 -6.380590e-04 
2.704406e-10 -6.349883e-04 
2.708764e-10 -6.317212e-04 
2.713123e-10 -6.282769e-04 
2.717481e-10 -6.246745e-04 
2.721840e-10 -6.209326e-04 
2.726198e-10 -6.170696e-04 
2.730556e-10 -6.131036e-04 
2.734915e-10 -6.090524e-04 
2.739273e-10 -6.049333e-04 
2.743632e-10 -6.007633e-04 
2.747990e-10 -5.965590e-04 
2.752349e-10 -5.923365e-04 
2.756707e-10 -5.881114e-04 
2.761066e-10 -5.838989e-04 
2.765424e-10 -5.797135e-04 
2.769782e-10 -5.755692e-04 
2.774141e-10 -5.714796e-04 
2.778499e-10 -5.674575e-04 
2.782858e-10 -5.635151e-04 
2.787216e-10 -5.596639e-04 
2.791575e-10 -5.559147e-04 
2.795933e-10 -5.522778e-04 
2.800291e-10 -5.487623e-04 
2.804650e-10 -5.453770e-04 
2.809008e-10 -5.421296e-04 
2.813367e-10 -5.390270e-04 
2.817725e-10 -5.360753e-04 
2.822084e-10 -5.332798e-04 
2.826442e-10 -5.306447e-04 
2.830800e-10 -5.281734e-04 
2.835159e-10 -5.258684e-04 
2.839517e-10 -5.237312e-04 
2.843876e-10 -5.217624e-04 
2.848234e-10 -5.199615e-04 
2.852593e-10 -5.183272e-04 
2.856951e-10 -5.168570e-04 
2.861309e-10 -5.155478e-04 
2.865668e-10 -5.143951e-04 
2.870026e-10 -5.133938e-04 
2.874385e-10 -5.125376e-04 
2.878743e-10 -5.118194e-04 
2.883102e-10 -5.112313e-04 
2.887460e-10 -5.107643e-04 
2.891818e-10 -5.104086e-04 
2.896177e-10 -5.101539e-04 
2.900535e-10 -5.099886e-04 
2.904894e-10 -5.099008e-04 
2.909252e-10 -5.098777e-04 
2.913611e-10 -5.099059e-04 
2.917969e-10 -5.099714e-04 
2.922327e-10 -5.100597e-04 
2.926686e-10 -5.101559e-04 
2.931044e-10 -5.102444e-04 
2.935403e-10 -5.103095e-04 
2.939761e-10 -5.103352e-04 
2.944120e-10 -5.103051e-04 
2.948478e-10 -5.102027e-04 
2.952836e-10 -5.100114e-04 
2.957195e-10 -5.097147e-04 
2.961553e-10 -5.092960e-04 
2.965912e-10 -5.087386e-04 
2.970270e-10 -5.080264e-04 
2.974629e-10 -5.071431e-04 
2.978987e-10 -5.060730e-04 
2.983345e-10 -5.048006e-04 
2.987704e-10 -5.033107e-04 
2.992062e-10 -5.015888e-04 
2.996421e-10 -4.996207e-04 
3.000779e-10 -4.973929e-04 
3.005138e-10 -4.948925e-04 
3.009496e-10 -4.921073e-04 
3.013854e-10 -4.890255e-04 
3.018213e-10 -4.856365e-04 
3.022571e-10 -4.819303e-04 
3.026930e-10 -4.778974e-04 
3.031288e-10 -4.735297e-04 
3.035647e-10 -4.688195e-04 
3.040005e-10 -4.637603e-04 
3.044363e-10 -4.583464e-04 
3.048722e-10 -4.525729e-04 
3.053080e-10 -4.464360e-04 
3.057439e-10 -4.399328e-04 
3.061797e-10 -4.330616e-04 
3.066156e-10 -4.258212e-04 
3.070514e-10 -4.182117e-04 
3.074872e-10 -4.102341e-04 
3.079231e-10 -4.018905e-04 
3.083589e-10 -3.931837e-04 
3.087948e-10 -3.841177e-04 
3.092306e-10 -3.746973e-04 
3.096665e-10 -3.649284e-04 
3.101023e-10 -3.548177e-04 
3.105381e-10 -3.443729e-04 
3.109740e-10 -3.336026e-04 
3.114098e-10 -3.225163e-04 
3.118457e-10 -3.111243e-04 
3.122815e-10 -2.994380e-04 
3.127174e-10 -2.874694e-04 
3.131532e-10 -2.752313e-04 
3.135890e-10 -2.627374e-04 
3.140249e-10 -2.500024e-04 
3.144607e-10 -2.370412e-04 
3.148966e-10 -2.238699e-04 
3.153324e-10 -2.105052e-04 
3.157683e-10 -1.969642e-04 
3.162041e-10 -1.832650e-04 
3.166400e-10 -1.694259e-04 
3.170758e-10 -1.554661e-04 
3.175116e-10 -1.414052e-04 
3.179475e-10 -1.272632e-04 
3.183833e-10 -1.130606e-04 
3.188192e-10 -9.881834e-05 
3.192550e-10 -8.455761e-05 
3.196909e-10 -7.029997e-05 
3.201267e-10 -5.606721e-05 
3.205625e-10 -4.188131e-05 
3.209984e-10 -2.776441e-05 
3.214342e-10 -1.373874e-05 
3.218701e-10 1.734356e-07 
3.223059e-10 1.394988e-05 
3.227418e-10 2.756842e-05 
3.231776e-10 4.100704e-05 
3.236134e-10 5.424390e-05 
3.240493e-10 6.725743e-05 
3.244851e-10 8.002639e-05 
3.249210e-10 9.252988e-05 
3.253568e-10 1.047475e-04 
3.257927e-10 1.166592e-04 
3.262285e-10 1.282457e-04 
3.266643e-10 1.394881e-04 
3.271002e-10 1.503684e-04 
3.275360e-10 1.608692e-04 
3.279719e-10 1.709737e-04 
3.284077e-10 1.806663e-04 
3.288436e-10 1.899319e-04 
3.292794e-10 1.987564e-04 
3.297152e-10 2.071269e-04 
3.301511e-10 2.150311e-04 
3.305869e-10 2.224580e-04 
3.310228e-10 2.293975e-04 
3.314586e-10 2.358407e-04 
3.318945e-10 2.417797e-04 
3.323303e-10 2.472078e-04 
3.327661e-10 2.521193e-04 
3.332020e-10 2.565098e-04 
3.336378e-10 2.603761e-04 
3.340737e-10 2.637159e-04 
3.345095e-10 2.665283e-04 
3.349454e-10 2.688136e-04 
3.353812e-10 2.705730e-04 
3.358170e-10 2.718091e-04 
3.362529e-10 2.725256e-04 
3.366887e-10 2.727271e-04 
3.371246e-10 2.724196e-04 
3.375604e-10 2.716101e-04 
3.379963e-10 2.703066e-04 
3.384321e-10 2.685181e-04 
3.388679e-10 2.662547e-04 
3.393038e-10 2.635275e-04 
3.397396e-10 2.603485e-04 
3.401755e-10 2.567305e-04 
3.406113e-10 2.526874e-04 
3.410472e-10 2.482338e-04 
3.414830e-10 2.433851e-04 
3.419188e-10 2.381575e-04 
3.423547e-10 2.325679e-04 
3.427905e-10 2.266338e-04 
3.432264e-10 2.203735e-04 
3.436622e-10 2.138057e-04 
3.440981e-10 2.069497e-04 
3.445339e-10 1.998254e-04 
3.449697e-10 1.924529e-04 
3.454056e-10 1.848529e-04 
3.458414e-10 1.770463e-04 
3.462773e-10 1.690543e-04 
3.467131e-10 1.608984e-04 
3.471490e-10 1.526002e-04 
3.475848e-10 1.441814e-04 
3.480206e-10 1.356639e-04 
3.484565e-10 1.270696e-04 
3.488923e-10 1.184201e-04 
3.493282e-10 1.097371e-04 
3.497640e-10 1.010423e-04 
3.501999e-10 9.235679e-05 
3.506357e-10 8.370173e-05 
3.510715e-10 7.509781e-05 
3.515074e-10 6.656538e-05 
3.519432e-10 5.812433e-05 
3.523791e-10 4.979410e-05 
3.528149e-10 4.159356e-05 
3.532508e-10 3.354104e-05 
3.536866e-10 2.565419e-05 
3.541224e-10 1.795002e-05 
3.545583e-10 1.044477e-05 
3.549941e-10 3.153966e-06 
3.554300e-10 -3.907715e-06 
3.558658e-10 -1.072642e-05 
3.563017e-10 -1.728917e-05 
3.567375e-10 -2.358390e-05 
3.571734e-10 -2.959949e-05 
3.576092e-10 -3.532577e-05 
3.580450e-10 -4.075354e-05 
3.584809e-10 -4.587463e-05 
3.589167e-10 -5.068185e-05 
3.593526e-10 -5.516906e-05 
3.597884e-10 -5.933113e-05 
3.602243e-10 -6.316398e-05 
3.606601e-10 -6.666454e-05 
3.610959e-10 -6.983079e-05 
3.615318e-10 -7.266171e-05 
3.619676e-10 -7.515730e-05 
3.624035e-10 -7.731854e-05 
3.628393e-10 -7.914738e-05 
3.632752e-10 -8.064675e-05 
3.637110e-10 -8.182047e-05 
3.641468e-10 -8.267329e-05 
3.645827e-10 -8.321080e-05 
3.650185e-10 -8.343945e-05 
3.654544e-10 -8.336649e-05 
3.658902e-10 -8.299993e-05 
3.663261e-10 -8.234849e-05 
3.667619e-10 -8.142161e-05 
3.671977e-10 -8.022936e-05 
3.676336e-10 -7.878240e-05 
3.680694e-10 -7.709197e-05 
3.685053e-10 -7.516982e-05 
3.689411e-10 -7.302816e-05 
3.693770e-10 -7.067963e-05 
3.698128e-10 -6.813725e-05 
3.702486e-10 -6.541437e-05 
3.706845e-10 -6.252464e-05 
3.711203e-10 -5.948195e-05 
3.715562e-10 -5.630038e-05 
3.719920e-10 -5.299417e-05 
3.724279e-10 -4.957768e-05 
3.728637e-10 -4.606533e-05 
3.732995e-10 -4.247158e-05 
3.737354e-10 -3.881085e-05 
3.741712e-10 -3.509755e-05 
3.746071e-10 -3.134597e-05 
3.750429e-10 -2.757027e-05 
3.754788e-10 -2.378447e-05 
3.759146e-10 -2.000237e-05 
3.763504e-10 -1.623755e-05 
3.767863e-10 -1.250332e-05 
3.772221e-10 -8.812697e-06 
3.776580e-10 -5.178365e-06 
3.780938e-10 -1.612664e-06 
3.785297e-10 1.872453e-06 
3.789655e-10 5.265438e-06 
3.794013e-10 8.555172e-06 
3.798372e-10 1.173099e-05 
3.802730e-10 1.478271e-05 
3.807089e-10 1.770064e-05 
3.811447e-10 2.047559e-05 
3.815806e-10 2.309893e-05 
3.820164e-10 2.556254e-05 
3.824522e-10 2.785890e-05 
3.828881e-10 2.998104e-05 
3.833239e-10 3.192258e-05 
3.837598e-10 3.367775e-05 
3.841956e-10 3.524136e-05 
3.846315e-10 3.660886e-05 
3.850673e-10 3.777629e-05 
3.855031e-10 3.874032e-05 
3.859390e-10 3.949825e-05 
3.863748e-10 4.004801e-05 
3.868107e-10 4.038812e-05 
3.872465e-10 4.051776e-05 
3.876824e-10 4.043670e-05 
3.881182e-10 4.014532e-05 
3.885540e-10 3.964461e-05 
3.889899e-10 3.893617e-05 
3.894257e-10 3.802215e-05 
3.898616e-10 3.690529e-05 
3.902974e-10 3.558889e-05 
3.907333e-10 3.407678e-05 
3.911691e-10 3.237333e-05 
3.916049e-10 3.048340e-05 
3.920408e-10 2.841236e-05 
3.924766e-10 2.616602e-05 
3.929125e-10 2.375066e-05 
3.933483e-10 2.117297e-05 
3.937842e-10 1.844003e-05 
3.942200e-10 1.555930e-05 
3.946559e-10 1.253858e-05 
3.950917e-10 9.385988e-06 
3.955275e-10 6.109924e-06 
3.959634e-10 2.719049e-06 
3.963992e-10 -7.777459e-07 
3.968351e-10 -4.371377e-06 
3.972709e-10 -8.052593e-06 
3.977068e-10 -1.181201e-05 
3.981426e-10 -1.564014e-05 
3.985784e-10 -1.952743e-05 
3.990143e-10 -2.346428e-05 
3.994501e-10 -2.744109e-05 
3.998860e-10 -3.144829e-05 
4.003218e-10 -3.547636e-05 
4.007577e-10 -3.951587e-05 
4.011935e-10 -4.355752e-05 
4.016293e-10 -4.759214e-05 
4.020652e-10 -5.161076e-05 
4.025010e-10 -5.560459e-05 
4.029369e-10 -5.956510e-05 
4.033727e-10 -6.348400e-05 
4.038086e-10 -6.735330e-05 
4.042444e-10 -7.116532e-05 
4.046802e-10 -7.491268e-05 
4.051161e-10 -7.858841e-05 
4.055519e-10 -8.218585e-05 
4.059878e-10 -8.569877e-05 
4.064236e-10 -8.912134e-05 
4.068595e-10 -9.244813e-05 
4.072953e-10 -9.567418e-05 
4.077311e-10 -9.879493e-05 
4.081670e-10 -1.018063e-04 
4.086028e-10 -1.047047e-04 
4.090387e-10 -1.074869e-04 
4.094745e-10 -1.101503e-04 
4.099104e-10 -1.126926e-04 
4.103462e-10 -1.151121e-04 
4.107820e-10 -1.174075e-04 
4.112179e-10 -1.195780e-04 
4.116537e-10 -1.216233e-04 
4.120896e-10 -1.235434e-04 
4.125254e-10 -1.253389e-04 
4.129613e-10 -1.270108e-04 
4.133971e-10 -1.285605e-04 
4.138329e-10 -1.299897e-04 
4.142688e-10 -1.313007e-04 
4.147046e-10 -1.324961e-04 
4.151405e-10 -1.335787e-04 
4.155763e-10 -1.345519e-04 
4.160122e-10 -1.354193e-04 
4.164480e-10 -1.361847e-04 
4.168838e-10 -1.368523e-04 
4.173197e-10 -1.374267e-04 
4.177555e-10 -1.379123e-04 
4.181914e-10 -1.383142e-04 
4.186272e-10 -1.386374e-04 
4.190631e-10 -1.388872e-04 
4.194989e-10 -1.390690e-04 
4.199347e-10 -1.391883e-04 
4.203706e-10 -1.392508e-04 
4.208064e-10 -1.392621e-04 
4.212423e-10 -1.392281e-04 
4.216781e-10 -1.391545e-04 
4.221140e-10 -1.390472e-04 
4.225498e-10 -1.389120e-04 
4.229856e-10 -1.387547e-04 
4.234215e-10 -1.385810e-04 
4.238573e-10 -1.383968e-04 
4.242932e-10 -1.382076e-04 
4.247290e-10 -1.380190e-04 
4.251649e-10 -1.378363e-04 
4.256007e-10 -1.376650e-04 
4.260365e-10 -1.375102e-04 
4.264724e-10 -1.373769e-04 
4.269082e-10 -1.372701e-04 
4.273441e-10 -1.371944e-04 
4.277799e-10 -1.371543e-04 
4.282158e-10 -1.371543e-04 
4.286516e-10 -1.371985e-04 
4.290874e-10 -1.372908e-04 
4.295233e-10 -1.374349e-04 
4.299591e-10 -1.376345e-04 
4.303950e-10 -1.378928e-04 
4.308308e-10 -1.382128e-04 
4.312667e-10 -1.385976e-04 
4.317025e-10 -1.390496e-04 
4.321383e-10 -1.395712e-04 
4.325742e-10 -1.401647e-04 
4.330100e-10 -1.408320e-04 
4.334459e-10 -1.415746e-04 
4.338817e-10 -1.423941e-04 
4.343176e-10 -1.432917e-04 
4.347534e-10 -1.442682e-04 
4.351893e-10 -1.453244e-04 
4.356251e-10 -1.464608e-04 
4.360609e-10 -1.476776e-04 
4.364968e-10 -1.489748e-04 
4.369326e-10 -1.503520e-04 
4.373685e-10 -1.518088e-04 
4.378043e-10 -1.533445e-04 
4.382402e-10 -1.549581e-04 
4.386760e-10 -1.566484e-04 
4.391118e-10 -1.584140e-04 
4.395477e-10 -1.602531e-04 
4.399835e-10 -1.621640e-04 
4.404194e-10 -1.641445e-04 
4.408552e-10 -1.661922e-04 
4.412911e-10 -1.683048e-04 
4.417269e-10 -1.704793e-04 
4.421627e-10 -1.727130e-04 
4.425986e-10 -1.750027e-04 
4.430344e-10 -1.773450e-04 
4.434703e-10 -1.797365e-04 
4.439061e-10 -1.821735e-04 
4.443420e-10 -1.846522e-04 
4.447778e-10 -1.871687e-04 
4.452136e-10 -1.897187e-04 
4.456495e-10 -1.922980e-04 
4.460853e-10 -1.949023e-04 
4.465212e-10 -1.975271e-04 
4.469570e-10 -2.001677e-04 
4.473929e-10 -2.028194e-04 
4.478287e-10 -2.054775e-04 
4.482645e-10 -2.081371e-04 
4.487004e-10 -2.107934e-04 
4.491362e-10 -2.134413e-04 
4.495721e-10 -2.160760e-04 
4.500079e-10 -2.186923e-04 
4.504438e-10 -2.212854e-04 
4.508796e-10 -2.238502e-04 
4.513154e-10 -2.263817e-04 
4.517513e-10 -2.288752e-04 
4.521871e-10 -2.313256e-04 
4.526230e-10 -2.337281e-04 
4.530588e-10 -2.360782e-04 
4.534947e-10 -2.383710e-04 
4.539305e-10 -2.406021e-04 
4.543663e-10 -2.427670e-04 
4.548022e-10 -2.448616e-04 
4.552380e-10 -2.468816e-04 
4.556739e-10 -2.488230e-04 
4.561097e-10 -2.506821e-04 
4.565456e-10 -2.524551e-04 
4.569814e-10 -2.541387e-04 
4.574172e-10 -2.557296e-04 
4.578531e-10 -2.572248e-04 
4.582889e-10 -2.586214e-04 
4.587248e-10 -2.599168e-04 
4.591606e-10 -2.611086e-04 
4.595965e-10 -2.621947e-04 
4.600323e-10 -2.631733e-04 
4.604681e-10 -2.640426e-04 
4.609040e-10 -2.648014e-04 
4.613398e-10 -2.654484e-04 
4.617757e-10 -2.659828e-04 
4.622115e-10 -2.664040e-04 
4.626474e-10 -2.667116e-04 
4.630832e-10 -2.669056e-04 
4.635190e-10 -2.669862e-04 
4.639549e-10 -2.669536e-04 
4.643907e-10 -2.668087e-04 
4.648266e-10 -2.665523e-04 
4.652624e-10 -2.661856e-04 
4.656983e-10 -2.657100e-04 
4.661341e-10 -2.651271e-04 
4.665699e-10 -2.644388e-04 
4.670058e-10 -2.636471e-04 
4.674416e-10 -2.627542e-04 
4.678775e-10 -2.617625e-04 
4.683133e-10 -2.606747e-04 
4.687492e-10 -2.594934e-04 
4.691850e-10 -2.582216e-04 
4.696208e-10 -2.568624e-04 
4.700567e-10 -2.554187e-04 
4.704925e-10 -2.538939e-04 
4.709284e-10 -2.522912e-04 
4.713642e-10 -2.506140e-04 
4.718001e-10 -2.488658e-04 
4.722359e-10 -2.470499e-04 
4.726717e-10 -2.451699e-04 
4.731076e-10 -2.432292e-04 
4.735434e-10 -2.412312e-04 
4.739793e-10 -2.391794e-04 
4.744151e-10 -2.370770e-04 
4.748510e-10 -2.349274e-04 
4.752868e-10 -2.327338e-04 
4.757227e-10 -2.304993e-04 
4.761585e-10 -2.282268e-04 
4.765943e-10 -2.259194e-04 
4.770302e-10 -2.235797e-04 
4.774660e-10 -2.212103e-04 
4.779019e-10 -2.188139e-04 
4.783377e-10 -2.163926e-04 
4.787736e-10 -2.139488e-04 
4.792094e-10 -2.114843e-04 
4.796452e-10 -2.090012e-04 
4.800811e-10 -2.065010e-04 
4.805169e-10 -2.039853e-04 
4.809528e-10 -2.014555e-04 
4.813886e-10 -1.989128e-04 
4.818245e-10 -1.963582e-04 
4.822603e-10 -1.937928e-04 
4.826961e-10 -1.912172e-04 
4.831320e-10 -1.886320e-04 
4.835678e-10 -1.860379e-04 
4.840037e-10 -1.834351e-04 
4.844395e-10 -1.808239e-04 
4.848754e-10 -1.782045e-04 
4.853112e-10 -1.755769e-04 
4.857470e-10 -1.729411e-04 
4.861829e-10 -1.702969e-04 
4.866187e-10 -1.676443e-04 
4.870546e-10 -1.649829e-04 
4.874904e-10 -1.623125e-04 
4.879263e-10 -1.596327e-04 
4.883621e-10 -1.569431e-04 
4.887979e-10 -1.542432e-04 
4.892338e-10 -1.515327e-04 
4.896696e-10 -1.488110e-04 
4.901055e-10 -1.460777e-04 
4.905413e-10 -1.433321e-04 
4.909772e-10 -1.405738e-04 
4.914130e-10 -1.378021e-04 
4.918488e-10 -1.350165e-04 
4.922847e-10 -1.322163e-04 
4.927205e-10 -1.294008e-04 
4.931564e-10 -1.265695e-04 
4.935922e-10 -1.237215e-04 
4.940281e-10 -1.208562e-04 
4.944639e-10 -1.179727e-04 
4.948997e-10 -1.150702e-04 
4.953356e-10 -1.121479e-04 
4.957714e-10 -1.092047e-04 
4.962073e-10 -1.062397e-04 
4.966431e-10 -1.032518e-04 
4.970790e-10 -1.002400e-04 
4.975148e-10 -9.720307e-05 
4.979506e-10 -9.413978e-05 
4.983865e-10 -9.104887e-05 
4.988223e-10 -8.792902e-05 
4.992582e-10 -8.477885e-05 
4.996940e-10 -8.159696e-05 
5.001299e-10 -7.838193e-05 
5.005657e-10 -7.513231e-05 
5.010015e-10 -7.184666e-05 
5.014374e-10 -6.852354e-05 
5.018732e-10 -6.516157e-05 
5.023091e-10 -6.175941e-05 
5.027449e-10 -5.831579e-05 
5.031808e-10 -5.482955e-05 
5.036166e-10 -5.129964e-05 
5.040524e-10 -4.772518e-05 
5.044883e-10 -4.410545e-05 
5.049241e-10 -4.043994e-05 
5.053600e-10 -3.672837e-05 
5.057958e-10 -3.297073e-05 
5.062317e-10 -2.916730e-05 
5.066675e-10 -2.531866e-05 
5.071033e-10 -2.142577e-05 
5.075392e-10 -1.748994e-05 
5.079750e-10 -1.351288e-05 
5.084109e-10 -9.496712e-06 
5.088467e-10 -5.444019e-06 
5.092826e-10 -1.357828e-06 
5.097184e-10 2.758357e-06 
5.101542e-10 6.900549e-06 
5.105901e-10 1.106427e-05 
5.110259e-10 1.524453e-05 
5.114618e-10 1.943585e-05 
5.118976e-10 2.363226e-05 
5.123335e-10 2.782731e-05 
5.127693e-10 3.201404e-05 
5.132052e-10 3.618506e-05 
5.136410e-10 4.033254e-05 
5.140768e-10 4.444823e-05 
5.145127e-10 4.852348e-05 
5.149485e-10 5.254932e-05 
5.153844e-10 5.651644e-05 
5.158202e-10 6.041527e-05 
5.162561e-10 6.423601e-05 
5.166919e-10 6.796868e-05 
5.171277e-10 7.160316e-05 
5.175636e-10 7.512927e-05 
5.179994e-10 7.853678e-05 
5.184353e-10 8.181551e-05 
5.188711e-10 8.495537e-05 
5.193070e-10 8.794641e-05 
5.197428e-10 9.077889e-05 
5.201786e-10 9.344332e-05 
5.206145e-10 9.593055e-05 
5.210503e-10 9.823179e-05 
5.214862e-10 1.003387e-04 
5.219220e-10 1.022433e-04 
5.223579e-10 1.039384e-04 
5.227937e-10 1.054171e-04 
5.232295e-10 1.066732e-04 
5.236654e-10 1.077013e-04 
5.241012e-10 1.084966e-04 
5.245371e-10 1.090548e-04 
5.249729e-10 1.093727e-04 
5.254088e-10 1.094476e-04 
5.258446e-10 1.092777e-04 
5.262804e-10 1.088620e-04 
5.267163e-10 1.082003e-04 
5.271521e-10 1.072930e-04 
5.275880e-10 1.061416e-04 
5.280238e-10 1.047481e-04 
5.284597e-10 1.031155e-04 
5.288955e-10 1.012474e-04 
5.293313e-10 9.914822e-05 
5.297672e-10 9.682302e-05 
5.302030e-10 9.427755e-05 
5.306389e-10 9.151822e-05 
5.310747e-10 8.855203e-05 
5.315106e-10 8.538654e-05 
5.319464e-10 8.202986e-05 
5.323822e-10 7.849054e-05 
5.328181e-10 7.477761e-05 
5.332539e-10 7.090046e-05 
5.336898e-10 6.686885e-05 
5.341256e-10 6.269282e-05 
5.345615e-10 5.838268e-05 
5.349973e-10 5.394894e-05 
5.354331e-10 4.940227e-05 
5.358690e-10 4.475347e-05 
5.363048e-10 4.001340e-05 
5.367407e-10 3.519297e-05 
5.371765e-10 3.030308e-05 
5.376124e-10 2.535460e-05 
5.380482e-10 2.035833e-05 
5.384840e-10 1.532495e-05 
5.389199e-10 1.026502e-05 
5.393557e-10 5.188933e-06 
5.397916e-10 1.069059e-07 
5.402274e-10 -4.971051e-06 
5.406633e-10 -1.003515e-05 
5.410991e-10 -1.507583e-05 
5.415349e-10 -2.008380e-05 
5.419708e-10 -2.505001e-05 
5.424066e-10 -2.996567e-05 
5.428425e-10 -3.482230e-05 
5.432783e-10 -3.961165e-05 
5.437142e-10 -4.432577e-05 
5.441500e-10 -4.895699e-05 
5.445858e-10 -5.349791e-05 
5.450217e-10 -5.794140e-05 
5.454575e-10 -6.228060e-05 
5.458934e-10 -6.650891e-05 
5.463292e-10 -7.061999e-05 
5.467651e-10 -7.460775e-05 
5.472009e-10 -7.846635e-05 
5.476367e-10 -8.219019e-05 
5.480726e-10 -8.577388e-05 
5.485084e-10 -8.921228e-05 
5.489443e-10 -9.250047e-05 
5.493801e-10 -9.563372e-05 
5.498160e-10 -9.860755e-05 
5.502518e-10 -1.014177e-04 
5.506876e-10 -1.040600e-04 
5.511235e-10 -1.065306e-04 
5.515593e-10 -1.088259e-04 
5.519952e-10 -1.109423e-04 
5.524310e-10 -1.128766e-04 
5.528669e-10 -1.146258e-04 
5.533027e-10 -1.161870e-04 
5.537386e-10 -1.175576e-04 
5.541744e-10 -1.187351e-04 
5.546102e-10 -1.197175e-04 
5.550461e-10 -1.205027e-04 
5.554819e-10 -1.210891e-04 
5.559178e-10 -1.214753e-04 
5.563536e-10 -1.216600e-04 
5.567895e-10 -1.216424e-04 
5.572253e-10 -1.214219e-04 
5.576611e-10 -1.209981e-04 
5.580970e-10 -1.203710e-04 
5.585328e-10 -1.195408e-04 
5.589687e-10 -1.185083e-04 
5.594045e-10 -1.172743e-04 
5.598404e-10 -1.158400e-04 
5.602762e-10 -1.142071e-04 
5.607120e-10 -1.123775e-04 
5.611479e-10 -1.103536e-04 
5.615837e-10 -1.081379e-04 
5.620196e-10 -1.057336e-04 
5.624554e-10 -1.031439e-04 
5.628913e-10 -1.003727e-04 
5.633271e-10 -9.742410e-05 
5.637629e-10 -9.430250e-05 
5.641988e-10 -9.101278e-05 
5.646346e-10 -8.756013e-05 
5.650705e-10 -8.395008e-05 
5.655063e-10 -8.018853e-05 
5.659422e-10 -7.628168e-05 
5.663780e-10 -7.223606e-05 
5.668138e-10 -6.805854e-05 
5.672497e-10 -6.375625e-05 
5.676855e-10 -5.933663e-05 
5.681214e-10 -5.480737e-05 
5.685572e-10 -5.017643e-05 
5.689931e-10 -4.545200e-05 
5.694289e-10 -4.064248e-05 
5.698647e-10 -3.575647e-05 
5.703006e-10 -3.080275e-05 
5.707364e-10 -2.579024e-05 
5.711723e-10 -2.072802e-05 
5.716081e-10 -1.562524e-05 
5.720440e-10 -1.049118e-05 
5.724798e-10 -5.335154e-06 
5.729156e-10 -1.665200e-07 
5.733515e-10 5.005345e-06 
5.737873e-10 1.017108e-05 
5.742232e-10 1.532134e-05 
5.746590e-10 2.044686e-05 
5.750949e-10 2.553846e-05 
5.755307e-10 3.058703e-05 
5.759665e-10 3.558363e-05 
5.764024e-10 4.051946e-05 
5.768382e-10 4.538586e-05 
5.772741e-10 5.017442e-05 
5.777099e-10 5.487690e-05 
5.781458e-10 5.948531e-05 
5.785816e-10 6.399192e-05 
5.790174e-10 6.838926e-05 
5.794533e-10 7.267015e-05 
5.798891e-10 7.682771e-05 
5.803250e-10 8.085536e-05 
5.807608e-10 8.474687e-05 
5.811967e-10 8.849634e-05 
5.816325e-10 9.209821e-05 
5.820683e-10 9.554727e-05 
5.825042e-10 9.883870e-05 
5.829400e-10 1.019680e-04 
5.833759e-10 1.049311e-04 
5.838117e-10 1.077243e-04 
5.842476e-10 1.103442e-04 
5.846834e-10 1.127878e-04 
5.851192e-10 1.150525e-04 
5.855551e-10 1.171361e-04 
5.859909e-10 1.190367e-04 
5.864268e-10 1.207529e-04 
5.868626e-10 1.222834e-04 
5.872985e-10 1.236274e-04 
5.877343e-10 1.247846e-04 
5.881701e-10 1.257547e-04 
5.886060e-10 1.265380e-04 
5.890418e-10 1.271349e-04 
5.894777e-10 1.275464e-04 
5.899135e-10 1.277735e-04 
5.903494e-10 1.278176e-04 
5.907852e-10 1.276803e-04 
5.912211e-10 1.273637e-04 
5.916569e-10 1.268698e-04 
5.920927e-10 1.262012e-04 
5.925286e-10 1.253605e-04 
5.929644e-10 1.243505e-04 
5.934003e-10 1.231743e-04 
5.938361e-10 1.218353e-04 
5.942720e-10 1.203368e-04 
5.947078e-10 1.186827e-04 
5.951436e-10 1.168765e-04 
5.955795e-10 1.149225e-04 
5.960153e-10 1.128246e-04 
5.964512e-10 1.105872e-04 
5.968870e-10 1.082146e-04 
5.973229e-10 1.057115e-04 
5.977587e-10 1.030824e-04 
5.981945e-10 1.003320e-04 
5.986304e-10 9.746532e-05 
5.990662e-10 9.448716e-05 
5.995021e-10 9.140257e-05 
5.999379e-10 8.821661e-05 
6.003738e-10 8.493441e-05 
6.008096e-10 8.156116e-05 
6.012454e-10 7.810204e-05 
6.016813e-10 7.456231e-05 
6.021171e-10 7.094719e-05 
6.025530e-10 6.726191e-05 
6.029888e-10 6.351170e-05 
6.034247e-10 5.970175e-05 
6.038605e-10 5.583718e-05 
6.042963e-10 5.192307e-05 
6.047322e-10 4.796442e-05 
6.051680e-10 4.396612e-05 
6.056039e-10 3.993296e-05 
6.060397e-10 3.586958e-05 
6.064756e-10 3.178048e-05 
6.069114e-10 2.766999e-05 
6.073472e-10 2.354225e-05 
6.077831e-10 1.940120e-05 
6.082189e-10 1.525055e-05 
6.086548e-10 1.109375e-05 
6.090906e-10 6.934029e-06 
6.095265e-10 2.774301e-06 
6.099623e-10 -1.382791e-06 
6.103981e-10 -5.534916e-06 
6.108340e-10 -9.680060e-06 
6.112698e-10 -1.381654e-05 
6.117057e-10 -1.794301e-05 
6.121415e-10 -2.205848e-05 
6.125774e-10 -2.616230e-05 
6.130132e-10 -3.025418e-05 
6.134490e-10 -3.433417e-05 
6.138849e-10 -3.840271e-05 
6.143207e-10 -4.246053e-05 
6.147566e-10 -4.650875e-05 
6.151924e-10 -5.054877e-05 
6.156283e-10 -5.458234e-05 
6.160641e-10 -5.861147e-05 
6.164999e-10 -6.263845e-05 
6.169358e-10 -6.666584e-05 
6.173716e-10 -7.069638e-05 
6.178075e-10 -7.473304e-05 
6.182433e-10 -7.877891e-05 
6.186792e-10 -8.283724e-05 
6.191150e-10 -8.691134e-05 
6.195508e-10 -9.100457e-05 
6.199867e-10 -9.512031e-05 
6.204225e-10 -9.926188e-05 
6.208584e-10 -1.034325e-04 
6.212942e-10 -1.076354e-04 
6.217301e-10 -1.118735e-04 
6.221659e-10 -1.161494e-04 
6.226017e-10 -1.204658e-04 
6.230376e-10 -1.248248e-04 
6.234734e-10 -1.292283e-04 
6.239093e-10 -1.336778e-04 
6.243451e-10 -1.381742e-04 
6.247810e-10 -1.427183e-04 
6.252168e-10 -1.473101e-04 
6.256526e-10 -1.519493e-04 
6.260885e-10 -1.566350e-04 
6.265243e-10 -1.613656e-04 
6.269602e-10 -1.661392e-04 
6.273960e-10 -1.709530e-04 
6.278319e-10 -1.758039e-04 
6.282677e-10 -1.806879e-04 
6.287035e-10 -1.856007e-04 
6.291394e-10 -1.905372e-04 
6.295752e-10 -1.954917e-04 
6.300111e-10 -2.004580e-04 
6.304469e-10 -2.054293e-04 
6.308828e-10 -2.103982e-04 
6.313186e-10 -2.153569e-04 
6.317545e-10 -2.202971e-04 
6.321903e-10 -2.252098e-04 
6.326261e-10 -2.300859e-04 
6.330620e-10 -2.349156e-04 
6.334978e-10 -2.396891e-04 
6.339337e-10 -2.443959e-04 
6.343695e-10 -2.490254e-04 
6.348054e-10 -2.535669e-04 
6.352412e-10 -2.580093e-04 
6.356770e-10 -2.623415e-04 
6.361129e-10 -2.665522e-04 
6.365487e-10 -2.706302e-04 
6.369846e-10 -2.745641e-04 
6.374204e-10 -2.783427e-04 
6.378563e-10 -2.819548e-04 
6.382921e-10 -2.853894e-04 
6.387279e-10 -2.886357e-04 
6.391638e-10 -2.916830e-04 
6.395996e-10 -2.945210e-04 
6.400355e-10 -2.971394e-04 
6.404713e-10 -2.995287e-04 
6.409072e-10 -3.016794e-04 
6.413430e-10 -3.035825e-04 
6.417788e-10 -3.052295e-04 
6.422147e-10 -3.066123e-04 
6.426505e-10 -3.077233e-04 
6.430864e-10 -3.085555e-04 
6.435222e-10 -3.091023e-04 
6.439581e-10 -3.093579e-04 
6.443939e-10 -3.093169e-04 
6.448297e-10 -3.089746e-04 
6.452656e-10 -3.083268e-04 
6.457014e-10 -3.073703e-04 
6.461373e-10 -3.061022e-04 
6.465731e-10 -3.045204e-04 
6.470090e-10 -3.026236e-04 
6.474448e-10 -3.004113e-04 
6.478806e-10 -2.978833e-04 
6.483165e-10 -2.950406e-04 
6.487523e-10 -2.918847e-04 
6.491882e-10 -2.884178e-04 
6.496240e-10 -2.846430e-04 
6.500599e-10 -2.805641e-04 
6.504957e-10 -2.761856e-04 
6.509315e-10 -2.715128e-04 
6.513674e-10 -2.665516e-04 
6.518032e-10 -2.613088e-04 
6.522391e-10 -2.557918e-04 
6.526749e-10 -2.500088e-04 
6.531108e-10 -2.439685e-04 
6.535466e-10 -2.376807e-04 
6.539824e-10 -2.311553e-04 
6.544183e-10 -2.244033e-04 
6.548541e-10 -2.174360e-04 
6.552900e-10 -2.102656e-04 
6.557258e-10 -2.029045e-04 
6.561617e-10 -1.953660e-04 
6.565975e-10 -1.876636e-04 
6.570333e-10 -1.798115e-04 
6.574692e-10 -1.718242e-04 
6.579050e-10 -1.637168e-04 
6.583409e-10 -1.555044e-04 
6.587767e-10 -1.472028e-04 
6.592126e-10 -1.388280e-04 
6.596484e-10 -1.303961e-04 
6.600842e-10 -1.219237e-04 
6.605201e-10 -1.134274e-04 
6.609559e-10 -1.049239e-04 
6.613918e-10 -9.643002e-05 
6.618276e-10 -8.796281e-05 
6.622635e-10 -7.953914e-05 
6.626993e-10 -7.117595e-05 
6.631351e-10 -6.289009e-05 
6.635710e-10 -5.469829e-05 
6.640068e-10 -4.661716e-05 
6.644427e-10 -3.866310e-05 
6.648785e-10 -3.085228e-05 
6.653144e-10 -2.320062e-05 
6.657502e-10 -1.572370e-05 
6.661860e-10 -8.436764e-06 
6.666219e-10 -1.354660e-06 
6.670577e-10 5.508199e-06 
6.674936e-10 1.213787e-05 
6.679294e-10 1.852094e-05 
6.683653e-10 2.464451e-05 
6.688011e-10 3.049632e-05 
6.692369e-10 3.606469e-05 
6.696728e-10 4.133863e-05 
6.701086e-10 4.630787e-05 
6.705445e-10 5.096283e-05 
6.709803e-10 5.529475e-05 
6.714162e-10 5.929564e-05 
6.718520e-10 6.295836e-05 
6.722879e-10 6.627663e-05 
6.727237e-10 6.924508e-05 
6.731595e-10 7.185923e-05 
6.735954e-10 7.411556e-05 
6.740312e-10 7.601152e-05 
6.744671e-10 7.754552e-05 
6.749029e-10 7.871697e-05 
6.753388e-10 7.952631e-05 
6.757746e-10 7.997496e-05 
6.762104e-10 8.006537e-05 
6.766463e-10 7.980103e-05 
6.770821e-10 7.918641e-05 
6.775180e-10 7.822700e-05 
6.779538e-10 7.692931e-05 
6.783897e-10 7.530080e-05 
6.788255e-10 7.334991e-05 
6.792613e-10 7.108598e-05 
6.796972e-10 6.851931e-05 
6.801330e-10 6.566104e-05 
6.805689e-10 6.252316e-05 
6.810047e-10 5.911845e-05 
6.814406e-10 5.546045e-05 
6.818764e-10 5.156341e-05 
6.823122e-10 4.744224e-05 
6.827481e-10 4.311244e-05 
6.831839e-10 3.859010e-05 
6.836198e-10 3.389175e-05 
6.840556e-10 2.903438e-05 
6.844915e-10 2.403536e-05 
6.849273e-10 1.891236e-05 
6.853631e-10 1.368330e-05 
6.857990e-10 8.366282e-06 
6.862348e-10 2.979526e-06 
6.866707e-10 -2.458683e-06 
6.871065e-10 -7.930070e-06 
6.875424e-10 -1.341643e-05 
6.879782e-10 -1.889968e-05 
6.884140e-10 -2.436193e-05 
6.888499e-10 -2.978553e-05 
6.892857e-10 -3.515314e-05 
6.897216e-10 -4.044778e-05 
6.901574e-10 -4.565287e-05 
6.905933e-10 -5.075229e-05 
6.910291e-10 -5.573041e-05 
6.914649e-10 -6.057218e-05 
6.919008e-10 -6.526311e-05 
6.923366e-10 -6.978935e-05 
6.927725e-10 -7.413771e-05 
6.932083e-10 -7.829571e-05 
6.936442e-10 -8.225158e-05 
6.940800e-10 -8.599429e-05 
6.945158e-10 -8.951362e-05 
6.949517e-10 -9.280012e-05 
6.953875e-10 -9.584514e-05 
6.958234e-10 -9.864090e-05 
6.962592e-10 -1.011804e-04 
6.966951e-10 -1.034575e-04 
6.971309e-10 -1.054671e-04 
6.975667e-10 -1.072045e-04 
6.980026e-10 -1.086663e-04 
6.984384e-10 -1.098498e-04 
6.988743e-10 -1.107530e-04 
6.993101e-10 -1.113750e-04 
6.997460e-10 -1.117155e-04 
7.001818e-10 -1.117751e-04 
7.006176e-10 -1.115551e-04 
7.010535e-10 -1.110579e-04 
7.014893e-10 -1.102862e-04 
7.019252e-10 -1.092436e-04 
7.023610e-10 -1.079347e-04 
7.027969e-10 -1.063643e-04 
7.032327e-10 -1.045381e-04 
7.036685e-10 -1.024625e-04 
7.041044e-10 -1.001443e-04 
7.045402e-10 -9.759101e-05 
7.049761e-10 -9.481050e-05 
7.054119e-10 -9.181124e-05 
7.058478e-10 -8.860212e-05 
7.062836e-10 -8.519244e-05 
7.067194e-10 -8.159188e-05 
7.071553e-10 -7.781042e-05 
7.075911e-10 -7.385839e-05 
7.080270e-10 -6.974634e-05 
7.084628e-10 -6.548506e-05 
7.088987e-10 -6.108552e-05 
7.093345e-10 -5.655883e-05 
7.097704e-10 -5.191622e-05 
7.102062e-10 -4.716899e-05 
7.106420e-10 -4.232850e-05 
7.110779e-10 -3.740610e-05 
7.115137e-10 -3.241313e-05 
7.119496e-10 -2.736086e-05 
7.123854e-10 -2.226049e-05 
7.128213e-10 -1.712313e-05 
7.132571e-10 -1.195972e-05 
7.136929e-10 -6.781064e-06 
7.141288e-10 -1.597779e-06 
7.145646e-10 3.579720e-06 
7.150005e-10 8.741240e-06 
7.154363e-10 1.387683e-05 
7.158722e-10 1.897678e-05 
7.163080e-10 2.403168e-05 
7.167438e-10 2.903237e-05 
7.171797e-10 3.397000e-05 
7.176155e-10 3.883603e-05 
7.180514e-10 4.362223e-05 
7.184872e-10 4.832069e-05 
7.189231e-10 5.292383e-05 
7.193589e-10 5.742441e-05 
7.197947e-10 6.181552e-05 
7.202306e-10 6.609061e-05 
7.206664e-10 7.024346e-05 
7.211023e-10 7.426821e-05 
7.215381e-10 7.815934e-05 
7.219740e-10 8.191168e-05 
7.224098e-10 8.552044e-05 
7.228456e-10 8.898114e-05 
7.232815e-10 9.228967e-05 
7.237173e-10 9.544227e-05 
7.241532e-10 9.843551e-05 
7.245890e-10 1.012663e-04 
7.250249e-10 1.039319e-04 
7.254607e-10 1.064300e-04 
7.258965e-10 1.087584e-04 
7.263324e-10 1.109153e-04 
7.267682e-10 1.128994e-04 
7.272041e-10 1.147094e-04 
7.276399e-10 1.163446e-04 
7.280758e-10 1.178044e-04 
7.285116e-10 1.190886e-04 
7.289474e-10 1.201972e-04 
7.293833e-10 1.211304e-04 
7.298191e-10 1.218889e-04 
7.302550e-10 1.224733e-04 
7.306908e-10 1.228847e-04 
7.311267e-10 1.231244e-04 
7.315625e-10 1.231938e-04 
7.319983e-10 1.230945e-04 
7.324342e-10 1.228283e-04 
7.328700e-10 1.223974e-04 
7.333059e-10 1.218038e-04 
7.337417e-10 1.210498e-04 
7.341776e-10 1.201380e-04 
7.346134e-10 1.190708e-04 
7.350492e-10 1.178511e-04 
7.354851e-10 1.164816e-04 
7.359209e-10 1.149652e-04 
7.363568e-10 1.133050e-04 
7.367926e-10 1.115040e-04 
7.372285e-10 1.095654e-04 
7.376643e-10 1.074925e-04 
7.381001e-10 1.052885e-04 
7.385360e-10 1.029568e-04 
7.389718e-10 1.005009e-04 
7.394077e-10 9.792428e-05 
7.398435e-10 9.523052e-05 
7.402794e-10 9.242325e-05 
7.407152e-10 8.950618e-05 
7.411510e-10 8.648309e-05 
7.415869e-10 8.335784e-05 
7.420227e-10 8.013436e-05 
7.424586e-10 7.681668e-05 
7.428944e-10 7.340893e-05 
7.433303e-10 6.991534e-05 
7.437661e-10 6.634023e-05 
7.442019e-10 6.268807e-05 
7.446378e-10 5.896344e-05 
7.450736e-10 5.517105e-05 
7.455095e-10 5.131577e-05 
7.459453e-10 4.740261e-05 
7.463812e-10 4.343672e-05 
7.468170e-10 3.942344e-05 
7.472528e-10 3.536827e-05 
7.476887e-10 3.127688e-05 
7.481245e-10 2.715511e-05 
7.485604e-10 2.300899e-05 
7.489962e-10 1.884472e-05 
7.494321e-10 1.466869e-05 
7.498679e-10 1.048745e-05 
7.503038e-10 6.307725e-06 
7.507396e-10 2.136418e-06 
7.511754e-10 -2.019423e-06 
7.516113e-10 -6.152598e-06 
7.520471e-10 -1.025577e-05 
7.524830e-10 -1.432148e-05 
7.529188e-10 -1.834217e-05 
7.533547e-10 -2.231018e-05 
7.537905e-10 -2.621778e-05 
7.542263e-10 -3.005720e-05 
7.546622e-10 -3.382064e-05 
7.550980e-10 -3.750030e-05 
7.555339e-10 -4.108839e-05 
7.559697e-10 -4.457721e-05 
7.564056e-10 -4.795909e-05 
7.568414e-10 -5.122652e-05 
7.572772e-10 -5.437209e-05 
7.577131e-10 -5.738859e-05 
7.581489e-10 -6.026901e-05 
7.585848e-10 -6.300658e-05 
7.590206e-10 -6.559477e-05 
7.594565e-10 -6.802741e-05 
7.598923e-10 -7.029860e-05 
7.603281e-10 -7.240286e-05 
7.607640e-10 -7.433506e-05 
7.611998e-10 -7.609053e-05 
7.616357e-10 -7.766502e-05 
7.620715e-10 -7.905477e-05 
7.625074e-10 -8.025653e-05 
7.629432e-10 -8.126756e-05 
7.633790e-10 -8.208565e-05 
7.638149e-10 -8.270918e-05 
7.642507e-10 -8.313705e-05 
7.646866e-10 -8.336879e-05 
7.651224e-10 -8.340448e-05 
7.655583e-10 -8.324483e-05 
7.659941e-10 -8.289110e-05 
7.664299e-10 -8.234518e-05 
7.668658e-10 -8.160951e-05 
7.673016e-10 -8.068712e-05 
7.677375e-10 -7.958160e-05 
7.681733e-10 -7.829709e-05 
7.686092e-10 -7.683823e-05 
7.690450e-10 -7.521018e-05 
7.694808e-10 -7.341857e-05 
7.699167e-10 -7.146946e-05 
7.703525e-10 -6.936932e-05 
7.707884e-10 -6.712501e-05 
7.712242e-10 -6.474371e-05 
7.716601e-10 -6.223290e-05 
7.720959e-10 -5.960031e-05 
7.725317e-10 -5.685389e-05 
7.729676e-10 -5.400174e-05 
7.734034e-10 -5.105208e-05 
7.738393e-10 -4.801321e-05 
7.742751e-10 -4.489345e-05 
7.747110e-10 -4.170110e-05 
7.751468e-10 -3.844440e-05 
7.755826e-10 -3.513146e-05 
7.760185e-10 -3.177025e-05 
7.764543e-10 -2.836854e-05 
7.768902e-10 -2.493385e-05 
7.773260e-10 -2.147343e-05 
7.777619e-10 -1.799421e-05 
7.781977e-10 -1.450279e-05 
7.786335e-10 -1.100539e-05 
7.790694e-10 -7.507808e-06 
7.795052e-10 -4.015450e-06 
7.799411e-10 -5.332604e-07 
7.803769e-10 2.934270e-06 
7.808128e-10 6.383118e-06 
7.812486e-10 9.809736e-06 
7.816844e-10 1.321105e-05 
7.821203e-10 1.658448e-05 
7.825561e-10 1.992789e-05 
7.829920e-10 2.323963e-05 
7.834278e-10 2.651847e-05 
7.838637e-10 2.976365e-05 
7.842995e-10 3.297479e-05 
7.847353e-10 3.615190e-05 
7.851712e-10 3.929537e-05 
7.856070e-10 4.240589e-05 
7.860429e-10 4.548447e-05 
7.864787e-10 4.853237e-05 
7.869146e-10 5.155110e-05 
7.873504e-10 5.454232e-05 
7.877862e-10 5.750788e-05 
7.882221e-10 6.044972e-05 
7.886579e-10 6.336985e-05 
7.890938e-10 6.627032e-05 
7.895296e-10 6.915318e-05 
7.899655e-10 7.202040e-05 
7.904013e-10 7.487392e-05 
7.908372e-10 7.771551e-05 
7.912730e-10 8.054682e-05 
7.917088e-10 8.336931e-05 
7.921447e-10 8.618420e-05 
7.925805e-10 8.899251e-05 
7.930164e-10 9.179496e-05 
7.934522e-10 9.459200e-05 
7.938881e-10 9.738377e-05 
7.943239e-10 1.001701e-04 
7.947597e-10 1.029505e-04 
7.951956e-10 1.057240e-04 
7.956314e-10 1.084896e-04 
7.960673e-10 1.112456e-04 
7.965031e-10 1.139902e-04 
7.969390e-10 1.167211e-04 
7.973748e-10 1.194358e-04 
7.978106e-10 1.221315e-04 
7.982465e-10 1.248048e-04 
7.986823e-10 1.274524e-04 
7.991182e-10 1.300705e-04 
7.995540e-10 1.326551e-04 
7.999899e-10 1.352019e-04 
8.004257e-10 1.377066e-04 
8.008615e-10 1.401645e-04 
8.012974e-10 1.425708e-04 
8.017332e-10 1.449208e-04 
8.021691e-10 1.472093e-04 
8.026049e-10 1.494313e-04 
8.030408e-10 1.515819e-04 
8.034766e-10 1.536560e-04 
8.039124e-10 1.556484e-04 
8.043483e-10 1.575543e-04 
8.047841e-10 1.593688e-04 
8.052200e-10 1.610872e-04 
8.056558e-10 1.627049e-04 
8.060917e-10 1.642174e-04 
8.065275e-10 1.656206e-04 
8.069633e-10 1.669105e-04 
8.073992e-10 1.680836e-04 
8.078350e-10 1.691362e-04 
8.082709e-10 1.700655e-04 
8.087067e-10 1.708686e-04 
8.091426e-10 1.715431e-04 
8.095784e-10 1.720870e-04 
8.100142e-10 1.724987e-04 
8.104501e-10 1.727768e-04 
8.108859e-10 1.729205e-04 
8.113218e-10 1.729295e-04 
8.117576e-10 1.728035e-04 
8.121935e-10 1.725431e-04 
8.126293e-10 1.721491e-04 
8.130651e-10 1.716228e-04 
8.135010e-10 1.709657e-04 
8.139368e-10 1.701800e-04 
8.143727e-10 1.692682e-04 
8.148085e-10 1.682332e-04 
8.152444e-10 1.670782e-04 
8.156802e-10 1.658068e-04 
8.161160e-10 1.644232e-04 
8.165519e-10 1.629315e-04 
8.169877e-10 1.613364e-04 
8.174236e-10 1.596428e-04 
8.178594e-10 1.578559e-04 
8.182953e-10 1.559812e-04 
8.187311e-10 1.540242e-04 
8.191669e-10 1.519907e-04 
8.196028e-10 1.498867e-04 
8.200386e-10 1.477182e-04 
8.204745e-10 1.454914e-04 
8.209103e-10 1.432125e-04 
8.213462e-10 1.408877e-04 
8.217820e-10 1.385233e-04 
8.222178e-10 1.361253e-04 
8.226537e-10 1.337001e-04 
8.230895e-10 1.312535e-04 
8.235254e-10 1.287914e-04 
8.239612e-10 1.263197e-04 
8.243971e-10 1.238439e-04 
8.248329e-10 1.213694e-04 
8.252687e-10 1.189012e-04 
8.257046e-10 1.164445e-04 
8.261404e-10 1.140037e-04 
8.265763e-10 1.115834e-04 
8.270121e-10 1.091876e-04 
8.274480e-10 1.068201e-04 
8.278838e-10 1.044846e-04 
8.283197e-10 1.021842e-04 
8.287555e-10 9.992189e-05 
8.291913e-10 9.770022e-05 
8.296272e-10 9.552151e-05 
8.300630e-10 9.338777e-05 
8.304989e-10 9.130071e-05 
8.309347e-10 8.926173e-05 
8.313706e-10 8.727196e-05 
8.318064e-10 8.533225e-05 
8.322422e-10 8.344318e-05 
8.326781e-10 8.160507e-05 
8.331139e-10 7.981801e-05 
8.335498e-10 7.808185e-05 
8.339856e-10 7.639622e-05 
8.344215e-10 7.476054e-05 
8.348573e-10 7.317406e-05 
8.352931e-10 7.163582e-05 
8.357290e-10 7.014470e-05 
8.361648e-10 6.869942e-05 
8.366007e-10 6.729858e-05 
8.370365e-10 6.594060e-05 
8.374724e-10 6.462380e-05 
8.379082e-10 6.334640e-05 
8.383440e-10 6.210649e-05 
8.387799e-10 6.090207e-05 
8.392157e-10 5.973105e-05 
8.396516e-10 5.859126e-05 
8.400874e-10 5.748045e-05 
8.405233e-10 5.639629e-05 
8.409591e-10 5.533642e-05 
8.413949e-10 5.429838e-05 
8.418308e-10 5.327969e-05 
8.422666e-10 5.227781e-05 
8.427025e-10 5.129017e-05 
8.431383e-10 5.031415e-05 
8.435742e-10 4.934711e-05 
8.440100e-10 4.838640e-05 
8.444458e-10 4.742935e-05 
8.448817e-10 4.647327e-05 
8.453175e-10 4.551548e-05 
8.457534e-10 4.455334e-05 
8.461892e-10 4.358419e-05 
8.466251e-10 4.260543e-05 
8.470609e-10 4.161449e-05 
8.474967e-10 4.060887e-05 
8.479326e-10 3.958613e-05 
8.483684e-10 3.854390e-05 
8.488043e-10 3.747993e-05 
8.492401e-10 3.639207e-05 
8.496760e-10 3.527827e-05 
8.501118e-10 3.413666e-05 
8.505476e-10 3.296549e-05 
8.509835e-10 3.176319e-05 
8.514193e-10 3.052836e-05 
8.518552e-10 2.925981e-05 
8.522910e-10 2.795655e-05 
8.527269e-10 2.661782e-05 
8.531627e-10 2.524306e-05 
8.535985e-10 2.383200e-05 
8.540344e-10 2.238459e-05 
8.544702e-10 2.090105e-05 
8.549061e-10 1.938186e-05 
8.553419e-10 1.782778e-05 
8.557778e-10 1.623985e-05 
8.562136e-10 1.461937e-05 
8.566494e-10 1.296795e-05 
8.570853e-10 1.128744e-05 
8.575211e-10 9.579983e-06 
8.579570e-10 7.847994e-06 
8.583928e-10 6.094138e-06 
8.588287e-10 4.321336e-06 
8.592645e-10 2.532748e-06 
8.597003e-10 7.317618e-07 
8.601362e-10 -1.078021e-06 
8.605720e-10 -2.892803e-06 
8.610079e-10 -4.708605e-06 
8.614437e-10 -6.521290e-06 
8.618796e-10 -8.326582e-06 
8.623154e-10 -1.012008e-05 
8.627512e-10 -1.189730e-05 
8.631871e-10 -1.365368e-05 
8.636229e-10 -1.538461e-05 
8.640588e-10 -1.708544e-05 
8.644946e-10 -1.875156e-05 
8.649305e-10 -2.037836e-05 
8.653663e-10 -2.196129e-05 
8.658021e-10 -2.349588e-05 
8.662380e-10 -2.497775e-05 
8.666738e-10 -2.640268e-05 
8.671097e-10 -2.776656e-05 
8.675455e-10 -2.906549e-05 
8.679814e-10 -3.029574e-05 
8.684172e-10 -3.145381e-05 
8.688531e-10 -3.253644e-05 
8.692889e-10 -3.354060e-05 
8.697247e-10 -3.446356e-05 
8.701606e-10 -3.530285e-05 
8.705964e-10 -3.605631e-05 
8.710323e-10 -3.672208e-05 
8.714681e-10 -3.729863e-05 
8.719040e-10 -3.778474e-05 
8.723398e-10 -3.817952e-05 
8.727756e-10 -3.848243e-05 
8.732115e-10 -3.869325e-05 
8.736473e-10 -3.881209e-05 
8.740832e-10 -3.883939e-05 
8.745190e-10 -3.877594e-05 
8.749549e-10 -3.862282e-05 
8.753907e-10 -3.838143e-05 
8.758265e-10 -3.805348e-05 
8.762624e-10 -3.764098e-05 
8.766982e-10 -3.714619e-05 
8.771341e-10 -3.657166e-05 
8.775699e-10 -3.592019e-05 
8.780058e-10 -3.519478e-05 
8.784416e-10 -3.439870e-05 
8.788774e-10 -3.353539e-05 
8.793133e-10 -3.260847e-05 
8.797491e-10 -3.162173e-05 
8.801850e-10 -3.057910e-05 
8.806208e-10 -2.948466e-05 
8.810567e-10 -2.834256e-05 
8.814925e-10 -2.715707e-05 
8.819283e-10 -2.593251e-05 
8.823642e-10 -2.467326e-05 
8.828000e-10 -2.338373e-05 
8.832359e-10 -2.206837e-05 
8.836717e-10 -2.073159e-05 
8.841076e-10 -1.937781e-05 
8.845434e-10 -1.801143e-05 
8.849792e-10 -1.663677e-05 
8.854151e-10 -1.525814e-05 
8.858509e-10 -1.387973e-05 
8.862868e-10 -1.250569e-05 
8.867226e-10 -1.114004e-05 
8.871585e-10 -9.786729e-06 
8.875943e-10 -8.449575e-06 
8.880301e-10 -7.132283e-06 
8.884660e-10 -5.838426e-06 
8.889018e-10 -4.571446e-06 
8.893377e-10 -3.334642e-06 
8.897735e-10 -2.131168e-06 
8.902094e-10 -9.640267e-07 
8.906452e-10 1.639329e-07 
8.910810e-10 1.250022e-06 
8.915169e-10 2.291711e-06 
8.919527e-10 3.286638e-06 
8.923886e-10 4.232605e-06 
8.928244e-10 5.127583e-06 
8.932603e-10 5.969715e-06 
8.936961e-10 6.757313e-06 
8.941319e-10 7.488865e-06 
8.945678e-10 8.163029e-06 
8.950036e-10 8.778639e-06 
8.954395e-10 9.334704e-06 
8.958753e-10 9.830406e-06 
8.963112e-10 1.026510e-05 
8.967470e-10 1.063833e-05 
8.971828e-10 1.094978e-05 
8.976187e-10 1.119935e-05 
8.980545e-10 1.138708e-05 
8.984904e-10 1.151319e-05 
8.989262e-10 1.157808e-05 
8.993621e-10 1.158230e-05 
8.997979e-10 1.152658e-05 
9.002337e-10 1.141180e-05 
9.006696e-10 1.123900e-05 
9.011054e-10 1.100938e-05 
9.015413e-10 1.072429e-05 
9.019771e-10 1.038523e-05 
9.024130e-10 9.993835e-06 
9.028488e-10 9.551882e-06 
9.032846e-10 9.061274e-06 
9.037205e-10 8.524039e-06 
9.041563e-10 7.942321e-06 
9.045922e-10 7.318376e-06 
9.050280e-10 6.654557e-06 
9.054639e-10 5.953313e-06 
9.058997e-10 5.217176e-06 
9.063356e-10 4.448752e-06 
9.067714e-10 3.650716e-06 
9.072072e-10 2.825795e-06 
9.076431e-10 1.976765e-06 
9.080789e-10 1.106434e-06 
9.085148e-10 2.176406e-07 
9.089506e-10 -6.867654e-07 
9.093865e-10 -1.603927e-06 
9.098223e-10 -2.530993e-06 
9.102581e-10 -3.465127e-06 
9.106940e-10 -4.403518e-06 
9.111298e-10 -5.343389e-06 
9.115657e-10 -6.282008e-06 
9.120015e-10 -7.216694e-06 
9.124374e-10 -8.144830e-06 
9.128732e-10 -9.063867e-06 
9.133090e-10 -9.971331e-06 
9.137449e-10 -1.086484e-05 
9.141807e-10 -1.174208e-05 
9.146166e-10 -1.260087e-05 
9.150524e-10 -1.343910e-05 
9.154883e-10 -1.425477e-05 
9.159241e-10 -1.504601e-05 
9.163599e-10 -1.581104e-05 
9.167958e-10 -1.654821e-05 
9.172316e-10 -1.725598e-05 
9.176675e-10 -1.793293e-05 
9.181033e-10 -1.857778e-05 
9.185392e-10 -1.918934e-05 
9.189750e-10 -1.976656e-05 
9.194108e-10 -2.030852e-05 
9.198467e-10 -2.081440e-05 
9.202825e-10 -2.128352e-05 
9.207184e-10 -2.171528e-05 
9.211542e-10 -2.210924e-05 
9.215901e-10 -2.246505e-05 
9.220259e-10 -2.278248e-05 
9.224617e-10 -2.306139e-05 
9.228976e-10 -2.330177e-05 
9.233334e-10 -2.350370e-05 
9.237693e-10 -2.366736e-05 
9.242051e-10 -2.379304e-05 
9.246410e-10 -2.388110e-05 
9.250768e-10 -2.393203e-05 
9.255126e-10 -2.394638e-05 
9.259485e-10 -2.392478e-05 
9.263843e-10 -2.386798e-05 
9.268202e-10 -2.377679e-05 
9.272560e-10 -2.365208e-05 
9.276919e-10 -2.349484e-05 
9.281277e-10 -2.330611e-05 
9.285635e-10 -2.308699e-05 
9.289994e-10 -2.283867e-05 
9.294352e-10 -2.256241e-05 
9.298711e-10 -2.225952e-05 
9.303069e-10 -2.193139e-05 
9.307428e-10 -2.157945e-05 
9.311786e-10 -2.120520e-05 
9.316144e-10 -2.081021e-05 
9.320503e-10 -2.039607e-05 
9.324861e-10 -1.996446e-05 
9.329220e-10 -1.951708e-05 
9.333578e-10 -1.905567e-05 
9.337937e-10 -1.858205e-05 
9.342295e-10 -1.809803e-05 
9.346653e-10 -1.760549e-05 
9.351012e-10 -1.710633e-05 
9.355370e-10 -1.660247e-05 
9.359729e-10 -1.609587e-05 
9.364087e-10 -1.558848e-05 
9.368446e-10 -1.508229e-05 
9.372804e-10 -1.457930e-05 
9.377162e-10 -1.408149e-05 
9.381521e-10 -1.359085e-05 
9.385879e-10 -1.310938e-05 
9.390238e-10 -1.263904e-05 
9.394596e-10 -1.218179e-05 
9.398955e-10 -1.173956e-05 
9.403313e-10 -1.131425e-05 
9.407671e-10 -1.090771e-05 
9.412030e-10 -1.052176e-05 
9.416388e-10 -1.015817e-05 
9.420747e-10 -9.818651e-06 
9.425105e-10 -9.504842e-06 
9.429464e-10 -9.218319e-06 
9.433822e-10 -8.960580e-06 
9.438180e-10 -8.733035e-06 
9.442539e-10 -8.537007e-06 
9.446897e-10 -8.373717e-06 
9.451256e-10 -8.244286e-06 
9.455614e-10 -8.149720e-06 
9.459973e-10 -8.090910e-06 
9.464331e-10 -8.068621e-06 
9.468690e-10 -8.083491e-06 
9.473048e-10 -8.136021e-06 
9.477406e-10 -8.226569e-06 
9.481765e-10 -8.355349e-06 
9.486123e-10 -8.522424e-06 
9.490482e-10 -8.727698e-06 
9.494840e-10 -8.970916e-06 
9.499199e-10 -9.251660e-06 
9.503557e-10 -9.569342e-06 
9.507915e-10 -9.923205e-06 
9.512274e-10 -1.031232e-05 
9.516632e-10 -1.073557e-05 
9.520991e-10 -1.119169e-05 
9.525349e-10 -1.167921e-05 
9.529708e-10 -1.219650e-05 
9.534066e-10 -1.274174e-05 
9.538424e-10 -1.331295e-05 
9.542783e-10 -1.390795e-05 
9.547141e-10 -1.452443e-05 
9.551500e-10 -1.515988e-05 
9.555858e-10 -1.581163e-05 
9.560217e-10 -1.647687e-05 
9.564575e-10 -1.715262e-05 
9.568933e-10 -1.783576e-05 
9.573292e-10 -1.852303e-05 
9.577650e-10 -1.921104e-05 
9.582009e-10 -1.989629e-05 
9.586367e-10 -2.057513e-05 
9.590726e-10 -2.124385e-05 
9.595084e-10 -2.189862e-05 
9.599442e-10 -2.253556e-05 
9.603801e-10 -2.315068e-05 
9.608159e-10 -2.373996e-05 
9.612518e-10 -2.429934e-05 
9.616876e-10 -2.482473e-05 
9.621235e-10 -2.531202e-05 
9.625593e-10 -2.575710e-05 
9.629951e-10 -2.615587e-05 
9.634310e-10 -2.650428e-05 
9.638668e-10 -2.679830e-05 
9.643027e-10 -2.703399e-05 
9.647385e-10 -2.720745e-05 
9.651744e-10 -2.731490e-05 
9.656102e-10 -2.735265e-05 
9.660460e-10 -2.731715e-05 
9.664819e-10 -2.720498e-05 
9.669177e-10 -2.701285e-05 
9.673536e-10 -2.673767e-05 
9.677894e-10 -2.637650e-05 
9.682253e-10 -2.592660e-05 
9.686611e-10 -2.538546e-05 
9.690969e-10 -2.475075e-05 
9.695328e-10 -2.402039e-05 
9.699686e-10 -2.319253e-05 
9.704045e-10 -2.226558e-05 
9.708403e-10 -2.123818e-05 
9.712762e-10 -2.010926e-05 
9.717120e-10 -1.887802e-05 
9.721478e-10 -1.754392e-05 
9.725837e-10 -1.610672e-05 
9.730195e-10 -1.456645e-05 
9.734554e-10 -1.292344e-05 
9.738912e-10 -1.117830e-05 
9.743271e-10 -9.331941e-06 
9.747629e-10 -7.385554e-06 
9.751987e-10 -5.340619e-06 
9.756346e-10 -3.198903e-06 
9.760704e-10 -9.624496e-07 
9.765063e-10 1.366419e-06 
9.769421e-10 3.785115e-06 
9.773780e-10 6.290785e-06 
9.778138e-10 8.880326e-06 
9.782496e-10 1.155039e-05 
9.786855e-10 1.429739e-05 
9.791213e-10 1.711752e-05 
9.795572e-10 2.000676e-05 
9.799930e-10 2.296089e-05 
9.804289e-10 2.597550e-05 
9.808647e-10 2.904601e-05 
9.813005e-10 3.216769e-05 
9.817364e-10 3.533564e-05 
9.821722e-10 3.854485e-05 
9.826081e-10 4.179019e-05 
9.830439e-10 4.506642e-05 
9.834798e-10 4.836822e-05 
9.839156e-10 5.169021e-05 
9.843514e-10 5.502694e-05 
9.847873e-10 5.837293e-05 
9.852231e-10 6.172266e-05 
9.856590e-10 6.507061e-05 
9.860948e-10 6.841127e-05 
9.865307e-10 7.173912e-05 
9.869665e-10 7.504871e-05 
9.874024e-10 7.833460e-05 
9.878382e-10 8.159141e-05 
9.882740e-10 8.481384e-05 
9.887099e-10 8.799665e-05 
9.891457e-10 9.113470e-05 
9.895816e-10 9.422293e-05 
9.900174e-10 9.725641e-05 
9.904533e-10 1.002303e-04 
9.908891e-10 1.031399e-04 
9.913249e-10 1.059806e-04 
9.917608e-10 1.087479e-04 
9.921966e-10 1.114376e-04 
9.926325e-10 1.140455e-04 
9.930683e-10 1.165675e-04 
9.935042e-10 1.189997e-04 
9.939400e-10 1.213385e-04 
9.943758e-10 1.235801e-04 
9.948117e-10 1.257213e-04 
9.952475e-10 1.277587e-04 
9.956834e-10 1.296892e-04 
9.961192e-10 1.315099e-04 
9.965551e-10 1.332179e-04 
9.969909e-10 1.348106e-04 
9.974267e-10 1.362855e-04 
9.978626e-10 1.376403e-04 
9.982984e-10 1.388727e-04 
9.987343e-10 1.399807e-04 
9.991701e-10 1.409626e-04 
9.996060e-10 1.418165e-04 
