2.179215e-13 0 
6.537645e-13 0 
1.089608e-12 0 
1.525451e-12 0 
1.961294e-12 0 
2.397137e-12 0 
2.832980e-12 0 
3.268823e-12 0 
3.704666e-12 0 
4.140509e-12 0 
4.576352e-12 0 
5.012195e-12 0 
5.448038e-12 0 
5.883881e-12 0 
6.319724e-12 0 
6.755567e-12 0 
7.191410e-12 0 
7.627253e-12 0 
8.063096e-12 0 
8.498939e-12 0 
8.934782e-12 0 
9.370625e-12 0 
9.806468e-12 0 
1.024231e-11 0 
1.067815e-11 0 
1.111400e-11 0 
1.154984e-11 0 
1.198568e-11 0 
1.242153e-11 0 
1.285737e-11 0 
1.329321e-11 0 
1.372905e-11 0 
1.416490e-11 0 
1.460074e-11 0 
1.503658e-11 0 
1.547243e-11 0 
1.590827e-11 0 
1.634411e-11 0 
1.677996e-11 0 
1.721580e-11 0 
1.765164e-11 0 
1.808749e-11 0 
1.852333e-11 0 
1.895917e-11 0 
1.939501e-11 0 
1.983086e-11 0 
2.026670e-11 0 
2.070254e-11 0 
2.113839e-11 0 
2.157423e-11 0 
2.201007e-11 0 
2.244592e-11 0 
2.288176e-11 0 
2.331760e-11 0 
2.375344e-11 0 
2.418929e-11 0 
2.462513e-11 0 
2.506097e-11 0 
2.549682e-11 0 
2.593266e-11 0 
2.636850e-11 0 
2.680435e-11 0 
2.724019e-11 0 
2.767603e-11 0 
2.811187e-11 0 
2.854772e-11 0 
2.898356e-11 0 
2.941940e-11 0 
2.985525e-11 0 
3.029109e-11 0 
3.072693e-11 0 
3.116278e-11 0 
3.159862e-11 0 
3.203446e-11 0 
3.247030e-11 0 
3.290615e-11 0 
3.334199e-11 0 
3.377783e-11 0 
3.421368e-11 0 
3.464952e-11 0 
3.508536e-11 0 
3.552121e-11 0 
3.595705e-11 0 
3.639289e-11 0 
3.682873e-11 0 
3.726458e-11 0 
3.770042e-11 0 
3.813626e-11 0 
3.857211e-11 0 
3.900795e-11 0 
3.944379e-11 0 
3.987964e-11 0 
4.031548e-11 0 
4.075132e-11 0 
4.118716e-11 0 
4.162301e-11 0 
4.205885e-11 0 
4.249469e-11 0 
4.293054e-11 0 
4.336638e-11 0 
4.380222e-11 0 
4.423807e-11 1.866201e-143 
4.467391e-11 -5.998452e-42 
4.510975e-11 -2.243684e-40 
4.554560e-11 -7.450269e-39 
4.598144e-11 -1.395411e-37 
4.641728e-11 -2.297091e-36 
4.685312e-11 -2.827599e-35 
4.728897e-11 -3.077766e-34 
4.772481e-11 -2.792605e-33 
4.816065e-11 -2.261557e-32 
4.859650e-11 -1.611361e-31 
4.903234e-11 -1.036845e-30 
4.946818e-11 -6.039416e-30 
4.990403e-11 -3.218321e-29 
5.033987e-11 -1.577955e-28 
5.077571e-11 -7.159738e-28 
5.121155e-11 -3.021507e-27 
5.164740e-11 -1.190930e-26 
5.208324e-11 -4.401070e-26 
5.251908e-11 -1.529942e-25 
5.295493e-11 -5.017825e-25 
5.339077e-11 -1.556740e-24 
5.382661e-11 -4.579040e-24 
5.426246e-11 -1.279610e-23 
5.469830e-11 -3.403333e-23 
5.513414e-11 -8.628551e-23 
5.556998e-11 -2.088204e-22 
5.600583e-11 -4.829717e-22 
5.644167e-11 -1.068608e-21 
5.687751e-11 -2.263728e-21 
5.731336e-11 -4.594381e-21 
5.774920e-11 -8.938076e-21 
5.818504e-11 -1.667322e-20 
5.862089e-11 -2.982775e-20 
5.905673e-11 -5.117194e-20 
5.949257e-11 -8.416723e-20 
5.992841e-11 -1.326572e-19 
6.036426e-11 -2.001850e-19 
6.080010e-11 -2.888634e-19 
6.123594e-11 -3.978299e-19 
6.167179e-11 -5.214701e-19 
6.210763e-11 -6.477736e-19 
6.254347e-11 -7.573025e-19 
6.297932e-11 -8.232299e-19 
6.341516e-11 -8.126674e-19 
6.385100e-11 -6.890242e-19 
6.428684e-11 -4.145431e-19 
6.472269e-11 4.835345e-20 
6.515853e-11 7.384706e-19 
6.559437e-11 1.701177e-18 
6.603022e-11 2.997941e-18 
6.646606e-11 4.719191e-18 
6.690190e-11 6.998612e-18 
6.733775e-11 1.002694e-17 
6.777359e-11 1.406426e-17 
6.820943e-11 1.945162e-17 
6.864527e-11 2.662511e-17 
6.908112e-11 3.613687e-17 
6.951696e-11 4.868731e-17 
6.995280e-11 6.517221e-17 
7.038865e-11 8.674501e-17 
7.082449e-11 1.148946e-16 
7.126033e-11 1.515396e-16 
7.169618e-11 1.991399e-16 
7.213202e-11 2.608369e-16 
7.256786e-11 3.406296e-16 
7.300371e-11 4.436000e-16 
7.343955e-11 5.762040e-16 
7.387539e-11 7.466345e-16 
7.431123e-11 9.652732e-16 
7.474708e-11 1.245251e-15 
7.518292e-11 1.603134e-15 
7.561876e-11 2.059778e-15 
7.605461e-11 2.641391e-15 
7.649045e-11 3.380846e-15 
7.692629e-11 4.319316e-15 
7.736214e-11 5.508284e-15 
7.779798e-11 7.011998e-15 
7.823382e-11 8.910510e-15 
7.866966e-11 1.130336e-14 
7.910551e-11 1.431410e-14 
7.954135e-11 1.809585e-14 
7.997719e-11 2.283803e-14 
8.041304e-11 2.877452e-14 
8.084888e-11 3.619371e-14 
8.128472e-11 4.545044e-14 
8.172057e-11 5.698066e-14 
8.215641e-11 7.131899e-14 
8.259225e-11 8.911993e-14 
8.302809e-11 1.111834e-13 
8.346394e-11 1.384854e-13 
8.389978e-11 1.722146e-13 
8.433562e-11 2.138164e-13 
8.477147e-11 2.650450e-13 
8.520731e-11 3.280265e-13 
8.564315e-11 4.053324e-13 
8.607900e-11 5.000683e-13 
8.651484e-11 6.159784e-13 
8.695068e-11 7.575687e-13 
8.738652e-11 9.302533e-13 
8.782237e-11 1.140526e-12 
8.825821e-11 1.396164e-12 
8.869405e-11 1.706461e-12 
8.912990e-11 2.082512e-12 
8.956574e-11 2.537532e-12 
9.000158e-11 3.087240e-12 
9.043743e-11 3.750300e-12 
9.087327e-11 4.548835e-12 
9.130911e-11 5.509023e-12 
9.174495e-11 6.661790e-12 
9.218080e-11 8.043608e-12 
9.261664e-11 9.697420e-12 
9.305248e-11 1.167370e-11 
9.348833e-11 1.403166e-11 
9.392417e-11 1.684069e-11 
9.436001e-11 2.018191e-11 
9.479586e-11 2.415002e-11 
9.523170e-11 2.885543e-11 
9.566754e-11 3.442654e-11 
9.610338e-11 4.101254e-11 
9.653923e-11 4.878640e-11 
9.697507e-11 5.794834e-11 
9.741091e-11 6.872976e-11 
9.784676e-11 8.139759e-11 
9.828260e-11 9.625923e-11 
9.871844e-11 1.136681e-10 
9.915429e-11 1.340300e-10 
9.959013e-11 1.578095e-10 
1.000260e-10 1.855383e-10 
1.004618e-10 2.178234e-10 
1.008977e-10 2.553567e-10 
1.013335e-10 2.989255e-10 
1.017693e-10 3.494240e-10 
1.022052e-10 4.078663e-10 
1.026410e-10 4.754002e-10 
1.030769e-10 5.533227e-10 
1.035127e-10 6.430968e-10 
1.039486e-10 7.463698e-10 
1.043844e-10 8.649933e-10 
1.048202e-10 1.001045e-09 
1.052561e-10 1.156851e-09 
1.056919e-10 1.335012e-09 
1.061278e-10 1.538433e-09 
1.065636e-10 1.770345e-09 
1.069995e-10 2.034345e-09 
1.074353e-10 2.334423e-09 
1.078711e-10 2.675001e-09 
1.083070e-10 3.060965e-09 
1.087428e-10 3.497712e-09 
1.091787e-10 3.991184e-09 
1.096145e-10 4.547917e-09 
1.100504e-10 5.175083e-09 
1.104862e-10 5.880535e-09 
1.109220e-10 6.672861e-09 
1.113579e-10 7.561428e-09 
1.117937e-10 8.556436e-09 
1.122296e-10 9.668967e-09 
1.126654e-10 1.091104e-08 
1.131013e-10 1.229566e-08 
1.135371e-10 1.383687e-08 
1.139729e-10 1.554980e-08 
1.144088e-10 1.745073e-08 
1.148446e-10 1.955710e-08 
1.152805e-10 2.188761e-08 
1.157163e-10 2.446220e-08 
1.161522e-10 2.730214e-08 
1.165880e-10 3.043001e-08 
1.170238e-10 3.386977e-08 
1.174597e-10 3.764676e-08 
1.178955e-10 4.178769e-08 
1.183314e-10 4.632067e-08 
1.187672e-10 5.127517e-08 
1.192031e-10 5.668204e-08 
1.196389e-10 6.257342e-08 
1.200748e-10 6.898274e-08 
1.205106e-10 7.594461e-08 
1.209464e-10 8.349477e-08 
1.213823e-10 9.167001e-08 
1.218181e-10 1.005080e-07 
1.222540e-10 1.100471e-07 
1.226898e-10 1.203264e-07 
1.231257e-10 1.313854e-07 
1.235615e-10 1.432636e-07 
1.239973e-10 1.560008e-07 
1.244332e-10 1.696363e-07 
1.248690e-10 1.842088e-07 
1.253049e-10 1.997564e-07 
1.257407e-10 2.163156e-07 
1.261766e-10 2.339217e-07 
1.266124e-10 2.526076e-07 
1.270482e-10 2.724043e-07 
1.274841e-10 2.933396e-07 
1.279199e-10 3.154380e-07 
1.283558e-10 3.387204e-07 
1.287916e-10 3.632031e-07 
1.292275e-10 3.888977e-07 
1.296633e-10 4.158103e-07 
1.300991e-10 4.439409e-07 
1.305350e-10 4.732830e-07 
1.309708e-10 5.038226e-07 
1.314067e-10 5.355380e-07 
1.318425e-10 5.683990e-07 
1.322784e-10 6.023663e-07 
1.327142e-10 6.373907e-07 
1.331500e-10 6.734126e-07 
1.335859e-10 7.103615e-07 
1.340217e-10 7.481552e-07 
1.344576e-10 7.866994e-07 
1.348934e-10 8.258869e-07 
1.353293e-10 8.655975e-07 
1.357651e-10 9.056970e-07 
1.362009e-10 9.460372e-07 
1.366368e-10 9.864551e-07 
1.370726e-10 1.026773e-06 
1.375085e-10 1.066798e-06 
1.379443e-10 1.106323e-06 
1.383802e-10 1.145122e-06 
1.388160e-10 1.182957e-06 
1.392518e-10 1.219574e-06 
1.396877e-10 1.254702e-06 
1.401235e-10 1.288056e-06 
1.405594e-10 1.319336e-06 
1.409952e-10 1.348228e-06 
1.414311e-10 1.374404e-06 
1.418669e-10 1.397523e-06 
1.423027e-10 1.417231e-06 
1.427386e-10 1.433164e-06 
1.431744e-10 1.444947e-06 
1.436103e-10 1.452196e-06 
1.440461e-10 1.454518e-06 
1.444820e-10 1.451515e-06 
1.449178e-10 1.442783e-06 
1.453536e-10 1.427915e-06 
1.457895e-10 1.406502e-06 
1.462253e-10 1.378137e-06 
1.466612e-10 1.342413e-06 
1.470970e-10 1.298928e-06 
1.475329e-10 1.247287e-06 
1.479687e-10 1.187104e-06 
1.484045e-10 1.118003e-06 
1.488404e-10 1.039622e-06 
1.492762e-10 9.516152e-07 
1.497121e-10 8.536542e-07 
1.501479e-10 7.454323e-07 
1.505838e-10 6.266662e-07 
1.510196e-10 4.970984e-07 
1.514554e-10 3.564998e-07 
1.518913e-10 2.046728e-07 
1.523271e-10 4.145298e-08 
1.527630e-10 -1.332879e-07 
1.531988e-10 -3.196399e-07 
1.536347e-10 -5.176520e-07 
1.540705e-10 -7.273308e-07 
1.545063e-10 -9.486375e-07 
1.549422e-10 -1.181487e-06 
1.553780e-10 -1.425743e-06 
1.558139e-10 -1.681224e-06 
1.562497e-10 -1.947690e-06 
1.566856e-10 -2.224852e-06 
1.571214e-10 -2.512365e-06 
1.575572e-10 -2.809829e-06 
1.579931e-10 -3.116788e-06 
1.584289e-10 -3.432728e-06 
1.588648e-10 -3.757079e-06 
1.593006e-10 -4.089214e-06 
1.597365e-10 -4.428449e-06 
1.601723e-10 -4.774042e-06 
1.606082e-10 -5.125198e-06 
1.610440e-10 -5.481065e-06 
1.614798e-10 -5.840737e-06 
1.619157e-10 -6.203259e-06 
1.623515e-10 -6.567622e-06 
1.627874e-10 -6.932771e-06 
1.632232e-10 -7.297602e-06 
1.636591e-10 -7.660971e-06 
1.640949e-10 -8.021690e-06 
1.645307e-10 -8.378535e-06 
1.649666e-10 -8.730246e-06 
1.654024e-10 -9.075532e-06 
1.658383e-10 -9.413076e-06 
1.662741e-10 -9.741535e-06 
1.667100e-10 -1.005955e-05 
1.671458e-10 -1.036574e-05 
1.675816e-10 -1.065872e-05 
1.680175e-10 -1.093710e-05 
1.684533e-10 -1.119948e-05 
1.688892e-10 -1.144447e-05 
1.693250e-10 -1.167068e-05 
1.697609e-10 -1.187676e-05 
1.701967e-10 -1.206134e-05 
1.706325e-10 -1.222312e-05 
1.710684e-10 -1.236077e-05 
1.715042e-10 -1.247306e-05 
1.719401e-10 -1.255875e-05 
1.723759e-10 -1.261668e-05 
1.728118e-10 -1.264572e-05 
1.732476e-10 -1.264480e-05 
1.736834e-10 -1.261292e-05 
1.741193e-10 -1.254914e-05 
1.745551e-10 -1.245260e-05 
1.749910e-10 -1.232251e-05 
1.754268e-10 -1.215816e-05 
1.758627e-10 -1.195892e-05 
1.762985e-10 -1.172428e-05 
1.767343e-10 -1.145379e-05 
1.771702e-10 -1.114712e-05 
1.776060e-10 -1.080403e-05 
1.780419e-10 -1.042440e-05 
1.784777e-10 -1.000819e-05 
1.789136e-10 -9.555518e-06 
1.793494e-10 -9.066571e-06 
1.797852e-10 -8.541675e-06 
1.802211e-10 -7.981267e-06 
1.806569e-10 -7.385904e-06 
1.810928e-10 -6.756261e-06 
1.815286e-10 -6.093135e-06 
1.819645e-10 -5.397442e-06 
1.824003e-10 -4.670215e-06 
1.828361e-10 -3.912607e-06 
1.832720e-10 -3.125890e-06 
1.837078e-10 -2.311447e-06 
1.841437e-10 -1.470775e-06 
1.845795e-10 -6.054837e-07 
1.850154e-10 2.827148e-07 
1.854512e-10 1.192003e-06 
1.858870e-10 2.120467e-06 
1.863229e-10 3.066097e-06 
1.867587e-10 4.026795e-06 
1.871946e-10 5.000381e-06 
1.876304e-10 5.984597e-06 
1.880663e-10 6.977114e-06 
1.885021e-10 7.975541e-06 
1.889379e-10 8.977427e-06 
1.893738e-10 9.980275e-06 
1.898096e-10 1.098155e-05 
1.902455e-10 1.197867e-05 
1.906813e-10 1.296904e-05 
1.911172e-10 1.395005e-05 
1.915530e-10 1.491908e-05 
1.919888e-10 1.587352e-05 
1.924247e-10 1.681074e-05 
1.928605e-10 1.772817e-05 
1.932964e-10 1.862325e-05 
1.937322e-10 1.949347e-05 
1.941681e-10 2.033634e-05 
1.946039e-10 2.114947e-05 
1.950397e-10 2.193051e-05 
1.954756e-10 2.267719e-05 
1.959114e-10 2.338733e-05 
1.963473e-10 2.405885e-05 
1.967831e-10 2.468976e-05 
1.972190e-10 2.527819e-05 
1.976548e-10 2.582239e-05 
1.980907e-10 2.632072e-05 
1.985265e-10 2.677170e-05 
1.989623e-10 2.717397e-05 
1.993982e-10 2.752633e-05 
1.998340e-10 2.782772e-05 
2.002699e-10 2.807725e-05 
2.007057e-10 2.827418e-05 
2.011416e-10 2.841794e-05 
2.015774e-10 2.850814e-05 
2.020132e-10 2.854454e-05 
2.024491e-10 2.852710e-05 
2.028849e-10 2.845593e-05 
2.033208e-10 2.833134e-05 
2.037566e-10 2.815380e-05 
2.041925e-10 2.792395e-05 
2.046283e-10 2.764262e-05 
2.050641e-10 2.731082e-05 
2.055000e-10 2.692969e-05 
2.059358e-10 2.650057e-05 
2.063717e-10 2.602495e-05 
2.068075e-10 2.550448e-05 
2.072434e-10 2.494097e-05 
2.076792e-10 2.433634e-05 
2.081150e-10 2.369269e-05 
2.085509e-10 2.301223e-05 
2.089867e-10 2.229730e-05 
2.094226e-10 2.155036e-05 
2.098584e-10 2.077397e-05 
2.102943e-10 1.997079e-05 
2.107301e-10 1.914359e-05 
2.111659e-10 1.829518e-05 
2.116018e-10 1.742849e-05 
2.120376e-10 1.654648e-05 
2.124735e-10 1.565216e-05 
2.129093e-10 1.474860e-05 
2.133452e-10 1.383890e-05 
2.137810e-10 1.292618e-05 
2.142168e-10 1.201355e-05 
2.146527e-10 1.110417e-05 
2.150885e-10 1.020114e-05 
2.155244e-10 9.307589e-06 
2.159602e-10 8.426596e-06 
2.163961e-10 7.561214e-06 
2.168319e-10 6.714454e-06 
2.172677e-10 5.889279e-06 
2.177036e-10 5.088590e-06 
2.181394e-10 4.315229e-06 
2.185753e-10 3.571963e-06 
2.190111e-10 2.861485e-06 
2.194470e-10 2.186404e-06 
2.198828e-10 1.549241e-06 
2.203186e-10 9.524252e-07 
2.207545e-10 3.982907e-07 
2.211903e-10 -1.109290e-07 
2.216262e-10 -5.731020e-07 
2.220620e-10 -9.862007e-07 
2.224979e-10 -1.348304e-06 
2.229337e-10 -1.657596e-06 
2.233695e-10 -1.912371e-06 
2.238054e-10 -2.111028e-06 
2.242412e-10 -2.252073e-06 
2.246771e-10 -2.334120e-06 
2.251129e-10 -2.355883e-06 
2.255488e-10 -2.316182e-06 
2.259846e-10 -2.213931e-06 
2.264204e-10 -2.048145e-06 
2.268563e-10 -1.817929e-06 
2.272921e-10 -1.522477e-06 
2.277280e-10 -1.161069e-06 
2.281638e-10 -7.330640e-07 
2.285997e-10 -2.378990e-07 
2.290355e-10 3.249197e-07 
2.294713e-10 9.558192e-07 
2.299072e-10 1.655166e-06 
2.303430e-10 2.423269e-06 
2.307789e-10 3.260391e-06 
2.312147e-10 4.166744e-06 
2.316506e-10 5.142505e-06 
2.320864e-10 6.187814e-06 
2.325222e-10 7.302781e-06 
2.329581e-10 8.487493e-06 
2.333939e-10 9.742014e-06 
2.338298e-10 1.106640e-05 
2.342656e-10 1.246068e-05 
2.347015e-10 1.392489e-05 
2.351373e-10 1.545907e-05 
2.355731e-10 1.706323e-05 
2.360090e-10 1.873741e-05 
2.364448e-10 2.048164e-05 
2.368807e-10 2.229597e-05 
2.373165e-10 2.418045e-05 
2.377524e-10 2.613515e-05 
2.381882e-10 2.816013e-05 
2.386241e-10 3.025549e-05 
2.390599e-10 3.242132e-05 
2.394957e-10 3.465772e-05 
2.399316e-10 3.696484e-05 
2.403674e-10 3.934278e-05 
2.408033e-10 4.179170e-05 
2.412391e-10 4.431173e-05 
2.416750e-10 4.690303e-05 
2.421108e-10 4.956574e-05 
2.425466e-10 5.230002e-05 
2.429825e-10 5.510600e-05 
2.434183e-10 5.798383e-05 
2.438542e-10 6.093363e-05 
2.442900e-10 6.395552e-05 
2.447259e-10 6.704957e-05 
2.451617e-10 7.021588e-05 
2.455975e-10 7.345447e-05 
2.460334e-10 7.676538e-05 
2.464692e-10 8.014857e-05 
2.469051e-10 8.360401e-05 
2.473409e-10 8.713159e-05 
2.477768e-10 9.073119e-05 
2.482126e-10 9.440262e-05 
2.486484e-10 9.814567e-05 
2.490843e-10 1.019601e-04 
2.495201e-10 1.058455e-04 
2.499560e-10 1.098015e-04 
2.503918e-10 1.138278e-04 
2.508277e-10 1.179238e-04 
2.512635e-10 1.220891e-04 
2.516993e-10 1.263230e-04 
2.521352e-10 1.306249e-04 
2.525710e-10 1.349942e-04 
2.530069e-10 1.394301e-04 
2.534427e-10 1.439319e-04 
2.538786e-10 1.484988e-04 
2.543144e-10 1.531300e-04 
2.547502e-10 1.578246e-04 
2.551861e-10 1.625819e-04 
2.556219e-10 1.674008e-04 
2.560578e-10 1.722806e-04 
2.564936e-10 1.772204e-04 
2.569295e-10 1.822192e-04 
2.573653e-10 1.872763e-04 
2.578011e-10 1.923908e-04 
2.582370e-10 1.975619e-04 
2.586728e-10 2.027889e-04 
2.591087e-10 2.080710e-04 
2.595445e-10 2.134077e-04 
2.599804e-10 2.187983e-04 
2.604162e-10 2.242423e-04 
2.608520e-10 2.297394e-04 
2.612879e-10 2.352892e-04 
2.617237e-10 2.408915e-04 
2.621596e-10 2.465462e-04 
2.625954e-10 2.522534e-04 
2.630313e-10 2.580130e-04 
2.634671e-10 2.638256e-04 
2.639029e-10 2.696913e-04 
2.643388e-10 2.756108e-04 
2.647746e-10 2.815847e-04 
2.652105e-10 2.876138e-04 
2.656463e-10 2.936992e-04 
2.660822e-10 2.998419e-04 
2.665180e-10 3.060432e-04 
2.669538e-10 3.123044e-04 
2.673897e-10 3.186272e-04 
2.678255e-10 3.250131e-04 
2.682614e-10 3.314641e-04 
2.686972e-10 3.379819e-04 
2.691331e-10 3.445686e-04 
2.695689e-10 3.512264e-04 
2.700047e-10 3.579575e-04 
2.704406e-10 3.647641e-04 
2.708764e-10 3.716487e-04 
2.713123e-10 3.786137e-04 
2.717481e-10 3.856614e-04 
2.721840e-10 3.927944e-04 
2.726198e-10 4.000151e-04 
2.730556e-10 4.073259e-04 
2.734915e-10 4.147292e-04 
2.739273e-10 4.222274e-04 
2.743632e-10 4.298226e-04 
2.747990e-10 4.375170e-04 
2.752349e-10 4.453125e-04 
2.756707e-10 4.532109e-04 
2.761066e-10 4.612139e-04 
2.765424e-10 4.693228e-04 
2.769782e-10 4.775387e-04 
2.774141e-10 4.858627e-04 
2.778499e-10 4.942952e-04 
2.782858e-10 5.028365e-04 
2.787216e-10 5.114865e-04 
2.791575e-10 5.202449e-04 
2.795933e-10 5.291106e-04 
2.800291e-10 5.380824e-04 
2.804650e-10 5.471587e-04 
2.809008e-10 5.563371e-04 
2.813367e-10 5.656151e-04 
2.817725e-10 5.749893e-04 
2.822084e-10 5.844560e-04 
2.826442e-10 5.940110e-04 
2.830800e-10 6.036495e-04 
2.835159e-10 6.133658e-04 
2.839517e-10 6.231541e-04 
2.843876e-10 6.330078e-04 
2.848234e-10 6.429195e-04 
2.852593e-10 6.528815e-04 
2.856951e-10 6.628852e-04 
2.861309e-10 6.729217e-04 
2.865668e-10 6.829812e-04 
2.870026e-10 6.930534e-04 
2.874385e-10 7.031275e-04 
2.878743e-10 7.131920e-04 
2.883102e-10 7.232349e-04 
2.887460e-10 7.332435e-04 
2.891818e-10 7.432048e-04 
2.896177e-10 7.531051e-04 
2.900535e-10 7.629302e-04 
2.904894e-10 7.726657e-04 
2.909252e-10 7.822965e-04 
2.913611e-10 7.918073e-04 
2.917969e-10 8.011822e-04 
2.922327e-10 8.104052e-04 
2.926686e-10 8.194601e-04 
2.931044e-10 8.283301e-04 
2.935403e-10 8.369987e-04 
2.939761e-10 8.454487e-04 
2.944120e-10 8.536633e-04 
2.948478e-10 8.616254e-04 
2.952836e-10 8.693178e-04 
2.957195e-10 8.767236e-04 
2.961553e-10 8.838257e-04 
2.965912e-10 8.906075e-04 
2.970270e-10 8.970521e-04 
2.974629e-10 9.031431e-04 
2.978987e-10 9.088645e-04 
2.983345e-10 9.142002e-04 
2.987704e-10 9.191347e-04 
2.992062e-10 9.236530e-04 
2.996421e-10 9.277401e-04 
3.000779e-10 9.313819e-04 
3.005138e-10 9.345644e-04 
3.009496e-10 9.372743e-04 
3.013854e-10 9.394988e-04 
3.018213e-10 9.412257e-04 
3.022571e-10 9.424431e-04 
3.026930e-10 9.431399e-04 
3.031288e-10 9.433057e-04 
3.035647e-10 9.429304e-04 
3.040005e-10 9.420048e-04 
3.044363e-10 9.405201e-04 
3.048722e-10 9.384683e-04 
3.053080e-10 9.358419e-04 
3.057439e-10 9.326341e-04 
3.061797e-10 9.288389e-04 
3.066156e-10 9.244506e-04 
3.070514e-10 9.194643e-04 
3.074872e-10 9.138760e-04 
3.079231e-10 9.076820e-04 
3.083589e-10 9.008794e-04 
3.087948e-10 8.934660e-04 
3.092306e-10 8.854403e-04 
3.096665e-10 8.768012e-04 
3.101023e-10 8.675486e-04 
3.105381e-10 8.576831e-04 
3.109740e-10 8.472058e-04 
3.114098e-10 8.361187e-04 
3.118457e-10 8.244244e-04 
3.122815e-10 8.121265e-04 
3.127174e-10 7.992292e-04 
3.131532e-10 7.857375e-04 
3.135890e-10 7.716575e-04 
3.140249e-10 7.569959e-04 
3.144607e-10 7.417604e-04 
3.148966e-10 7.259595e-04 
3.153324e-10 7.096030e-04 
3.157683e-10 6.927013e-04 
3.162041e-10 6.752661e-04 
3.166400e-10 6.573099e-04 
3.170758e-10 6.388465e-04 
3.175116e-10 6.198906e-04 
3.179475e-10 6.004582e-04 
3.183833e-10 5.805664e-04 
3.188192e-10 5.602333e-04 
3.192550e-10 5.394783e-04 
3.196909e-10 5.183220e-04 
3.201267e-10 4.967861e-04 
3.205625e-10 4.748935e-04 
3.209984e-10 4.526683e-04 
3.214342e-10 4.301358e-04 
3.218701e-10 4.073224e-04 
3.223059e-10 3.842555e-04 
3.227418e-10 3.609637e-04 
3.231776e-10 3.374766e-04 
3.236134e-10 3.138249e-04 
3.240493e-10 2.900402e-04 
3.244851e-10 2.661549e-04 
3.249210e-10 2.422023e-04 
3.253568e-10 2.182164e-04 
3.257927e-10 1.942320e-04 
3.262285e-10 1.702843e-04 
3.266643e-10 1.464092e-04 
3.271002e-10 1.226428e-04 
3.275360e-10 9.902176e-05 
3.279719e-10 7.558271e-05 
3.284077e-10 5.236248e-05 
3.288436e-10 2.939788e-05 
3.292794e-10 6.725586e-06 
3.297152e-10 -1.561798e-05 
3.301511e-10 -3.759676e-05 
3.305869e-10 -5.917517e-05 
3.310228e-10 -8.031823e-05 
3.314586e-10 -1.009917e-04 
3.318945e-10 -1.211621e-04 
3.323303e-10 -1.407971e-04 
3.327661e-10 -1.598651e-04 
3.332020e-10 -1.783361e-04 
3.336378e-10 -1.961810e-04 
3.340737e-10 -2.133723e-04 
3.345095e-10 -2.298840e-04 
3.349454e-10 -2.456915e-04 
3.353812e-10 -2.607721e-04 
3.358170e-10 -2.751047e-04 
3.362529e-10 -2.886701e-04 
3.366887e-10 -3.014508e-04 
3.371246e-10 -3.134315e-04 
3.375604e-10 -3.245986e-04 
3.379963e-10 -3.349410e-04 
3.384321e-10 -3.444491e-04 
3.388679e-10 -3.531159e-04 
3.393038e-10 -3.609361e-04 
3.397396e-10 -3.679069e-04 
3.401755e-10 -3.740273e-04 
3.406113e-10 -3.792986e-04 
3.410472e-10 -3.837242e-04 
3.414830e-10 -3.873095e-04 
3.419188e-10 -3.900619e-04 
3.423547e-10 -3.919909e-04 
3.427905e-10 -3.931079e-04 
3.432264e-10 -3.934261e-04 
3.436622e-10 -3.929609e-04 
3.440981e-10 -3.917289e-04 
3.445339e-10 -3.897488e-04 
3.449697e-10 -3.870408e-04 
3.454056e-10 -3.836266e-04 
3.458414e-10 -3.795293e-04 
3.462773e-10 -3.747734e-04 
3.467131e-10 -3.693846e-04 
3.471490e-10 -3.633898e-04 
3.475848e-10 -3.568169e-04 
3.480206e-10 -3.496948e-04 
3.484565e-10 -3.420531e-04 
3.488923e-10 -3.339222e-04 
3.493282e-10 -3.253332e-04 
3.497640e-10 -3.163177e-04 
3.501999e-10 -3.069075e-04 
3.506357e-10 -2.971350e-04 
3.510715e-10 -2.870326e-04 
3.515074e-10 -2.766329e-04 
3.519432e-10 -2.659685e-04 
3.523791e-10 -2.550719e-04 
3.528149e-10 -2.439753e-04 
3.532508e-10 -2.327108e-04 
3.536866e-10 -2.213100e-04 
3.541224e-10 -2.098042e-04 
3.545583e-10 -1.982238e-04 
3.549941e-10 -1.865991e-04 
3.554300e-10 -1.749593e-04 
3.558658e-10 -1.633331e-04 
3.563017e-10 -1.517482e-04 
3.567375e-10 -1.402316e-04 
3.571734e-10 -1.288093e-04 
3.576092e-10 -1.175061e-04 
3.580450e-10 -1.063462e-04 
3.584809e-10 -9.535238e-05 
3.589167e-10 -8.454644e-05 
3.593526e-10 -7.394905e-05 
3.597884e-10 -6.357971e-05 
3.602243e-10 -5.345674e-05 
3.606601e-10 -4.359727e-05 
3.610959e-10 -3.401721e-05 
3.615318e-10 -2.473128e-05 
3.619676e-10 -1.575297e-05 
3.624035e-10 -7.094586e-06 
3.628393e-10 1.232786e-06 
3.632752e-10 9.219230e-06 
3.637110e-10 1.685600e-05 
3.641468e-10 2.413549e-05 
3.645827e-10 3.105121e-05 
3.650185e-10 3.759779e-05 
3.654544e-10 4.377086e-05 
3.658902e-10 4.956714e-05 
3.663261e-10 5.498429e-05 
3.667619e-10 6.002092e-05 
3.671977e-10 6.467658e-05 
3.676336e-10 6.895165e-05 
3.680694e-10 7.284734e-05 
3.685053e-10 7.636565e-05 
3.689411e-10 7.950930e-05 
3.693770e-10 8.228171e-05 
3.698128e-10 8.468695e-05 
3.702486e-10 8.672969e-05 
3.706845e-10 8.841520e-05 
3.711203e-10 8.974923e-05 
3.715562e-10 9.073809e-05 
3.719920e-10 9.138850e-05 
3.724279e-10 9.170766e-05 
3.728637e-10 9.170316e-05 
3.732995e-10 9.138298e-05 
3.737354e-10 9.075545e-05 
3.741712e-10 8.982928e-05 
3.746071e-10 8.861349e-05 
3.750429e-10 8.711744e-05 
3.754788e-10 8.535081e-05 
3.759146e-10 8.332356e-05 
3.763504e-10 8.104599e-05 
3.767863e-10 7.852870e-05 
3.772221e-10 7.578260e-05 
3.776580e-10 7.281890e-05 
3.780938e-10 6.964916e-05 
3.785297e-10 6.628522e-05 
3.789655e-10 6.273927e-05 
3.794013e-10 5.902383e-05 
3.798372e-10 5.515176e-05 
3.802730e-10 5.113623e-05 
3.807089e-10 4.699078e-05 
3.811447e-10 4.272926e-05 
3.815806e-10 3.836587e-05 
3.820164e-10 3.391513e-05 
3.824522e-10 2.939186e-05 
3.828881e-10 2.481119e-05 
3.833239e-10 2.018854e-05 
3.837598e-10 1.553957e-05 
3.841956e-10 1.088017e-05 
3.846315e-10 6.226452e-06 
3.850673e-10 1.594668e-06 
3.855031e-10 -2.998795e-06 
3.859390e-10 -7.537475e-06 
3.863748e-10 -1.200488e-05 
3.868107e-10 -1.638452e-05 
3.872465e-10 -2.066001e-05 
3.876824e-10 -2.481509e-05 
3.881182e-10 -2.883367e-05 
3.885540e-10 -3.269993e-05 
3.889899e-10 -3.639840e-05 
3.894257e-10 -3.991394e-05 
3.898616e-10 -4.323189e-05 
3.902974e-10 -4.633812e-05 
3.907333e-10 -4.921903e-05 
3.911691e-10 -5.186169e-05 
3.916049e-10 -5.425387e-05 
3.920408e-10 -5.638408e-05 
3.924766e-10 -5.824164e-05 
3.929125e-10 -5.981673e-05 
3.933483e-10 -6.110043e-05 
3.937842e-10 -6.208475e-05 
3.942200e-10 -6.276270e-05 
3.946559e-10 -6.312826e-05 
3.950917e-10 -6.317647e-05 
3.955275e-10 -6.290338e-05 
3.959634e-10 -6.230613e-05 
3.963992e-10 -6.138290e-05 
3.968351e-10 -6.013292e-05 
3.972709e-10 -5.855650e-05 
3.977068e-10 -5.665495e-05 
3.981426e-10 -5.443063e-05 
3.985784e-10 -5.188686e-05 
3.990143e-10 -4.902797e-05 
3.994501e-10 -4.585917e-05 
3.998860e-10 -4.238659e-05 
4.003218e-10 -3.861720e-05 
4.007577e-10 -3.455877e-05 
4.011935e-10 -3.021983e-05 
4.016293e-10 -2.560958e-05 
4.020652e-10 -2.073792e-05 
4.025010e-10 -1.561529e-05 
4.029369e-10 -1.025270e-05 
4.033727e-10 -4.661635e-06 
4.038086e-10 1.146012e-06 
4.042444e-10 7.157963e-06 
4.046802e-10 1.336163e-05 
4.051161e-10 1.974418e-05 
4.055519e-10 2.629254e-05 
4.059878e-10 3.299351e-05 
4.064236e-10 3.983376e-05 
4.068595e-10 4.679992e-05 
4.072953e-10 5.387857e-05 
4.077311e-10 6.105634e-05 
4.081670e-10 6.831989e-05 
4.086028e-10 7.565600e-05 
4.090387e-10 8.305157e-05 
4.094745e-10 9.049364e-05 
4.099104e-10 9.796945e-05 
4.103462e-10 1.054664e-04 
4.107820e-10 1.129723e-04 
4.112179e-10 1.204750e-04 
4.116537e-10 1.279626e-04 
4.120896e-10 1.354238e-04 
4.125254e-10 1.428472e-04 
4.129613e-10 1.502219e-04 
4.133971e-10 1.575374e-04 
4.138329e-10 1.647834e-04 
4.142688e-10 1.719500e-04 
4.147046e-10 1.790277e-04 
4.151405e-10 1.860071e-04 
4.155763e-10 1.928795e-04 
4.160122e-10 1.996364e-04 
4.164480e-10 2.062696e-04 
4.168838e-10 2.127713e-04 
4.173197e-10 2.191342e-04 
4.177555e-10 2.253513e-04 
4.181914e-10 2.314159e-04 
4.186272e-10 2.373217e-04 
4.190631e-10 2.430629e-04 
4.194989e-10 2.486341e-04 
4.199347e-10 2.540301e-04 
4.203706e-10 2.592462e-04 
4.208064e-10 2.642782e-04 
4.212423e-10 2.691221e-04 
4.216781e-10 2.737745e-04 
4.221140e-10 2.782322e-04 
4.225498e-10 2.824926e-04 
4.229856e-10 2.865534e-04 
4.234215e-10 2.904129e-04 
4.238573e-10 2.940695e-04 
4.242932e-10 2.975224e-04 
4.247290e-10 3.007709e-04 
4.251649e-10 3.038149e-04 
4.256007e-10 3.066549e-04 
4.260365e-10 3.092916e-04 
4.264724e-10 3.117263e-04 
4.269082e-10 3.139606e-04 
4.273441e-10 3.159969e-04 
4.277799e-10 3.178376e-04 
4.282158e-10 3.194860e-04 
4.286516e-10 3.209458e-04 
4.290874e-10 3.222209e-04 
4.295233e-10 3.233162e-04 
4.299591e-10 3.242365e-04 
4.303950e-10 3.249876e-04 
4.308308e-10 3.255756e-04 
4.312667e-10 3.260071e-04 
4.317025e-10 3.262893e-04 
4.321383e-10 3.264296e-04 
4.325742e-10 3.264364e-04 
4.330100e-10 3.263181e-04 
4.334459e-10 3.260839e-04 
4.338817e-10 3.257434e-04 
4.343176e-10 3.253067e-04 
4.347534e-10 3.247842e-04 
4.351893e-10 3.241869e-04 
4.356251e-10 3.235262e-04 
4.360609e-10 3.228139e-04 
4.364968e-10 3.220621e-04 
4.369326e-10 3.212833e-04 
4.373685e-10 3.204905e-04 
4.378043e-10 3.196968e-04 
4.382402e-10 3.189156e-04 
4.386760e-10 3.181606e-04 
4.391118e-10 3.174456e-04 
4.395477e-10 3.167847e-04 
4.399835e-10 3.161919e-04 
4.404194e-10 3.156815e-04 
4.408552e-10 3.152676e-04 
4.412911e-10 3.149646e-04 
4.417269e-10 3.147864e-04 
4.421627e-10 3.147470e-04 
4.425986e-10 3.148603e-04 
4.430344e-10 3.151398e-04 
4.434703e-10 3.155988e-04 
4.439061e-10 3.162502e-04 
4.443420e-10 3.171066e-04 
4.447778e-10 3.181799e-04 
4.452136e-10 3.194818e-04 
4.456495e-10 3.210232e-04 
4.460853e-10 3.228145e-04 
4.465212e-10 3.248655e-04 
4.469570e-10 3.271850e-04 
4.473929e-10 3.297814e-04 
4.478287e-10 3.326621e-04 
4.482645e-10 3.358335e-04 
4.487004e-10 3.393015e-04 
4.491362e-10 3.430706e-04 
4.495721e-10 3.471447e-04 
4.500079e-10 3.515267e-04 
4.504438e-10 3.562182e-04 
4.508796e-10 3.612200e-04 
4.513154e-10 3.665319e-04 
4.517513e-10 3.721525e-04 
4.521871e-10 3.780793e-04 
4.526230e-10 3.843089e-04 
4.530588e-10 3.908367e-04 
4.534947e-10 3.976572e-04 
4.539305e-10 4.047636e-04 
4.543663e-10 4.121483e-04 
4.548022e-10 4.198027e-04 
4.552380e-10 4.277171e-04 
4.556739e-10 4.358810e-04 
4.561097e-10 4.442829e-04 
4.565456e-10 4.529104e-04 
4.569814e-10 4.617506e-04 
4.574172e-10 4.707895e-04 
4.578531e-10 4.800125e-04 
4.582889e-10 4.894045e-04 
4.587248e-10 4.989497e-04 
4.591606e-10 5.086317e-04 
4.595965e-10 5.184338e-04 
4.600323e-10 5.283390e-04 
4.604681e-10 5.383298e-04 
4.609040e-10 5.483885e-04 
4.613398e-10 5.584974e-04 
4.617757e-10 5.686385e-04 
4.622115e-10 5.787940e-04 
4.626474e-10 5.889460e-04 
4.630832e-10 5.990768e-04 
4.635190e-10 6.091688e-04 
4.639549e-10 6.192049e-04 
4.643907e-10 6.291680e-04 
4.648266e-10 6.390418e-04 
4.652624e-10 6.488101e-04 
4.656983e-10 6.584573e-04 
4.661341e-10 6.679685e-04 
4.665699e-10 6.773292e-04 
4.670058e-10 6.865257e-04 
4.674416e-10 6.955449e-04 
4.678775e-10 7.043744e-04 
4.683133e-10 7.130025e-04 
4.687492e-10 7.214184e-04 
4.691850e-10 7.296120e-04 
4.696208e-10 7.375739e-04 
4.700567e-10 7.452954e-04 
4.704925e-10 7.527687e-04 
4.709284e-10 7.599868e-04 
4.713642e-10 7.669433e-04 
4.718001e-10 7.736326e-04 
4.722359e-10 7.800497e-04 
4.726717e-10 7.861903e-04 
4.731076e-10 7.920506e-04 
4.735434e-10 7.976276e-04 
4.739793e-10 8.029187e-04 
4.744151e-10 8.079216e-04 
4.748510e-10 8.126347e-04 
4.752868e-10 8.170566e-04 
4.757227e-10 8.211861e-04 
4.761585e-10 8.250224e-04 
4.765943e-10 8.285649e-04 
4.770302e-10 8.318129e-04 
4.774660e-10 8.347660e-04 
4.779019e-10 8.374237e-04 
4.783377e-10 8.397852e-04 
4.787736e-10 8.418499e-04 
4.792094e-10 8.436169e-04 
4.796452e-10 8.450851e-04 
4.800811e-10 8.462529e-04 
4.805169e-10 8.471187e-04 
4.809528e-10 8.476803e-04 
4.813886e-10 8.479352e-04 
4.818245e-10 8.478805e-04 
4.822603e-10 8.475127e-04 
4.826961e-10 8.468280e-04 
4.831320e-10 8.458222e-04 
4.835678e-10 8.444903e-04 
4.840037e-10 8.428271e-04 
4.844395e-10 8.408269e-04 
4.848754e-10 8.384836e-04 
4.853112e-10 8.357906e-04 
4.857470e-10 8.327410e-04 
4.861829e-10 8.293274e-04 
4.866187e-10 8.255424e-04 
4.870546e-10 8.213781e-04 
4.874904e-10 8.168266e-04 
4.879263e-10 8.118797e-04 
4.883621e-10 8.065294e-04 
4.887979e-10 8.007674e-04 
4.892338e-10 7.945858e-04 
4.896696e-10 7.879768e-04 
4.901055e-10 7.809326e-04 
4.905413e-10 7.734461e-04 
4.909772e-10 7.655104e-04 
4.914130e-10 7.571192e-04 
4.918488e-10 7.482666e-04 
4.922847e-10 7.389476e-04 
4.927205e-10 7.291579e-04 
4.931564e-10 7.188938e-04 
4.935922e-10 7.081527e-04 
4.940281e-10 6.969328e-04 
4.944639e-10 6.852335e-04 
4.948997e-10 6.730552e-04 
4.953356e-10 6.603993e-04 
4.957714e-10 6.472685e-04 
4.962073e-10 6.336667e-04 
4.966431e-10 6.195990e-04 
4.970790e-10 6.050718e-04 
4.975148e-10 5.900929e-04 
4.979506e-10 5.746711e-04 
4.983865e-10 5.588168e-04 
4.988223e-10 5.425416e-04 
4.992582e-10 5.258584e-04 
4.996940e-10 5.087813e-04 
5.001299e-10 4.913257e-04 
5.005657e-10 4.735083e-04 
5.010015e-10 4.553467e-04 
5.014374e-10 4.368599e-04 
5.018732e-10 4.180680e-04 
5.023091e-10 3.989917e-04 
5.027449e-10 3.796532e-04 
5.031808e-10 3.600751e-04 
5.036166e-10 3.402812e-04 
5.040524e-10 3.202958e-04 
5.044883e-10 3.001438e-04 
5.049241e-10 2.798509e-04 
5.053600e-10 2.594431e-04 
5.057958e-10 2.389469e-04 
5.062317e-10 2.183891e-04 
5.066675e-10 1.977966e-04 
5.071033e-10 1.771966e-04 
5.075392e-10 1.566162e-04 
5.079750e-10 1.360826e-04 
5.084109e-10 1.156227e-04 
5.088467e-10 9.526348e-05 
5.092826e-10 7.503128e-05 
5.097184e-10 5.495230e-05 
5.101542e-10 3.505221e-05 
5.105901e-10 1.535620e-05 
5.110259e-10 -4.111157e-06 
5.114618e-10 -2.332591e-05 
5.118976e-10 -4.226485e-05 
5.123335e-10 -6.090549e-05 
5.127693e-10 -7.922619e-05 
5.132052e-10 -9.720617e-05 
5.136410e-10 -1.148255e-04 
5.140768e-10 -1.320654e-04 
5.145127e-10 -1.489077e-04 
5.149485e-10 -1.653354e-04 
5.153844e-10 -1.813327e-04 
5.158202e-10 -1.968846e-04 
5.162561e-10 -2.119771e-04 
5.166919e-10 -2.265975e-04 
5.171277e-10 -2.407339e-04 
5.175636e-10 -2.543756e-04 
5.179994e-10 -2.675128e-04 
5.184353e-10 -2.801368e-04 
5.188711e-10 -2.922398e-04 
5.193070e-10 -3.038153e-04 
5.197428e-10 -3.148573e-04 
5.201786e-10 -3.253611e-04 
5.206145e-10 -3.353227e-04 
5.210503e-10 -3.447389e-04 
5.214862e-10 -3.536076e-04 
5.219220e-10 -3.619273e-04 
5.223579e-10 -3.696972e-04 
5.227937e-10 -3.769173e-04 
5.232295e-10 -3.835883e-04 
5.236654e-10 -3.897114e-04 
5.241012e-10 -3.952885e-04 
5.245371e-10 -4.003220e-04 
5.249729e-10 -4.048147e-04 
5.254088e-10 -4.087699e-04 
5.258446e-10 -4.121915e-04 
5.262804e-10 -4.150836e-04 
5.267163e-10 -4.174506e-04 
5.271521e-10 -4.192973e-04 
5.275880e-10 -4.206287e-04 
5.280238e-10 -4.214502e-04 
5.284597e-10 -4.217673e-04 
5.288955e-10 -4.215857e-04 
5.293313e-10 -4.209112e-04 
5.297672e-10 -4.197501e-04 
5.302030e-10 -4.181085e-04 
5.306389e-10 -4.159929e-04 
5.310747e-10 -4.134097e-04 
5.315106e-10 -4.103657e-04 
5.319464e-10 -4.068678e-04 
5.323822e-10 -4.029229e-04 
5.328181e-10 -3.985383e-04 
5.332539e-10 -3.937213e-04 
5.336898e-10 -3.884796e-04 
5.341256e-10 -3.828210e-04 
5.345615e-10 -3.767536e-04 
5.349973e-10 -3.702858e-04 
5.354331e-10 -3.634263e-04 
5.358690e-10 -3.561842e-04 
5.363048e-10 -3.485689e-04 
5.367407e-10 -3.405902e-04 
5.371765e-10 -3.322584e-04 
5.376124e-10 -3.235842e-04 
5.380482e-10 -3.145789e-04 
5.384840e-10 -3.052543e-04 
5.389199e-10 -2.956227e-04 
5.393557e-10 -2.856969e-04 
5.397916e-10 -2.754906e-04 
5.402274e-10 -2.650178e-04 
5.406633e-10 -2.542933e-04 
5.410991e-10 -2.433325e-04 
5.415349e-10 -2.321515e-04 
5.419708e-10 -2.207670e-04 
5.424066e-10 -2.091963e-04 
5.428425e-10 -1.974575e-04 
5.432783e-10 -1.855691e-04 
5.437142e-10 -1.735504e-04 
5.441500e-10 -1.614211e-04 
5.445858e-10 -1.492016e-04 
5.450217e-10 -1.369127e-04 
5.454575e-10 -1.245756e-04 
5.458934e-10 -1.122121e-04 
5.463292e-10 -9.984409e-05 
5.467651e-10 -8.749397e-05 
5.472009e-10 -7.518424e-05 
5.476367e-10 -6.293758e-05 
5.480726e-10 -5.077676e-05 
5.485084e-10 -3.872454e-05 
5.489443e-10 -2.680361e-05 
5.493801e-10 -1.503651e-05 
5.498160e-10 -3.445515e-06 
5.502518e-10 7.947393e-06 
5.506876e-10 1.912066e-05 
5.511235e-10 3.005321e-05 
5.515593e-10 4.072455e-05 
5.519952e-10 5.111484e-05 
5.524310e-10 6.120495e-05 
5.528669e-10 7.097658e-05 
5.533027e-10 8.041230e-05 
5.537386e-10 8.949562e-05 
5.541744e-10 9.821104e-05 
5.546102e-10 1.065441e-04 
5.550461e-10 1.144816e-04 
5.554819e-10 1.220113e-04 
5.559178e-10 1.291221e-04 
5.563536e-10 1.358045e-04 
5.567895e-10 1.420499e-04 
5.572253e-10 1.478511e-04 
5.576611e-10 1.532020e-04 
5.580970e-10 1.580981e-04 
5.585328e-10 1.625360e-04 
5.589687e-10 1.665134e-04 
5.594045e-10 1.700296e-04 
5.598404e-10 1.730848e-04 
5.602762e-10 1.756806e-04 
5.607120e-10 1.778196e-04 
5.611479e-10 1.795056e-04 
5.615837e-10 1.807436e-04 
5.620196e-10 1.815393e-04 
5.624554e-10 1.818997e-04 
5.628913e-10 1.818324e-04 
5.633271e-10 1.813461e-04 
5.637629e-10 1.804501e-04 
5.641988e-10 1.791546e-04 
5.646346e-10 1.774703e-04 
5.650705e-10 1.754086e-04 
5.655063e-10 1.729813e-04 
5.659422e-10 1.702008e-04 
5.663780e-10 1.670800e-04 
5.668138e-10 1.636318e-04 
5.672497e-10 1.598696e-04 
5.676855e-10 1.558072e-04 
5.681214e-10 1.514584e-04 
5.685572e-10 1.468370e-04 
5.689931e-10 1.419571e-04 
5.694289e-10 1.368328e-04 
5.698647e-10 1.314783e-04 
5.703006e-10 1.259075e-04 
5.707364e-10 1.201346e-04 
5.711723e-10 1.141734e-04 
5.716081e-10 1.080378e-04 
5.720440e-10 1.017416e-04 
5.724798e-10 9.529838e-05 
5.729156e-10 8.872154e-05 
5.733515e-10 8.202440e-05 
5.737873e-10 7.522012e-05 
5.742232e-10 6.832167e-05 
5.746590e-10 6.134188e-05 
5.750949e-10 5.429340e-05 
5.755307e-10 4.718870e-05 
5.759665e-10 4.004013e-05 
5.764024e-10 3.285984e-05 
5.768382e-10 2.565986e-05 
5.772741e-10 1.845203e-05 
5.777099e-10 1.124809e-05 
5.781458e-10 4.059587e-06 
5.785816e-10 -3.102055e-06 
5.790174e-10 -1.022556e-05 
5.794533e-10 -1.729981e-05 
5.798891e-10 -2.431381e-05 
5.803250e-10 -3.125676e-05 
5.807608e-10 -3.811799e-05 
5.811967e-10 -4.488701e-05 
5.816325e-10 -5.155350e-05 
5.820683e-10 -5.810736e-05 
5.825042e-10 -6.453866e-05 
5.829400e-10 -7.083772e-05 
5.833759e-10 -7.699508e-05 
5.838117e-10 -8.300155e-05 
5.842476e-10 -8.884821e-05 
5.846834e-10 -9.452646e-05 
5.851192e-10 -1.000280e-04 
5.855551e-10 -1.053449e-04 
5.859909e-10 -1.104695e-04 
5.864268e-10 -1.153948e-04 
5.868626e-10 -1.201138e-04 
5.872985e-10 -1.246204e-04 
5.877343e-10 -1.289087e-04 
5.881701e-10 -1.329734e-04 
5.886060e-10 -1.368095e-04 
5.890418e-10 -1.404128e-04 
5.894777e-10 -1.437795e-04 
5.899135e-10 -1.469065e-04 
5.903494e-10 -1.497912e-04 
5.907852e-10 -1.524316e-04 
5.912211e-10 -1.548264e-04 
5.916569e-10 -1.569747e-04 
5.920927e-10 -1.588765e-04 
5.925286e-10 -1.605323e-04 
5.929644e-10 -1.619433e-04 
5.934003e-10 -1.631113e-04 
5.938361e-10 -1.640386e-04 
5.942720e-10 -1.647284e-04 
5.947078e-10 -1.651843e-04 
5.951436e-10 -1.654106e-04 
5.955795e-10 -1.654122e-04 
5.960153e-10 -1.651944e-04 
5.964512e-10 -1.647634e-04 
5.968870e-10 -1.641255e-04 
5.973229e-10 -1.632878e-04 
5.977587e-10 -1.622578e-04 
5.981945e-10 -1.610434e-04 
5.986304e-10 -1.596530e-04 
5.990662e-10 -1.580952e-04 
5.995021e-10 -1.563791e-04 
5.999379e-10 -1.545142e-04 
6.003738e-10 -1.525100e-04 
6.008096e-10 -1.503764e-04 
6.012454e-10 -1.481234e-04 
6.016813e-10 -1.457613e-04 
6.021171e-10 -1.433004e-04 
6.025530e-10 -1.407510e-04 
6.029888e-10 -1.381236e-04 
6.034247e-10 -1.354285e-04 
6.038605e-10 -1.326760e-04 
6.042963e-10 -1.298765e-04 
6.047322e-10 -1.270399e-04 
6.051680e-10 -1.241762e-04 
6.056039e-10 -1.212952e-04 
6.060397e-10 -1.184062e-04 
6.064756e-10 -1.155185e-04 
6.069114e-10 -1.126408e-04 
6.073472e-10 -1.097818e-04 
6.077831e-10 -1.069495e-04 
6.082189e-10 -1.041517e-04 
6.086548e-10 -1.013956e-04 
6.090906e-10 -9.868825e-05 
6.095265e-10 -9.603590e-05 
6.099623e-10 -9.344449e-05 
6.103981e-10 -9.091943e-05 
6.108340e-10 -8.846560e-05 
6.112698e-10 -8.608741e-05 
6.117057e-10 -8.378869e-05 
6.121415e-10 -8.157278e-05 
6.125774e-10 -7.944250e-05 
6.130132e-10 -7.740012e-05 
6.134490e-10 -7.544743e-05 
6.138849e-10 -7.358568e-05 
6.143207e-10 -7.181565e-05 
6.147566e-10 -7.013765e-05 
6.151924e-10 -6.855151e-05 
6.156283e-10 -6.705664e-05 
6.160641e-10 -6.565201e-05 
6.164999e-10 -6.433623e-05 
6.169358e-10 -6.310751e-05 
6.173716e-10 -6.196375e-05 
6.178075e-10 -6.090253e-05 
6.182433e-10 -5.992117e-05 
6.186792e-10 -5.901672e-05 
6.191150e-10 -5.818606e-05 
6.195508e-10 -5.742585e-05 
6.199867e-10 -5.673266e-05 
6.204225e-10 -5.610291e-05 
6.208584e-10 -5.553297e-05 
6.212942e-10 -5.501918e-05 
6.217301e-10 -5.455785e-05 
6.221659e-10 -5.414535e-05 
6.226017e-10 -5.377808e-05 
6.230376e-10 -5.345255e-05 
6.234734e-10 -5.316538e-05 
6.239093e-10 -5.291332e-05 
6.243451e-10 -5.269331e-05 
6.247810e-10 -5.250247e-05 
6.252168e-10 -5.233811e-05 
6.256526e-10 -5.219780e-05 
6.260885e-10 -5.207932e-05 
6.265243e-10 -5.198072e-05 
6.269602e-10 -5.190031e-05 
6.273960e-10 -5.183667e-05 
6.278319e-10 -5.178865e-05 
6.282677e-10 -5.175537e-05 
6.287035e-10 -5.173625e-05 
6.291394e-10 -5.173095e-05 
6.295752e-10 -5.173942e-05 
6.300111e-10 -5.176188e-05 
6.304469e-10 -5.179876e-05 
6.308828e-10 -5.185078e-05 
6.313186e-10 -5.191885e-05 
6.317545e-10 -5.200412e-05 
6.321903e-10 -5.210792e-05 
6.326261e-10 -5.223177e-05 
6.330620e-10 -5.237735e-05 
6.334978e-10 -5.254650e-05 
6.339337e-10 -5.274117e-05 
6.343695e-10 -5.296344e-05 
6.348054e-10 -5.321546e-05 
6.352412e-10 -5.349948e-05 
6.356770e-10 -5.381776e-05 
6.361129e-10 -5.417265e-05 
6.365487e-10 -5.456647e-05 
6.369846e-10 -5.500158e-05 
6.374204e-10 -5.548029e-05 
6.378563e-10 -5.600490e-05 
6.382921e-10 -5.657767e-05 
6.387279e-10 -5.720078e-05 
6.391638e-10 -5.787636e-05 
6.395996e-10 -5.860643e-05 
6.400355e-10 -5.939294e-05 
6.404713e-10 -6.023772e-05 
6.409072e-10 -6.114249e-05 
6.413430e-10 -6.210885e-05 
6.417788e-10 -6.313827e-05 
6.422147e-10 -6.423207e-05 
6.426505e-10 -6.539145e-05 
6.430864e-10 -6.661745e-05 
6.435222e-10 -6.791095e-05 
6.439581e-10 -6.927269e-05 
6.443939e-10 -7.070325e-05 
6.448297e-10 -7.220302e-05 
6.452656e-10 -7.377226e-05 
6.457014e-10 -7.541104e-05 
6.461373e-10 -7.711927e-05 
6.465731e-10 -7.889666e-05 
6.470090e-10 -8.074278e-05 
6.474448e-10 -8.265701e-05 
6.478806e-10 -8.463853e-05 
6.483165e-10 -8.668637e-05 
6.487523e-10 -8.879934e-05 
6.491882e-10 -9.097611e-05 
6.496240e-10 -9.321511e-05 
6.500599e-10 -9.551462e-05 
6.504957e-10 -9.787271e-05 
6.509315e-10 -1.002873e-04 
6.513674e-10 -1.027560e-04 
6.518032e-10 -1.052763e-04 
6.522391e-10 -1.078455e-04 
6.526749e-10 -1.104607e-04 
6.531108e-10 -1.131188e-04 
6.535466e-10 -1.158165e-04 
6.539824e-10 -1.185502e-04 
6.544183e-10 -1.213163e-04 
6.548541e-10 -1.241107e-04 
6.552900e-10 -1.269294e-04 
6.557258e-10 -1.297680e-04 
6.561617e-10 -1.326221e-04 
6.565975e-10 -1.354868e-04 
6.570333e-10 -1.383573e-04 
6.574692e-10 -1.412285e-04 
6.579050e-10 -1.440951e-04 
6.583409e-10 -1.469516e-04 
6.587767e-10 -1.497924e-04 
6.592126e-10 -1.526118e-04 
6.596484e-10 -1.554037e-04 
6.600842e-10 -1.581622e-04 
6.605201e-10 -1.608810e-04 
6.609559e-10 -1.635537e-04 
6.613918e-10 -1.661739e-04 
6.618276e-10 -1.687352e-04 
6.622635e-10 -1.712308e-04 
6.626993e-10 -1.736541e-04 
6.631351e-10 -1.759983e-04 
6.635710e-10 -1.782568e-04 
6.640068e-10 -1.804227e-04 
6.644427e-10 -1.824893e-04 
6.648785e-10 -1.844499e-04 
6.653144e-10 -1.862977e-04 
6.657502e-10 -1.880262e-04 
6.661860e-10 -1.896287e-04 
6.666219e-10 -1.910990e-04 
6.670577e-10 -1.924306e-04 
6.674936e-10 -1.936176e-04 
6.679294e-10 -1.946539e-04 
6.683653e-10 -1.955338e-04 
6.688011e-10 -1.962518e-04 
6.692369e-10 -1.968027e-04 
6.696728e-10 -1.971813e-04 
6.701086e-10 -1.973831e-04 
6.705445e-10 -1.974037e-04 
6.709803e-10 -1.972389e-04 
6.714162e-10 -1.968852e-04 
6.718520e-10 -1.963393e-04 
6.722879e-10 -1.955981e-04 
6.727237e-10 -1.946592e-04 
6.731595e-10 -1.935206e-04 
6.735954e-10 -1.921806e-04 
6.740312e-10 -1.906381e-04 
6.744671e-10 -1.888923e-04 
6.749029e-10 -1.869430e-04 
6.753388e-10 -1.847906e-04 
6.757746e-10 -1.824358e-04 
6.762104e-10 -1.798798e-04 
6.766463e-10 -1.771244e-04 
6.770821e-10 -1.741719e-04 
6.775180e-10 -1.710251e-04 
6.779538e-10 -1.676872e-04 
6.783897e-10 -1.641620e-04 
6.788255e-10 -1.604537e-04 
6.792613e-10 -1.565672e-04 
6.796972e-10 -1.525074e-04 
6.801330e-10 -1.482802e-04 
6.805689e-10 -1.438915e-04 
6.810047e-10 -1.393479e-04 
6.814406e-10 -1.346562e-04 
6.818764e-10 -1.298238e-04 
6.823122e-10 -1.248581e-04 
6.827481e-10 -1.197672e-04 
6.831839e-10 -1.145593e-04 
6.836198e-10 -1.092430e-04 
6.840556e-10 -1.038270e-04 
6.844915e-10 -9.832026e-05 
6.849273e-10 -9.273205e-05 
6.853631e-10 -8.707168e-05 
6.857990e-10 -8.134863e-05 
6.862348e-10 -7.557245e-05 
6.866707e-10 -6.975280e-05 
6.871065e-10 -6.389932e-05 
6.875424e-10 -5.802168e-05 
6.879782e-10 -5.212953e-05 
6.884140e-10 -4.623244e-05 
6.888499e-10 -4.033989e-05 
6.892857e-10 -3.446123e-05 
6.897216e-10 -2.860569e-05 
6.901574e-10 -2.278230e-05 
6.905933e-10 -1.699988e-05 
6.910291e-10 -1.126705e-05 
6.914649e-10 -5.592161e-06 
6.919008e-10 1.670885e-08 
6.923366e-10 5.551766e-06 
6.927725e-10 1.100553e-05 
6.932083e-10 1.637083e-05 
6.936442e-10 2.164086e-05 
6.940800e-10 2.680914e-05 
6.945158e-10 3.186954e-05 
6.949517e-10 3.681632e-05 
6.953875e-10 4.164409e-05 
6.958234e-10 4.634784e-05 
6.962592e-10 5.092292e-05 
6.966951e-10 5.536505e-05 
6.971309e-10 5.967032e-05 
6.975667e-10 6.383517e-05 
6.980026e-10 6.785640e-05 
6.984384e-10 7.173114e-05 
6.988743e-10 7.545685e-05 
6.993101e-10 7.903130e-05 
6.997460e-10 8.245257e-05 
7.001818e-10 8.571903e-05 
7.006176e-10 8.882929e-05 
7.010535e-10 9.178224e-05 
7.014893e-10 9.457699e-05 
7.019252e-10 9.721288e-05 
7.023610e-10 9.968942e-05 
7.027969e-10 1.020063e-04 
7.032327e-10 1.041635e-04 
7.036685e-10 1.061609e-04 
7.041044e-10 1.079987e-04 
7.045402e-10 1.096771e-04 
7.049761e-10 1.111966e-04 
7.054119e-10 1.125575e-04 
7.058478e-10 1.137604e-04 
7.062836e-10 1.148059e-04 
7.067194e-10 1.156946e-04 
7.071553e-10 1.164272e-04 
7.075911e-10 1.170045e-04 
7.080270e-10 1.174272e-04 
7.084628e-10 1.176962e-04 
7.088987e-10 1.178123e-04 
7.093345e-10 1.177765e-04 
7.097704e-10 1.175897e-04 
7.102062e-10 1.172529e-04 
7.106420e-10 1.167673e-04 
7.110779e-10 1.161340e-04 
7.115137e-10 1.153542e-04 
7.119496e-10 1.144292e-04 
7.123854e-10 1.133605e-04 
7.128213e-10 1.121497e-04 
7.132571e-10 1.107982e-04 
7.136929e-10 1.093081e-04 
7.141288e-10 1.076811e-04 
7.145646e-10 1.059195e-04 
7.150005e-10 1.040255e-04 
7.154363e-10 1.020016e-04 
7.158722e-10 9.985037e-05 
7.163080e-10 9.757472e-05 
7.167438e-10 9.517771e-05 
7.171797e-10 9.266260e-05 
7.176155e-10 9.003288e-05 
7.180514e-10 8.729225e-05 
7.184872e-10 8.444464e-05 
7.189231e-10 8.149417e-05 
7.193589e-10 7.844520e-05 
7.197947e-10 7.530229e-05 
7.202306e-10 7.207018e-05 
7.206664e-10 6.875382e-05 
7.211023e-10 6.535834e-05 
7.215381e-10 6.188902e-05 
7.219740e-10 5.835131e-05 
7.224098e-10 5.475077e-05 
7.228456e-10 5.109312e-05 
7.232815e-10 4.738415e-05 
7.237173e-10 4.362973e-05 
7.241532e-10 3.983583e-05 
7.245890e-10 3.600843e-05 
7.250249e-10 3.215355e-05 
7.254607e-10 2.827721e-05 
7.258965e-10 2.438542e-05 
7.263324e-10 2.048416e-05 
7.267682e-10 1.657936e-05 
7.272041e-10 1.267688e-05 
7.276399e-10 8.782489e-06 
7.280758e-10 4.901873e-06 
7.285116e-10 1.040599e-06 
7.289474e-10 -2.795888e-06 
7.293833e-10 -6.602274e-06 
7.298191e-10 -1.037339e-05 
7.302550e-10 -1.410420e-05 
7.306908e-10 -1.778985e-05 
7.311267e-10 -2.142560e-05 
7.315625e-10 -2.500691e-05 
7.319983e-10 -2.852937e-05 
7.324342e-10 -3.198873e-05 
7.328700e-10 -3.538089e-05 
7.333059e-10 -3.870191e-05 
7.337417e-10 -4.194799e-05 
7.341776e-10 -4.511545e-05 
7.346134e-10 -4.820076e-05 
7.350492e-10 -5.120051e-05 
7.354851e-10 -5.411139e-05 
7.359209e-10 -5.693023e-05 
7.363568e-10 -5.965392e-05 
7.367926e-10 -6.227948e-05 
7.372285e-10 -6.480401e-05 
7.376643e-10 -6.722469e-05 
7.381001e-10 -6.953877e-05 
7.385360e-10 -7.174361e-05 
7.389718e-10 -7.383661e-05 
7.394077e-10 -7.581526e-05 
7.398435e-10 -7.767714e-05 
7.402794e-10 -7.941989e-05 
7.407152e-10 -8.104126e-05 
7.411510e-10 -8.253907e-05 
7.415869e-10 -8.391125e-05 
7.420227e-10 -8.515585e-05 
7.424586e-10 -8.627103e-05 
7.428944e-10 -8.725508e-05 
7.433303e-10 -8.810646e-05 
7.437661e-10 -8.882378e-05 
7.442019e-10 -8.940583e-05 
7.446378e-10 -8.985159e-05 
7.450736e-10 -9.016027e-05 
7.455095e-10 -9.033130e-05 
7.459453e-10 -9.036435e-05 
7.463812e-10 -9.025937e-05 
7.468170e-10 -9.001657e-05 
7.472528e-10 -8.963647e-05 
7.476887e-10 -8.911990e-05 
7.481245e-10 -8.846798e-05 
7.485604e-10 -8.768220e-05 
7.489962e-10 -8.676436e-05 
7.494321e-10 -8.571663e-05 
7.498679e-10 -8.454149e-05 
7.503038e-10 -8.324182e-05 
7.507396e-10 -8.182082e-05 
7.511754e-10 -8.028205e-05 
7.516113e-10 -7.862940e-05 
7.520471e-10 -7.686710e-05 
7.524830e-10 -7.499971e-05 
7.529188e-10 -7.303207e-05 
7.533547e-10 -7.096935e-05 
7.537905e-10 -6.881695e-05 
7.542263e-10 -6.658055e-05 
7.546622e-10 -6.426604e-05 
7.550980e-10 -6.187953e-05 
7.555339e-10 -5.942729e-05 
7.559697e-10 -5.691573e-05 
7.564056e-10 -5.435140e-05 
7.568414e-10 -5.174092e-05 
7.572772e-10 -4.909098e-05 
7.577131e-10 -4.640828e-05 
7.581489e-10 -4.369954e-05 
7.585848e-10 -4.097143e-05 
7.590206e-10 -3.823056e-05 
7.594565e-10 -3.548346e-05 
7.598923e-10 -3.273653e-05 
7.603281e-10 -2.999603e-05 
7.607640e-10 -2.726808e-05 
7.611998e-10 -2.455857e-05 
7.616357e-10 -2.187323e-05 
7.620715e-10 -1.921755e-05 
7.625074e-10 -1.659679e-05 
7.629432e-10 -1.401595e-05 
7.633790e-10 -1.147982e-05 
7.638149e-10 -8.992890e-06 
7.642507e-10 -6.559410e-06 
7.646866e-10 -4.183366e-06 
7.651224e-10 -1.868487e-06 
7.655583e-10 3.817479e-07 
7.659941e-10 2.564108e-06 
7.664299e-10 4.675596e-06 
7.668658e-10 6.713440e-06 
7.673016e-10 8.675076e-06 
7.677375e-10 1.055814e-05 
7.681733e-10 1.236045e-05 
7.686092e-10 1.407998e-05 
7.690450e-10 1.571486e-05 
7.694808e-10 1.726336e-05 
7.699167e-10 1.872383e-05 
7.703525e-10 2.009476e-05 
7.707884e-10 2.137469e-05 
7.712242e-10 2.256222e-05 
7.716601e-10 2.365603e-05 
7.720959e-10 2.465482e-05 
7.725317e-10 2.555732e-05 
7.729676e-10 2.636227e-05 
7.734034e-10 2.706843e-05 
7.738393e-10 2.767455e-05 
7.742751e-10 2.817941e-05 
7.747110e-10 2.858175e-05 
7.751468e-10 2.888035e-05 
7.755826e-10 2.907397e-05 
7.760185e-10 2.916138e-05 
7.764543e-10 2.914139e-05 
7.768902e-10 2.901281e-05 
7.773260e-10 2.877450e-05 
7.777619e-10 2.842538e-05 
7.781977e-10 2.796443e-05 
7.786335e-10 2.739071e-05 
7.790694e-10 2.670338e-05 
7.795052e-10 2.590173e-05 
7.799411e-10 2.498518e-05 
7.803769e-10 2.395330e-05 
7.808128e-10 2.280583e-05 
7.812486e-10 2.154271e-05 
7.816844e-10 2.016410e-05 
7.821203e-10 1.867036e-05 
7.825561e-10 1.706211e-05 
7.829920e-10 1.534023e-05 
7.834278e-10 1.350585e-05 
7.838637e-10 1.156040e-05 
7.842995e-10 9.505571e-06 
7.847353e-10 7.343374e-06 
7.851712e-10 5.076103e-06 
7.856070e-10 2.706353e-06 
7.860429e-10 2.370160e-07 
7.864787e-10 -2.328723e-06 
7.869146e-10 -4.987394e-06 
7.873504e-10 -7.735248e-06 
7.877862e-10 -1.056827e-05 
7.882221e-10 -1.348221e-05 
7.886579e-10 -1.647256e-05 
7.890938e-10 -1.953463e-05 
7.895296e-10 -2.266350e-05 
7.899655e-10 -2.585412e-05 
7.904013e-10 -2.910128e-05 
7.908372e-10 -3.239965e-05 
7.912730e-10 -3.574381e-05 
7.917088e-10 -3.912831e-05 
7.921447e-10 -4.254764e-05 
7.925805e-10 -4.599630e-05 
7.930164e-10 -4.946882e-05 
7.934522e-10 -5.295979e-05 
7.938881e-10 -5.646390e-05 
7.943239e-10 -5.997596e-05 
7.947597e-10 -6.349089e-05 
7.951956e-10 -6.700383e-05 
7.956314e-10 -7.051009e-05 
7.960673e-10 -7.400520e-05 
7.965031e-10 -7.748493e-05 
7.969390e-10 -8.094530e-05 
7.973748e-10 -8.438262e-05 
7.978106e-10 -8.779345e-05 
7.982465e-10 -9.117468e-05 
7.986823e-10 -9.452348e-05 
7.991182e-10 -9.783732e-05 
7.995540e-10 -1.011140e-04 
7.999899e-10 -1.043516e-04 
8.004257e-10 -1.075485e-04 
8.008615e-10 -1.107034e-04 
8.012974e-10 -1.138152e-04 
8.017332e-10 -1.168832e-04 
8.021691e-10 -1.199068e-04 
8.026049e-10 -1.228859e-04 
8.030408e-10 -1.258202e-04 
8.034766e-10 -1.287101e-04 
8.039124e-10 -1.315557e-04 
8.043483e-10 -1.343575e-04 
8.047841e-10 -1.371161e-04 
8.052200e-10 -1.398323e-04 
8.056558e-10 -1.425068e-04 
8.060917e-10 -1.451405e-04 
8.065275e-10 -1.477341e-04 
8.069633e-10 -1.502885e-04 
8.073992e-10 -1.528046e-04 
8.078350e-10 -1.552831e-04 
8.082709e-10 -1.577248e-04 
8.087067e-10 -1.601302e-04 
8.091426e-10 -1.625000e-04 
8.095784e-10 -1.648345e-04 
8.100142e-10 -1.671339e-04 
8.104501e-10 -1.693984e-04 
8.108859e-10 -1.716278e-04 
8.113218e-10 -1.738221e-04 
8.117576e-10 -1.759806e-04 
8.121935e-10 -1.781029e-04 
8.126293e-10 -1.801882e-04 
8.130651e-10 -1.822355e-04 
8.135010e-10 -1.842436e-04 
8.139368e-10 -1.862113e-04 
8.143727e-10 -1.881369e-04 
8.148085e-10 -1.900189e-04 
8.152444e-10 -1.918555e-04 
8.156802e-10 -1.936446e-04 
8.161160e-10 -1.953842e-04 
8.165519e-10 -1.970720e-04 
8.169877e-10 -1.987058e-04 
8.174236e-10 -2.002831e-04 
8.178594e-10 -2.018015e-04 
8.182953e-10 -2.032585e-04 
8.187311e-10 -2.046514e-04 
8.191669e-10 -2.059778e-04 
8.196028e-10 -2.072349e-04 
8.200386e-10 -2.084203e-04 
8.204745e-10 -2.095312e-04 
8.209103e-10 -2.105653e-04 
8.213462e-10 -2.115200e-04 
8.217820e-10 -2.123929e-04 
8.222178e-10 -2.131816e-04 
8.226537e-10 -2.138839e-04 
8.230895e-10 -2.144976e-04 
8.235254e-10 -2.150206e-04 
8.239612e-10 -2.154510e-04 
8.243971e-10 -2.157868e-04 
8.248329e-10 -2.160264e-04 
8.252687e-10 -2.161680e-04 
8.257046e-10 -2.162102e-04 
8.261404e-10 -2.161517e-04 
8.265763e-10 -2.159911e-04 
8.270121e-10 -2.157273e-04 
8.274480e-10 -2.153592e-04 
8.278838e-10 -2.148862e-04 
8.283197e-10 -2.143072e-04 
8.287555e-10 -2.136218e-04 
8.291913e-10 -2.128294e-04 
8.296272e-10 -2.119296e-04 
8.300630e-10 -2.109222e-04 
8.304989e-10 -2.098069e-04 
8.309347e-10 -2.085839e-04 
8.313706e-10 -2.072531e-04 
8.318064e-10 -2.058148e-04 
8.322422e-10 -2.042693e-04 
8.326781e-10 -2.026171e-04 
8.331139e-10 -2.008589e-04 
8.335498e-10 -1.989953e-04 
8.339856e-10 -1.970272e-04 
8.344215e-10 -1.949557e-04 
8.348573e-10 -1.927819e-04 
8.352931e-10 -1.905071e-04 
8.357290e-10 -1.881327e-04 
8.361648e-10 -1.856605e-04 
8.366007e-10 -1.830922e-04 
8.370365e-10 -1.804297e-04 
8.374724e-10 -1.776751e-04 
8.379082e-10 -1.748309e-04 
8.383440e-10 -1.718994e-04 
8.387799e-10 -1.688834e-04 
8.392157e-10 -1.657857e-04 
8.396516e-10 -1.626094e-04 
8.400874e-10 -1.593576e-04 
8.405233e-10 -1.560338e-04 
8.409591e-10 -1.526416e-04 
8.413949e-10 -1.491848e-04 
8.418308e-10 -1.456672e-04 
8.422666e-10 -1.420931e-04 
8.427025e-10 -1.384667e-04 
8.431383e-10 -1.347924e-04 
8.435742e-10 -1.310747e-04 
8.440100e-10 -1.273184e-04 
8.444458e-10 -1.235283e-04 
8.448817e-10 -1.197093e-04 
8.453175e-10 -1.158663e-04 
8.457534e-10 -1.120045e-04 
8.461892e-10 -1.081289e-04 
8.466251e-10 -1.042448e-04 
8.470609e-10 -1.003572e-04 
8.474967e-10 -9.647145e-05 
8.479326e-10 -9.259262e-05 
8.483684e-10 -8.872586e-05 
8.488043e-10 -8.487625e-05 
8.492401e-10 -8.104879e-05 
8.496760e-10 -7.724842e-05 
8.501118e-10 -7.347995e-05 
8.505476e-10 -6.974808e-05 
8.509835e-10 -6.605736e-05 
8.514193e-10 -6.241222e-05 
8.518552e-10 -5.881690e-05 
8.522910e-10 -5.527547e-05 
8.527269e-10 -5.179184e-05 
8.531627e-10 -4.836968e-05 
8.535985e-10 -4.501249e-05 
8.540344e-10 -4.172355e-05 
8.544702e-10 -3.850590e-05 
8.549061e-10 -3.536239e-05 
8.553419e-10 -3.229562e-05 
8.557778e-10 -2.930795e-05 
8.562136e-10 -2.640152e-05 
8.566494e-10 -2.357825e-05 
8.570853e-10 -2.083979e-05 
8.575211e-10 -1.818757e-05 
8.579570e-10 -1.562281e-05 
8.583928e-10 -1.314645e-05 
8.588287e-10 -1.075923e-05 
8.592645e-10 -8.461657e-06 
8.597003e-10 -6.254009e-06 
8.601362e-10 -4.136340e-06 
8.605720e-10 -2.108482e-06 
8.610079e-10 -1.700510e-07 
8.614437e-10 1.679554e-06 
8.618796e-10 3.441145e-06 
8.623154e-10 5.115744e-06 
8.627512e-10 6.704580e-06 
8.631871e-10 8.209085e-06 
8.636229e-10 9.630894e-06 
8.640588e-10 1.097184e-05 
8.644946e-10 1.223395e-05 
8.649305e-10 1.341945e-05 
8.653663e-10 1.453074e-05 
8.658021e-10 1.557043e-05 
8.662380e-10 1.654131e-05 
8.666738e-10 1.744632e-05 
8.671097e-10 1.828861e-05 
8.675455e-10 1.907148e-05 
8.679814e-10 1.979840e-05 
8.684172e-10 2.047300e-05 
8.688531e-10 2.109905e-05 
8.692889e-10 2.168047e-05 
8.697247e-10 2.222131e-05 
8.701606e-10 2.272574e-05 
8.705964e-10 2.319805e-05 
8.710323e-10 2.364261e-05 
8.714681e-10 2.406388e-05 
8.719040e-10 2.446642e-05 
8.723398e-10 2.485479e-05 
8.727756e-10 2.523364e-05 
8.732115e-10 2.560761e-05 
8.736473e-10 2.598135e-05 
8.740832e-10 2.635950e-05 
8.745190e-10 2.674666e-05 
8.749549e-10 2.714736e-05 
8.753907e-10 2.756608e-05 
8.758265e-10 2.800719e-05 
8.762624e-10 2.847493e-05 
8.766982e-10 2.897343e-05 
8.771341e-10 2.950664e-05 
8.775699e-10 3.007833e-05 
8.780058e-10 3.069210e-05 
8.784416e-10 3.135130e-05 
8.788774e-10 3.205907e-05 
8.793133e-10 3.281829e-05 
8.797491e-10 3.363160e-05 
8.801850e-10 3.450132e-05 
8.806208e-10 3.542953e-05 
8.810567e-10 3.641796e-05 
8.814925e-10 3.746807e-05 
8.819283e-10 3.858098e-05 
8.823642e-10 3.975750e-05 
8.828000e-10 4.099810e-05 
8.832359e-10 4.230295e-05 
8.836717e-10 4.367184e-05 
8.841076e-10 4.510429e-05 
8.845434e-10 4.659945e-05 
8.849792e-10 4.815617e-05 
8.854151e-10 4.977299e-05 
8.858509e-10 5.144812e-05 
8.862868e-10 5.317948e-05 
8.867226e-10 5.496471e-05 
8.871585e-10 5.680117e-05 
8.875943e-10 5.868593e-05 
8.880301e-10 6.061584e-05 
8.884660e-10 6.258748e-05 
8.889018e-10 6.459720e-05 
8.893377e-10 6.664116e-05 
8.897735e-10 6.871530e-05 
8.902094e-10 7.081538e-05 
8.906452e-10 7.293699e-05 
8.910810e-10 7.507555e-05 
8.915169e-10 7.722636e-05 
8.919527e-10 7.938457e-05 
8.923886e-10 8.154523e-05 
8.928244e-10 8.370327e-05 
8.932603e-10 8.585355e-05 
8.936961e-10 8.799084e-05 
8.941319e-10 9.010986e-05 
8.945678e-10 9.220526e-05 
8.950036e-10 9.427167e-05 
8.954395e-10 9.630368e-05 
8.958753e-10 9.829586e-05 
8.963112e-10 1.002428e-04 
8.967470e-10 1.021390e-04 
8.971828e-10 1.039791e-04 
8.976187e-10 1.057576e-04 
8.980545e-10 1.074693e-04 
8.984904e-10 1.091088e-04 
8.989262e-10 1.106708e-04 
8.993621e-10 1.121502e-04 
8.997979e-10 1.135417e-04 
9.002337e-10 1.148403e-04 
9.006696e-10 1.160412e-04 
9.011054e-10 1.171393e-04 
9.015413e-10 1.181301e-04 
9.019771e-10 1.190089e-04 
9.024130e-10 1.197712e-04 
9.028488e-10 1.204127e-04 
9.032846e-10 1.209293e-04 
9.037205e-10 1.213171e-04 
9.041563e-10 1.215723e-04 
9.045922e-10 1.216912e-04 
9.050280e-10 1.216707e-04 
9.054639e-10 1.215075e-04 
9.058997e-10 1.211989e-04 
9.063356e-10 1.207423e-04 
9.067714e-10 1.201353e-04 
9.072072e-10 1.193761e-04 
9.076431e-10 1.184628e-04 
9.080789e-10 1.173941e-04 
9.085148e-10 1.161690e-04 
9.089506e-10 1.147869e-04 
9.093865e-10 1.132473e-04 
9.098223e-10 1.115503e-04 
9.102581e-10 1.096964e-04 
9.106940e-10 1.076864e-04 
9.111298e-10 1.055214e-04 
9.115657e-10 1.032032e-04 
9.120015e-10 1.007338e-04 
9.124374e-10 9.811556e-05 
9.128732e-10 9.535140e-05 
9.133090e-10 9.244459e-05 
9.137449e-10 8.939883e-05 
9.141807e-10 8.621824e-05 
9.146166e-10 8.290734e-05 
9.150524e-10 7.947104e-05 
9.154883e-10 7.591465e-05 
9.159241e-10 7.224389e-05 
9.163599e-10 6.846481e-05 
9.167958e-10 6.458385e-05 
9.172316e-10 6.060777e-05 
9.176675e-10 5.654367e-05 
9.181033e-10 5.239894e-05 
9.185392e-10 4.818128e-05 
9.189750e-10 4.389864e-05 
9.194108e-10 3.955920e-05 
9.198467e-10 3.517138e-05 
9.202825e-10 3.074377e-05 
9.207184e-10 2.628514e-05 
9.211542e-10 2.180437e-05 
9.215901e-10 1.731049e-05 
9.220259e-10 1.281258e-05 
9.224617e-10 8.319776e-06 
9.228976e-10 3.841241e-06 
9.233334e-10 -6.138710e-07 
9.237693e-10 -5.036442e-06 
9.242051e-10 -9.417418e-06 
9.246410e-10 -1.374784e-05 
9.250768e-10 -1.801887e-05 
9.255126e-10 -2.222181e-05 
9.259485e-10 -2.634814e-05 
9.263843e-10 -3.038955e-05 
9.268202e-10 -3.433793e-05 
9.272560e-10 -3.818543e-05 
9.276919e-10 -4.192446e-05 
9.281277e-10 -4.554770e-05 
9.285635e-10 -4.904816e-05 
9.289994e-10 -5.241915e-05 
9.294352e-10 -5.565431e-05 
9.298711e-10 -5.874764e-05 
9.303069e-10 -6.169349e-05 
9.307428e-10 -6.448656e-05 
9.311786e-10 -6.712196e-05 
9.316144e-10 -6.959514e-05 
9.320503e-10 -7.190197e-05 
9.324861e-10 -7.403869e-05 
9.329220e-10 -7.600192e-05 
9.333578e-10 -7.778870e-05 
9.337937e-10 -7.939644e-05 
9.342295e-10 -8.082293e-05 
9.346653e-10 -8.206635e-05 
9.351012e-10 -8.312527e-05 
9.355370e-10 -8.399862e-05 
9.359729e-10 -8.468571e-05 
9.364087e-10 -8.518619e-05 
9.368446e-10 -8.550008e-05 
9.372804e-10 -8.562776e-05 
9.377162e-10 -8.556993e-05 
9.381521e-10 -8.532761e-05 
9.385879e-10 -8.490217e-05 
9.390238e-10 -8.429527e-05 
9.394596e-10 -8.350889e-05 
9.398955e-10 -8.254530e-05 
9.403313e-10 -8.140706e-05 
9.407671e-10 -8.009701e-05 
9.412030e-10 -7.861826e-05 
9.416388e-10 -7.697418e-05 
9.420747e-10 -7.516841e-05 
9.425105e-10 -7.320480e-05 
9.429464e-10 -7.108749e-05 
9.433822e-10 -6.882082e-05 
9.438180e-10 -6.640934e-05 
9.442539e-10 -6.385786e-05 
9.446897e-10 -6.117136e-05 
9.451256e-10 -5.835503e-05 
9.455614e-10 -5.541426e-05 
9.459973e-10 -5.235462e-05 
9.464331e-10 -4.918183e-05 
9.468690e-10 -4.590182e-05 
9.473048e-10 -4.252064e-05 
9.477406e-10 -3.904450e-05 
9.481765e-10 -3.547975e-05 
9.486123e-10 -3.183285e-05 
9.490482e-10 -2.811040e-05 
9.494840e-10 -2.431908e-05 
9.499199e-10 -2.046567e-05 
9.503557e-10 -1.655702e-05 
9.507915e-10 -1.260007e-05 
9.512274e-10 -8.601776e-06 
9.516632e-10 -4.569165e-06 
9.520991e-10 -5.092692e-07 
9.525349e-10 3.570867e-06 
9.529708e-10 7.664203e-06 
9.534066e-10 1.176372e-05 
9.538424e-10 1.586244e-05 
9.542783e-10 1.995344e-05 
9.547141e-10 2.402985e-05 
9.551500e-10 2.808489e-05 
9.555858e-10 3.211189e-05 
9.560217e-10 3.610429e-05 
9.564575e-10 4.005565e-05 
9.568933e-10 4.395968e-05 
9.573292e-10 4.781026e-05 
9.577650e-10 5.160143e-05 
9.582009e-10 5.532743e-05 
9.586367e-10 5.898267e-05 
9.590726e-10 6.256182e-05 
9.595084e-10 6.605973e-05 
9.599442e-10 6.947151e-05 
9.603801e-10 7.279251e-05 
9.608159e-10 7.601833e-05 
9.612518e-10 7.914486e-05 
9.616876e-10 8.216822e-05 
9.621235e-10 8.508484e-05 
9.625593e-10 8.789144e-05 
9.629951e-10 9.058501e-05 
9.634310e-10 9.316286e-05 
9.638668e-10 9.562258e-05 
9.643027e-10 9.796207e-05 
9.647385e-10 1.001795e-04 
9.651744e-10 1.022735e-04 
9.656102e-10 1.042428e-04 
9.660460e-10 1.060866e-04 
9.664819e-10 1.078042e-04 
9.669177e-10 1.093955e-04 
9.673536e-10 1.108605e-04 
9.677894e-10 1.121995e-04 
9.682253e-10 1.134132e-04 
9.686611e-10 1.145024e-04 
9.690969e-10 1.154685e-04 
9.695328e-10 1.163128e-04 
9.699686e-10 1.170371e-04 
9.704045e-10 1.176435e-04 
9.708403e-10 1.181341e-04 
9.712762e-10 1.185115e-04 
9.717120e-10 1.187784e-04 
9.721478e-10 1.189378e-04 
9.725837e-10 1.189927e-04 
9.730195e-10 1.189466e-04 
9.734554e-10 1.188030e-04 
9.738912e-10 1.185654e-04 
9.743271e-10 1.182379e-04 
9.747629e-10 1.178243e-04 
9.751987e-10 1.173288e-04 
9.756346e-10 1.167555e-04 
9.760704e-10 1.161088e-04 
9.765063e-10 1.153930e-04 
9.769421e-10 1.146126e-04 
9.773780e-10 1.137720e-04 
9.778138e-10 1.128758e-04 
9.782496e-10 1.119285e-04 
9.786855e-10 1.109346e-04 
9.791213e-10 1.098986e-04 
9.795572e-10 1.088251e-04 
9.799930e-10 1.077184e-04 
9.804289e-10 1.065831e-04 
9.808647e-10 1.054233e-04 
9.813005e-10 1.042435e-04 
9.817364e-10 1.030477e-04 
9.821722e-10 1.018401e-04 
9.826081e-10 1.006247e-04 
9.830439e-10 9.940530e-05 
9.834798e-10 9.818577e-05 
9.839156e-10 9.696975e-05 
9.843514e-10 9.576078e-05 
9.847873e-10 9.456229e-05 
9.852231e-10 9.337759e-05 
9.856590e-10 9.220986e-05 
9.860948e-10 9.106216e-05 
9.865307e-10 8.993741e-05 
9.869665e-10 8.883843e-05 
9.874024e-10 8.776792e-05 
9.878382e-10 8.672844e-05 
9.882740e-10 8.572246e-05 
9.887099e-10 8.475232e-05 
9.891457e-10 8.382025e-05 
9.895816e-10 8.292839e-05 
9.900174e-10 8.207875e-05 
9.904533e-10 8.127326e-05 
9.908891e-10 8.051373e-05 
9.913249e-10 7.980188e-05 
9.917608e-10 7.913933e-05 
9.921966e-10 7.852759e-05 
9.926325e-10 7.796809e-05 
9.930683e-10 7.746213e-05 
9.935042e-10 7.701094e-05 
9.939400e-10 7.661560e-05 
9.943758e-10 7.627713e-05 
9.948117e-10 7.599640e-05 
9.952475e-10 7.577415e-05 
9.956834e-10 7.561104e-05 
9.961192e-10 7.550755e-05 
9.965551e-10 7.546404e-05 
9.969909e-10 7.548073e-05 
9.974267e-10 7.555767e-05 
9.978626e-10 7.569476e-05 
9.982984e-10 7.589172e-05 
9.987343e-10 7.614810e-05 
9.991701e-10 7.646327e-05 
9.996060e-10 7.683640e-05 
