2.179215e-13 0 
6.537645e-13 0 
1.089608e-12 -2.868686e-18 
1.525451e-12 -2.044869e-17 
1.961294e-12 -8.290083e-17 
2.397137e-12 -2.542021e-16 
2.832980e-12 -6.501343e-16 
3.268823e-12 -1.453087e-15 
3.704666e-12 -2.926577e-15 
4.140509e-12 -5.432856e-15 
4.576352e-12 -9.450693e-15 
5.012195e-12 -1.558980e-14 
5.448038e-12 -2.460774e-14 
5.883881e-12 -3.743725e-14 
6.319724e-12 -5.522264e-14 
6.755567e-12 -7.936491e-14 
7.191410e-12 -1.115862e-13 
7.627253e-12 -1.540242e-13 
8.063096e-12 -2.093607e-13 
8.498939e-12 -2.809906e-13 
8.934782e-12 -3.732415e-13 
9.370625e-12 -4.916550e-13 
9.806468e-12 -6.433416e-13 
1.024231e-11 -8.374244e-13 
1.067815e-11 -1.085593e-12 
1.111400e-11 -1.402792e-12 
1.154984e-11 -1.808070e-12 
1.198568e-11 -2.325641e-12 
1.242153e-11 -2.986204e-12 
1.285737e-11 -3.828574e-12 
1.329321e-11 -4.901718e-12 
1.372905e-11 -6.267284e-12 
1.416490e-11 -8.002732e-12 
1.460074e-11 -1.020521e-11 
1.503658e-11 -1.299638e-11 
1.547243e-11 -1.652831e-11 
1.590827e-11 -2.099082e-11 
1.634411e-11 -2.662043e-11 
1.677996e-11 -3.371145e-11 
1.721580e-11 -4.262950e-11 
1.765164e-11 -5.382807e-11 
1.808749e-11 -6.786882e-11 
1.852333e-11 -8.544621e-11 
1.895917e-11 -1.074176e-10 
1.939501e-11 -1.348399e-10 
1.983086e-11 -1.690137e-10 
2.026670e-11 -2.115370e-10 
2.070254e-11 -2.643701e-10 
2.113839e-11 -3.299139e-10 
2.157423e-11 -4.111039e-10 
2.201007e-11 -5.115237e-10 
2.244592e-11 -6.355406e-10 
2.288176e-11 -7.884685e-10 
2.331760e-11 -9.767623e-10 
2.375344e-11 -1.208250e-09 
2.418929e-11 -1.492411e-09 
2.462513e-11 -1.840701e-09 
2.506097e-11 -2.266946e-09 
2.549682e-11 -2.787805e-09 
2.593266e-11 -3.423312e-09 
2.636850e-11 -4.197528e-09 
2.680435e-11 -5.139295e-09 
2.724019e-11 -6.283134e-09 
2.767603e-11 -7.670293e-09 
2.811187e-11 -9.349972e-09 
2.854772e-11 -1.138076e-08 
2.898356e-11 -1.383232e-08 
2.941940e-11 -1.678733e-08 
2.985525e-11 -2.034373e-08 
3.029109e-11 -2.461739e-08 
3.072693e-11 -2.974515e-08 
3.116278e-11 -3.588828e-08 
3.159862e-11 -4.323660e-08 
3.203446e-11 -5.201310e-08 
3.247030e-11 -6.247931e-08 
3.290615e-11 -7.494142e-08 
3.334199e-11 -8.975730e-08 
3.377783e-11 -1.073445e-07 
3.421368e-11 -1.281893e-07 
3.464952e-11 -1.528571e-07 
3.508536e-11 -1.820042e-07 
3.552121e-11 -2.163909e-07 
3.595705e-11 -2.568966e-07 
3.639289e-11 -3.045365e-07 
3.682873e-11 -3.604807e-07 
3.726458e-11 -4.260751e-07 
3.770042e-11 -5.028653e-07 
3.813626e-11 -5.926232e-07 
3.857211e-11 -6.973758e-07 
3.900795e-11 -8.194383e-07 
3.944379e-11 -9.614502e-07 
3.987964e-11 -1.126415e-06 
4.031548e-11 -1.317743e-06 
4.075132e-11 -1.539303e-06 
4.118716e-11 -1.795470e-06 
4.162301e-11 -2.091187e-06 
4.205885e-11 -2.432026e-06 
4.249469e-11 -2.824255e-06 
4.293054e-11 -3.274915e-06 
4.336638e-11 -3.791895e-06 
4.380222e-11 -4.384023e-06 
4.423807e-11 -5.061152e-06 
4.467391e-11 -5.834260e-06 
4.510975e-11 -6.715558e-06 
4.554560e-11 -7.718592e-06 
4.598144e-11 -8.858367e-06 
4.641728e-11 -1.015146e-05 
4.685312e-11 -1.161617e-05 
4.728897e-11 -1.327262e-05 
4.772481e-11 -1.514292e-05 
4.816065e-11 -1.725128e-05 
4.859650e-11 -1.962419e-05 
4.903234e-11 -2.229057e-05 
4.946818e-11 -2.528186e-05 
4.990403e-11 -2.863224e-05 
5.033987e-11 -3.237875e-05 
5.077571e-11 -3.656141e-05 
5.121155e-11 -4.122340e-05 
5.164740e-11 -4.641118e-05 
5.208324e-11 -5.217460e-05 
5.251908e-11 -5.856703e-05 
5.295493e-11 -6.564547e-05 
5.339077e-11 -7.347061e-05 
5.382661e-11 -8.210690e-05 
5.426246e-11 -9.162260e-05 
5.469830e-11 -1.020898e-04 
5.513414e-11 -1.135844e-04 
5.556998e-11 -1.261862e-04 
5.600583e-11 -1.399784e-04 
5.644167e-11 -1.550480e-04 
5.687751e-11 -1.714856e-04 
5.731336e-11 -1.893846e-04 
5.774920e-11 -2.088418e-04 
5.818504e-11 -2.299565e-04 
5.862089e-11 -2.528303e-04 
5.905673e-11 -2.775668e-04 
5.949257e-11 -3.042712e-04 
5.992841e-11 -3.330496e-04 
6.036426e-11 -3.640084e-04 
6.080010e-11 -3.972539e-04 
6.123594e-11 -4.328914e-04 
6.167179e-11 -4.710248e-04 
6.210763e-11 -5.117551e-04 
6.254347e-11 -5.551803e-04 
6.297932e-11 -6.013941e-04 
6.341516e-11 -6.504851e-04 
6.385100e-11 -7.025356e-04 
6.428684e-11 -7.576208e-04 
6.472269e-11 -8.158079e-04 
6.515853e-11 -8.771543e-04 
6.559437e-11 -9.417076e-04 
6.603022e-11 -1.009503e-03 
6.646606e-11 -1.080565e-03 
6.690190e-11 -1.154903e-03 
6.733775e-11 -1.232511e-03 
6.777359e-11 -1.313370e-03 
6.820943e-11 -1.397442e-03 
6.864527e-11 -1.484672e-03 
6.908112e-11 -1.574989e-03 
6.951696e-11 -1.668300e-03 
6.995280e-11 -1.764495e-03 
7.038865e-11 -1.863442e-03 
7.082449e-11 -1.964990e-03 
7.126033e-11 -2.068966e-03 
7.169618e-11 -2.175179e-03 
7.213202e-11 -2.283414e-03 
7.256786e-11 -2.393439e-03 
7.300371e-11 -2.505000e-03 
7.343955e-11 -2.617824e-03 
7.387539e-11 -2.731620e-03 
7.431123e-11 -2.846079e-03 
7.474708e-11 -2.960875e-03 
7.518292e-11 -3.075669e-03 
7.561876e-11 -3.190105e-03 
7.605461e-11 -3.303819e-03 
7.649045e-11 -3.416433e-03 
7.692629e-11 -3.527562e-03 
7.736214e-11 -3.636817e-03 
7.779798e-11 -3.743801e-03 
7.823382e-11 -3.848118e-03 
7.866966e-11 -3.949374e-03 
7.910551e-11 -4.047174e-03 
7.954135e-11 -4.141132e-03 
7.997719e-11 -4.230869e-03 
8.041304e-11 -4.316017e-03 
8.084888e-11 -4.396222e-03 
8.128472e-11 -4.471145e-03 
8.172057e-11 -4.540464e-03 
8.215641e-11 -4.603880e-03 
8.259225e-11 -4.661115e-03 
8.302809e-11 -4.711917e-03 
8.346394e-11 -4.756059e-03 
8.389978e-11 -4.793343e-03 
8.433562e-11 -4.823601e-03 
8.477147e-11 -4.846698e-03 
8.520731e-11 -4.862528e-03 
8.564315e-11 -4.871021e-03 
8.607900e-11 -4.872140e-03 
8.651484e-11 -4.865882e-03 
8.695068e-11 -4.852279e-03 
8.738652e-11 -4.831395e-03 
8.782237e-11 -4.803332e-03 
8.825821e-11 -4.768220e-03 
8.869405e-11 -4.726226e-03 
8.912990e-11 -4.677546e-03 
8.956574e-11 -4.622404e-03 
9.000158e-11 -4.561056e-03 
9.043743e-11 -4.493781e-03 
9.087327e-11 -4.420884e-03 
9.130911e-11 -4.342693e-03 
9.174495e-11 -4.259556e-03 
9.218080e-11 -4.171836e-03 
9.261664e-11 -4.079915e-03 
9.305248e-11 -3.984186e-03 
9.348833e-11 -3.885053e-03 
9.392417e-11 -3.782927e-03 
9.436001e-11 -3.678224e-03 
9.479586e-11 -3.571363e-03 
9.523170e-11 -3.462762e-03 
9.566754e-11 -3.352840e-03 
9.610338e-11 -3.242006e-03 
9.653923e-11 -3.130667e-03 
9.697507e-11 -3.019217e-03 
9.741091e-11 -2.908040e-03 
9.784676e-11 -2.797510e-03 
9.828260e-11 -2.687981e-03 
9.871844e-11 -2.579795e-03 
9.915429e-11 -2.473275e-03 
9.959013e-11 -2.368725e-03 
1.000260e-10 -2.266429e-03 
1.004618e-10 -2.166652e-03 
1.008977e-10 -2.069637e-03 
1.013335e-10 -1.975604e-03 
1.017693e-10 -1.884753e-03 
1.022052e-10 -1.797262e-03 
1.026410e-10 -1.713284e-03 
1.030769e-10 -1.632953e-03 
1.035127e-10 -1.556382e-03 
1.039486e-10 -1.483659e-03 
1.043844e-10 -1.414854e-03 
1.048202e-10 -1.350017e-03 
1.052561e-10 -1.289178e-03 
1.056919e-10 -1.232348e-03 
1.061278e-10 -1.179520e-03 
1.065636e-10 -1.130672e-03 
1.069995e-10 -1.085764e-03 
1.074353e-10 -1.044741e-03 
1.078711e-10 -1.007535e-03 
1.083070e-10 -9.740653e-04 
1.087428e-10 -9.442375e-04 
1.091787e-10 -9.179471e-04 
1.096145e-10 -8.950792e-04 
1.100504e-10 -8.755096e-04 
1.104862e-10 -8.591060e-04 
1.109220e-10 -8.457283e-04 
1.113579e-10 -8.352299e-04 
1.117937e-10 -8.274585e-04 
1.122296e-10 -8.222565e-04 
1.126654e-10 -8.194621e-04 
1.131013e-10 -8.189098e-04 
1.135371e-10 -8.204311e-04 
1.139729e-10 -8.238553e-04 
1.144088e-10 -8.290097e-04 
1.148446e-10 -8.357205e-04 
1.152805e-10 -8.438130e-04 
1.157163e-10 -8.531126e-04 
1.161522e-10 -8.634448e-04 
1.165880e-10 -8.746358e-04 
1.170238e-10 -8.865132e-04 
1.174597e-10 -8.989061e-04 
1.178955e-10 -9.116456e-04 
1.183314e-10 -9.245653e-04 
1.187672e-10 -9.375019e-04 
1.192031e-10 -9.502951e-04 
1.196389e-10 -9.627885e-04 
1.200748e-10 -9.748296e-04 
1.205106e-10 -9.862707e-04 
1.209464e-10 -9.969689e-04 
1.213823e-10 -1.006787e-03 
1.218181e-10 -1.015592e-03 
1.222540e-10 -1.023259e-03 
1.226898e-10 -1.029670e-03 
1.231257e-10 -1.034711e-03 
1.235615e-10 -1.038278e-03 
1.239973e-10 -1.040274e-03 
1.244332e-10 -1.040610e-03 
1.248690e-10 -1.039205e-03 
1.253049e-10 -1.035988e-03 
1.257407e-10 -1.030896e-03 
1.261766e-10 -1.023876e-03 
1.266124e-10 -1.014883e-03 
1.270482e-10 -1.003885e-03 
1.274841e-10 -9.908564e-04 
1.279199e-10 -9.757842e-04 
1.283558e-10 -9.586647e-04 
1.287916e-10 -9.395044e-04 
1.292275e-10 -9.183204e-04 
1.296633e-10 -8.951397e-04 
1.300991e-10 -8.699994e-04 
1.305350e-10 -8.429466e-04 
1.309708e-10 -8.140381e-04 
1.314067e-10 -7.833398e-04 
1.318425e-10 -7.509270e-04 
1.322784e-10 -7.168835e-04 
1.327142e-10 -6.813015e-04 
1.331500e-10 -6.442808e-04 
1.335859e-10 -6.059283e-04 
1.340217e-10 -5.663578e-04 
1.344576e-10 -5.256889e-04 
1.348934e-10 -4.840466e-04 
1.353293e-10 -4.415606e-04 
1.357651e-10 -3.983644e-04 
1.362009e-10 -3.545948e-04 
1.366368e-10 -3.103911e-04 
1.370726e-10 -2.658939e-04 
1.375085e-10 -2.212450e-04 
1.379443e-10 -1.765862e-04 
1.383802e-10 -1.320587e-04 
1.388160e-10 -8.780214e-05 
1.392518e-10 -4.395404e-05 
1.396877e-10 -6.490174e-07 
1.401235e-10 4.198187e-05 
1.405594e-10 8.381182e-05 
1.409952e-10 1.247189e-04 
1.414311e-10 1.645866e-04 
1.418669e-10 2.033044e-04 
1.423027e-10 2.407682e-04 
1.427386e-10 2.768808e-04 
1.431744e-10 3.115523e-04 
1.436103e-10 3.447002e-04 
1.440461e-10 3.762501e-04 
1.444820e-10 4.061354e-04 
1.449178e-10 4.342977e-04 
1.453536e-10 4.606871e-04 
1.457895e-10 4.852617e-04 
1.462253e-10 5.079880e-04 
1.466612e-10 5.288408e-04 
1.470970e-10 5.478027e-04 
1.475329e-10 5.648644e-04 
1.479687e-10 5.800243e-04 
1.484045e-10 5.932879e-04 
1.488404e-10 6.046681e-04 
1.492762e-10 6.141844e-04 
1.497121e-10 6.218628e-04 
1.501479e-10 6.277352e-04 
1.505838e-10 6.318391e-04 
1.510196e-10 6.342172e-04 
1.514554e-10 6.349170e-04 
1.518913e-10 6.339902e-04 
1.523271e-10 6.314923e-04 
1.527630e-10 6.274823e-04 
1.531988e-10 6.220220e-04 
1.536347e-10 6.151758e-04 
1.540705e-10 6.070100e-04 
1.545063e-10 5.975928e-04 
1.549422e-10 5.869935e-04 
1.553780e-10 5.752822e-04 
1.558139e-10 5.625296e-04 
1.562497e-10 5.488066e-04 
1.566856e-10 5.341838e-04 
1.571214e-10 5.187314e-04 
1.575572e-10 5.025189e-04 
1.579931e-10 4.856149e-04 
1.584289e-10 4.680865e-04 
1.588648e-10 4.499999e-04 
1.593006e-10 4.314191e-04 
1.597365e-10 4.124070e-04 
1.601723e-10 3.930241e-04 
1.606082e-10 3.733292e-04 
1.610440e-10 3.533790e-04 
1.614798e-10 3.332281e-04 
1.619157e-10 3.129287e-04 
1.623515e-10 2.925309e-04 
1.627874e-10 2.720825e-04 
1.632232e-10 2.516291e-04 
1.636591e-10 2.312136e-04 
1.640949e-10 2.108772e-04 
1.645307e-10 1.906583e-04 
1.649666e-10 1.705932e-04 
1.654024e-10 1.507160e-04 
1.658383e-10 1.310585e-04 
1.662741e-10 1.116505e-04 
1.667100e-10 9.251934e-05 
1.671458e-10 7.369046e-05 
1.675816e-10 5.518717e-05 
1.680175e-10 3.703076e-05 
1.684533e-10 1.924055e-05 
1.688892e-10 1.833915e-06 
1.693250e-10 -1.517365e-05 
1.697609e-10 -3.176849e-05 
1.701967e-10 -4.793872e-05 
1.706325e-10 -6.367420e-05 
1.710684e-10 -7.896645e-05 
1.715042e-10 -9.380862e-05 
1.719401e-10 -1.081954e-04 
1.723759e-10 -1.221231e-04 
1.728118e-10 -1.355893e-04 
1.732476e-10 -1.485930e-04 
1.736834e-10 -1.611347e-04 
1.741193e-10 -1.732160e-04 
1.745551e-10 -1.848396e-04 
1.749910e-10 -1.960095e-04 
1.754268e-10 -2.067306e-04 
1.758627e-10 -2.170088e-04 
1.762985e-10 -2.268510e-04 
1.767343e-10 -2.362647e-04 
1.771702e-10 -2.452583e-04 
1.776060e-10 -2.538408e-04 
1.780419e-10 -2.620218e-04 
1.784777e-10 -2.698113e-04 
1.789136e-10 -2.772198e-04 
1.793494e-10 -2.842581e-04 
1.797852e-10 -2.909371e-04 
1.802211e-10 -2.972682e-04 
1.806569e-10 -3.032625e-04 
1.810928e-10 -3.089314e-04 
1.815286e-10 -3.142861e-04 
1.819645e-10 -3.193378e-04 
1.824003e-10 -3.240972e-04 
1.828361e-10 -3.285750e-04 
1.832720e-10 -3.327814e-04 
1.837078e-10 -3.367263e-04 
1.841437e-10 -3.404191e-04 
1.845795e-10 -3.438686e-04 
1.850154e-10 -3.470832e-04 
1.854512e-10 -3.500705e-04 
1.858870e-10 -3.528375e-04 
1.863229e-10 -3.553906e-04 
1.867587e-10 -3.577352e-04 
1.871946e-10 -3.598761e-04 
1.876304e-10 -3.618173e-04 
1.880663e-10 -3.635620e-04 
1.885021e-10 -3.651123e-04 
1.889379e-10 -3.664698e-04 
1.893738e-10 -3.676348e-04 
1.898096e-10 -3.686070e-04 
1.902455e-10 -3.693851e-04 
1.906813e-10 -3.699669e-04 
1.911172e-10 -3.703493e-04 
1.915530e-10 -3.705282e-04 
1.919888e-10 -3.704988e-04 
1.924247e-10 -3.702554e-04 
1.928605e-10 -3.697913e-04 
1.932964e-10 -3.690992e-04 
1.937322e-10 -3.681707e-04 
1.941681e-10 -3.669971e-04 
1.946039e-10 -3.655687e-04 
1.950397e-10 -3.638750e-04 
1.954756e-10 -3.619053e-04 
1.959114e-10 -3.596481e-04 
1.963473e-10 -3.570914e-04 
1.967831e-10 -3.542228e-04 
1.972190e-10 -3.510297e-04 
1.976548e-10 -3.474991e-04 
1.980907e-10 -3.436179e-04 
1.985265e-10 -3.393728e-04 
1.989623e-10 -3.347505e-04 
1.993982e-10 -3.297379e-04 
1.998340e-10 -3.243220e-04 
2.002699e-10 -3.184903e-04 
2.007057e-10 -3.122303e-04 
2.011416e-10 -3.055304e-04 
2.015774e-10 -2.983794e-04 
2.020132e-10 -2.907668e-04 
2.024491e-10 -2.826831e-04 
2.028849e-10 -2.741196e-04 
2.033208e-10 -2.650687e-04 
2.037566e-10 -2.555238e-04 
2.041925e-10 -2.454798e-04 
2.046283e-10 -2.349328e-04 
2.050641e-10 -2.238803e-04 
2.055000e-10 -2.123215e-04 
2.059358e-10 -2.002571e-04 
2.063717e-10 -1.876895e-04 
2.068075e-10 -1.746228e-04 
2.072434e-10 -1.610632e-04 
2.076792e-10 -1.470183e-04 
2.081150e-10 -1.324982e-04 
2.085509e-10 -1.175145e-04 
2.089867e-10 -1.020810e-04 
2.094226e-10 -8.621363e-05 
2.098584e-10 -6.993005e-05 
2.102943e-10 -5.325012e-05 
2.107301e-10 -3.619567e-05 
2.111659e-10 -1.879048e-05 
2.116018e-10 -1.060300e-06 
2.120376e-10 1.696726e-05 
2.124735e-10 3.526273e-05 
2.129093e-10 5.379489e-05 
2.133452e-10 7.253083e-05 
2.137810e-10 9.143601e-05 
2.142168e-10 1.104744e-04 
2.146527e-10 1.296087e-04 
2.150885e-10 1.488000e-04 
2.155244e-10 1.680085e-04 
2.159602e-10 1.871934e-04 
2.163961e-10 2.063128e-04 
2.168319e-10 2.253242e-04 
2.172677e-10 2.441844e-04 
2.177036e-10 2.628497e-04 
2.181394e-10 2.812762e-04 
2.185753e-10 2.994198e-04 
2.190111e-10 3.172364e-04 
2.194470e-10 3.346821e-04 
2.198828e-10 3.517133e-04 
2.203186e-10 3.682867e-04 
2.207545e-10 3.843600e-04 
2.211903e-10 3.998914e-04 
2.216262e-10 4.148401e-04 
2.220620e-10 4.291665e-04 
2.224979e-10 4.428319e-04 
2.229337e-10 4.557994e-04 
2.233695e-10 4.680332e-04 
2.238054e-10 4.794994e-04 
2.242412e-10 4.901658e-04 
2.246771e-10 5.000017e-04 
2.251129e-10 5.089789e-04 
2.255488e-10 5.170708e-04 
2.259846e-10 5.242532e-04 
2.264204e-10 5.305039e-04 
2.268563e-10 5.358031e-04 
2.272921e-10 5.401334e-04 
2.277280e-10 5.434797e-04 
2.281638e-10 5.458293e-04 
2.285997e-10 5.471722e-04 
2.290355e-10 5.475008e-04 
2.294713e-10 5.468098e-04 
2.299072e-10 5.450968e-04 
2.303430e-10 5.423618e-04 
2.307789e-10 5.386072e-04 
2.312147e-10 5.338382e-04 
2.316506e-10 5.280623e-04 
2.320864e-10 5.212895e-04 
2.325222e-10 5.135324e-04 
2.329581e-10 5.048058e-04 
2.333939e-10 4.951269e-04 
2.338298e-10 4.845152e-04 
2.342656e-10 4.729926e-04 
2.347015e-10 4.605829e-04 
2.351373e-10 4.473121e-04 
2.355731e-10 4.332081e-04 
2.360090e-10 4.183010e-04 
2.364448e-10 4.026223e-04 
2.368807e-10 3.862056e-04 
2.373165e-10 3.690858e-04 
2.377524e-10 3.512995e-04 
2.381882e-10 3.328847e-04 
2.386241e-10 3.138806e-04 
2.390599e-10 2.943276e-04 
2.394957e-10 2.742670e-04 
2.399316e-10 2.537413e-04 
2.403674e-10 2.327934e-04 
2.408033e-10 2.114672e-04 
2.412391e-10 1.898068e-04 
2.416750e-10 1.678569e-04 
2.421108e-10 1.456623e-04 
2.425466e-10 1.232679e-04 
2.429825e-10 1.007187e-04 
2.434183e-10 7.805946e-05 
2.438542e-10 5.533451e-05 
2.442900e-10 3.258786e-05 
2.447259e-10 9.862912e-06 
2.451617e-10 -1.279763e-05 
2.455975e-10 -3.535189e-05 
2.460334e-10 -5.775895e-05 
2.464692e-10 -7.997897e-05 
2.469051e-10 -1.019733e-04 
2.473409e-10 -1.237044e-04 
2.477768e-10 -1.451365e-04 
2.482126e-10 -1.662349e-04 
2.486484e-10 -1.869668e-04 
2.490843e-10 -2.073008e-04 
2.495201e-10 -2.272073e-04 
2.499560e-10 -2.466585e-04 
2.503918e-10 -2.656285e-04 
2.508277e-10 -2.840932e-04 
2.512635e-10 -3.020304e-04 
2.516993e-10 -3.194201e-04 
2.521352e-10 -3.362440e-04 
2.525710e-10 -3.524859e-04 
2.530069e-10 -3.681317e-04 
2.534427e-10 -3.831691e-04 
2.538786e-10 -3.975880e-04 
2.543144e-10 -4.113802e-04 
2.547502e-10 -4.245393e-04 
2.551861e-10 -4.370612e-04 
2.556219e-10 -4.489432e-04 
2.560578e-10 -4.601847e-04 
2.564936e-10 -4.707868e-04 
2.569295e-10 -4.807524e-04 
2.573653e-10 -4.900860e-04 
2.578011e-10 -4.987936e-04 
2.582370e-10 -5.068828e-04 
2.586728e-10 -5.143625e-04 
2.591087e-10 -5.212433e-04 
2.595445e-10 -5.275365e-04 
2.599804e-10 -5.332551e-04 
2.604162e-10 -5.384128e-04 
2.608520e-10 -5.430247e-04 
2.612879e-10 -5.471065e-04 
2.617237e-10 -5.506747e-04 
2.621596e-10 -5.537469e-04 
2.625954e-10 -5.563409e-04 
2.630313e-10 -5.584753e-04 
2.634671e-10 -5.601692e-04 
2.639029e-10 -5.614421e-04 
2.643388e-10 -5.623136e-04 
2.647746e-10 -5.628038e-04 
2.652105e-10 -5.629328e-04 
2.656463e-10 -5.627208e-04 
2.660822e-10 -5.621881e-04 
2.665180e-10 -5.613549e-04 
2.669538e-10 -5.602412e-04 
2.673897e-10 -5.588671e-04 
2.678255e-10 -5.572522e-04 
2.682614e-10 -5.554159e-04 
2.686972e-10 -5.533775e-04 
2.691331e-10 -5.511556e-04 
2.695689e-10 -5.487686e-04 
2.700047e-10 -5.462346e-04 
2.704406e-10 -5.435709e-04 
2.708764e-10 -5.407948e-04 
2.713123e-10 -5.379225e-04 
2.717481e-10 -5.349703e-04 
2.721840e-10 -5.319534e-04 
2.726198e-10 -5.288869e-04 
2.730556e-10 -5.257850e-04 
2.734915e-10 -5.226616e-04 
2.739273e-10 -5.195299e-04 
2.743632e-10 -5.164024e-04 
2.747990e-10 -5.132912e-04 
2.752349e-10 -5.102078e-04 
2.756707e-10 -5.071631e-04 
2.761066e-10 -5.041673e-04 
2.765424e-10 -5.012302e-04 
2.769782e-10 -4.983610e-04 
2.774141e-10 -4.955681e-04 
2.778499e-10 -4.928598e-04 
2.782858e-10 -4.902433e-04 
2.787216e-10 -4.877256e-04 
2.791575e-10 -4.853131e-04 
2.795933e-10 -4.830115e-04 
2.800291e-10 -4.808260e-04 
2.804650e-10 -4.787614e-04 
2.809008e-10 -4.768216e-04 
2.813367e-10 -4.750104e-04 
2.817725e-10 -4.733306e-04 
2.822084e-10 -4.717847e-04 
2.826442e-10 -4.703746e-04 
2.830800e-10 -4.691016e-04 
2.835159e-10 -4.679663e-04 
2.839517e-10 -4.669690e-04 
2.843876e-10 -4.661091e-04 
2.848234e-10 -4.653856e-04 
2.852593e-10 -4.647968e-04 
2.856951e-10 -4.643405e-04 
2.861309e-10 -4.640138e-04 
2.865668e-10 -4.638131e-04 
2.870026e-10 -4.637344e-04 
2.874385e-10 -4.637729e-04 
2.878743e-10 -4.639231e-04 
2.883102e-10 -4.641792e-04 
2.887460e-10 -4.645344e-04 
2.891818e-10 -4.649814e-04 
2.896177e-10 -4.655124e-04 
2.900535e-10 -4.661189e-04 
2.904894e-10 -4.667917e-04 
2.909252e-10 -4.675211e-04 
2.913611e-10 -4.682970e-04 
2.917969e-10 -4.691083e-04 
2.922327e-10 -4.699438e-04 
2.926686e-10 -4.707916e-04 
2.931044e-10 -4.716393e-04 
2.935403e-10 -4.724741e-04 
2.939761e-10 -4.732828e-04 
2.944120e-10 -4.740518e-04 
2.948478e-10 -4.747671e-04 
2.952836e-10 -4.754145e-04 
2.957195e-10 -4.759794e-04 
2.961553e-10 -4.764472e-04 
2.965912e-10 -4.768030e-04 
2.970270e-10 -4.770317e-04 
2.974629e-10 -4.771183e-04 
2.978987e-10 -4.770478e-04 
2.983345e-10 -4.768052e-04 
2.987704e-10 -4.763757e-04 
2.992062e-10 -4.757444e-04 
2.996421e-10 -4.748969e-04 
3.000779e-10 -4.738191e-04 
3.005138e-10 -4.724970e-04 
3.009496e-10 -4.709171e-04 
3.013854e-10 -4.690665e-04 
3.018213e-10 -4.669327e-04 
3.022571e-10 -4.645036e-04 
3.026930e-10 -4.617680e-04 
3.031288e-10 -4.587152e-04 
3.035647e-10 -4.553352e-04 
3.040005e-10 -4.516188e-04 
3.044363e-10 -4.475576e-04 
3.048722e-10 -4.431440e-04 
3.053080e-10 -4.383712e-04 
3.057439e-10 -4.332335e-04 
3.061797e-10 -4.277260e-04 
3.066156e-10 -4.218448e-04 
3.070514e-10 -4.155869e-04 
3.074872e-10 -4.089504e-04 
3.079231e-10 -4.019345e-04 
3.083589e-10 -3.945393e-04 
3.087948e-10 -3.867659e-04 
3.092306e-10 -3.786166e-04 
3.096665e-10 -3.700946e-04 
3.101023e-10 -3.612044e-04 
3.105381e-10 -3.519512e-04 
3.109740e-10 -3.423415e-04 
3.114098e-10 -3.323829e-04 
3.118457e-10 -3.220837e-04 
3.122815e-10 -3.114534e-04 
3.127174e-10 -3.005025e-04 
3.131532e-10 -2.892424e-04 
3.135890e-10 -2.776855e-04 
3.140249e-10 -2.658450e-04 
3.144607e-10 -2.537350e-04 
3.148966e-10 -2.413706e-04 
3.153324e-10 -2.287674e-04 
3.157683e-10 -2.159422e-04 
3.162041e-10 -2.029121e-04 
3.166400e-10 -1.896952e-04 
3.170758e-10 -1.763101e-04 
3.175116e-10 -1.627760e-04 
3.179475e-10 -1.491128e-04 
3.183833e-10 -1.353407e-04 
3.188192e-10 -1.214806e-04 
3.192550e-10 -1.075536e-04 
3.196909e-10 -9.358124e-05 
3.201267e-10 -7.958544e-05 
3.205625e-10 -6.558828e-05 
3.209984e-10 -5.161210e-05 
3.214342e-10 -3.767933e-05 
3.218701e-10 -2.381255e-05 
3.223059e-10 -1.003433e-05 
3.227418e-10 3.632771e-06 
3.231776e-10 1.716626e-05 
3.236134e-10 3.054381e-05 
3.240493e-10 4.374325e-05 
3.244851e-10 5.674268e-05 
3.249210e-10 6.952051e-05 
3.253568e-10 8.205549e-05 
3.257927e-10 9.432682e-05 
3.262285e-10 1.063141e-04 
3.266643e-10 1.179976e-04 
3.271002e-10 1.293579e-04 
3.275360e-10 1.403765e-04 
3.279719e-10 1.510354e-04 
3.284077e-10 1.613173e-04 
3.288436e-10 1.712057e-04 
3.292794e-10 1.806850e-04 
3.297152e-10 1.897403e-04 
3.301511e-10 1.983577e-04 
3.305869e-10 2.065241e-04 
3.310228e-10 2.142275e-04 
3.314586e-10 2.214567e-04 
3.318945e-10 2.282016e-04 
3.323303e-10 2.344533e-04 
3.327661e-10 2.402038e-04 
3.332020e-10 2.454461e-04 
3.336378e-10 2.501744e-04 
3.340737e-10 2.543841e-04 
3.345095e-10 2.580716e-04 
3.349454e-10 2.612345e-04 
3.353812e-10 2.638715e-04 
3.358170e-10 2.659824e-04 
3.362529e-10 2.675684e-04 
3.366887e-10 2.686315e-04 
3.371246e-10 2.691750e-04 
3.375604e-10 2.692034e-04 
3.379963e-10 2.687222e-04 
3.384321e-10 2.677381e-04 
3.388679e-10 2.662587e-04 
3.393038e-10 2.642929e-04 
3.397396e-10 2.618506e-04 
3.401755e-10 2.589426e-04 
3.406113e-10 2.555808e-04 
3.410472e-10 2.517781e-04 
3.414830e-10 2.475483e-04 
3.419188e-10 2.429060e-04 
3.423547e-10 2.378668e-04 
3.427905e-10 2.324471e-04 
3.432264e-10 2.266641e-04 
3.436622e-10 2.205356e-04 
3.440981e-10 2.140804e-04 
3.445339e-10 2.073176e-04 
3.449697e-10 2.002672e-04 
3.454056e-10 1.929496e-04 
3.458414e-10 1.853857e-04 
3.462773e-10 1.775968e-04 
3.467131e-10 1.696048e-04 
3.471490e-10 1.614316e-04 
3.475848e-10 1.530996e-04 
3.480206e-10 1.446314e-04 
3.484565e-10 1.360497e-04 
3.488923e-10 1.273772e-04 
3.493282e-10 1.186366e-04 
3.497640e-10 1.098509e-04 
3.501999e-10 1.010425e-04 
3.506357e-10 9.223390e-05 
3.510715e-10 8.344737e-05 
3.515074e-10 7.470481e-05 
3.519432e-10 6.602774e-05 
3.523791e-10 5.743728e-05 
3.528149e-10 4.895407e-05 
3.532508e-10 4.059817e-05 
3.536866e-10 3.238907e-05 
3.541224e-10 2.434556e-05 
3.545583e-10 1.648575e-05 
3.549941e-10 8.826966e-06 
3.554300e-10 1.385719e-06 
3.558658e-10 -5.822332e-06 
3.563017e-10 -1.278243e-05 
3.567375e-10 -1.948076e-05 
3.571734e-10 -2.590449e-05 
3.576092e-10 -3.204176e-05 
3.580450e-10 -3.788179e-05 
3.584809e-10 -4.341482e-05 
3.589167e-10 -4.863218e-05 
3.593526e-10 -5.352631e-05 
3.597884e-10 -5.809071e-05 
3.602243e-10 -6.232003e-05 
3.606601e-10 -6.621001e-05 
3.610959e-10 -6.975751e-05 
3.615318e-10 -7.296051e-05 
3.619676e-10 -7.581807e-05 
3.624035e-10 -7.833033e-05 
3.628393e-10 -8.049852e-05 
3.632752e-10 -8.232490e-05 
3.637110e-10 -8.381277e-05 
3.641468e-10 -8.496642e-05 
3.645827e-10 -8.579109e-05 
3.650185e-10 -8.629297e-05 
3.654544e-10 -8.647916e-05 
3.658902e-10 -8.635759e-05 
3.663261e-10 -8.593702e-05 
3.667619e-10 -8.522699e-05 
3.671977e-10 -8.423777e-05 
3.676336e-10 -8.298030e-05 
3.680694e-10 -8.146616e-05 
3.685053e-10 -7.970753e-05 
3.689411e-10 -7.771710e-05 
3.693770e-10 -7.550806e-05 
3.698128e-10 -7.309403e-05 
3.702486e-10 -7.048900e-05 
3.706845e-10 -6.770729e-05 
3.711203e-10 -6.476352e-05 
3.715562e-10 -6.167248e-05 
3.719920e-10 -5.844918e-05 
3.724279e-10 -5.510873e-05 
3.728637e-10 -5.166629e-05 
3.732995e-10 -4.813706e-05 
3.737354e-10 -4.453621e-05 
3.741712e-10 -4.087881e-05 
3.746071e-10 -3.717983e-05 
3.750429e-10 -3.345406e-05 
3.754788e-10 -2.971606e-05 
3.759146e-10 -2.598016e-05 
3.763504e-10 -2.226038e-05 
3.767863e-10 -1.857040e-05 
3.772221e-10 -1.492354e-05 
3.776580e-10 -1.133270e-05 
3.780938e-10 -7.810356e-06 
3.785297e-10 -4.368511e-06 
3.789655e-10 -1.018668e-06 
3.794013e-10 2.228194e-06 
3.798372e-10 5.361638e-06 
3.802730e-10 8.371798e-06 
3.807089e-10 1.124939e-05 
3.811447e-10 1.398575e-05 
3.815806e-10 1.657280e-05 
3.820164e-10 1.900313e-05 
3.824522e-10 2.126993e-05 
3.828881e-10 2.336707e-05 
3.833239e-10 2.528906e-05 
3.837598e-10 2.703104e-05 
3.841956e-10 2.858884e-05 
3.846315e-10 2.995892e-05 
3.850673e-10 3.113840e-05 
3.855031e-10 3.212503e-05 
3.859390e-10 3.291720e-05 
3.863748e-10 3.351392e-05 
3.868107e-10 3.391482e-05 
3.872465e-10 3.412012e-05 
3.876824e-10 3.413063e-05 
3.881182e-10 3.394772e-05 
3.885540e-10 3.357332e-05 
3.889899e-10 3.300987e-05 
3.894257e-10 3.226033e-05 
3.898616e-10 3.132815e-05 
3.902974e-10 3.021724e-05 
3.907333e-10 2.893196e-05 
3.911691e-10 2.747707e-05 
3.916049e-10 2.585773e-05 
3.920408e-10 2.407947e-05 
3.924766e-10 2.214816e-05 
3.929125e-10 2.006999e-05 
3.933483e-10 1.785143e-05 
3.937842e-10 1.549923e-05 
3.942200e-10 1.302036e-05 
3.946559e-10 1.042201e-05 
3.950917e-10 7.711560e-06 
3.955275e-10 4.896554e-06 
3.959634e-10 1.984668e-06 
3.963992e-10 -1.016305e-06 
3.968351e-10 -4.098485e-06 
3.972709e-10 -7.253925e-06 
3.977068e-10 -1.047463e-05 
3.981426e-10 -1.375259e-05 
3.985784e-10 -1.707980e-05 
3.990143e-10 -2.044824e-05 
3.994501e-10 -2.384998e-05 
3.998860e-10 -2.727711e-05 
4.003218e-10 -3.072182e-05 
4.007577e-10 -3.417638e-05 
4.011935e-10 -3.763317e-05 
4.016293e-10 -4.108472e-05 
4.020652e-10 -4.452368e-05 
4.025010e-10 -4.794287e-05 
4.029369e-10 -5.133527e-05 
4.033727e-10 -5.469407e-05 
4.038086e-10 -5.801264e-05 
4.042444e-10 -6.128457e-05 
4.046802e-10 -6.450366e-05 
4.051161e-10 -6.766398e-05 
4.055519e-10 -7.075980e-05 
4.059878e-10 -7.378569e-05 
4.064236e-10 -7.673646e-05 
4.068595e-10 -7.960720e-05 
4.072953e-10 -8.239329e-05 
4.077311e-10 -8.509042e-05 
4.081670e-10 -8.769455e-05 
4.086028e-10 -9.020197e-05 
4.090387e-10 -9.260928e-05 
4.094745e-10 -9.491342e-05 
4.099104e-10 -9.711165e-05 
4.103462e-10 -9.920154e-05 
4.107820e-10 -1.011811e-04 
4.112179e-10 -1.030485e-04 
4.116537e-10 -1.048024e-04 
4.120896e-10 -1.064418e-04 
4.125254e-10 -1.079661e-04 
4.129613e-10 -1.093749e-04 
4.133971e-10 -1.106683e-04 
4.138329e-10 -1.118466e-04 
4.142688e-10 -1.129108e-04 
4.147046e-10 -1.138618e-04 
4.151405e-10 -1.147012e-04 
4.155763e-10 -1.154307e-04 
4.160122e-10 -1.160526e-04 
4.164480e-10 -1.165693e-04 
4.168838e-10 -1.169838e-04 
4.173197e-10 -1.172990e-04 
4.177555e-10 -1.175186e-04 
4.181914e-10 -1.176463e-04 
4.186272e-10 -1.176861e-04 
4.190631e-10 -1.176425e-04 
4.194989e-10 -1.175200e-04 
4.199347e-10 -1.173235e-04 
4.203706e-10 -1.170581e-04 
4.208064e-10 -1.167293e-04 
4.212423e-10 -1.163424e-04 
4.216781e-10 -1.159033e-04 
4.221140e-10 -1.154179e-04 
4.225498e-10 -1.148922e-04 
4.229856e-10 -1.143324e-04 
4.234215e-10 -1.137447e-04 
4.238573e-10 -1.131357e-04 
4.242932e-10 -1.125116e-04 
4.247290e-10 -1.118790e-04 
4.251649e-10 -1.112445e-04 
4.256007e-10 -1.106145e-04 
4.260365e-10 -1.099955e-04 
4.264724e-10 -1.093939e-04 
4.269082e-10 -1.088162e-04 
4.273441e-10 -1.082686e-04 
4.277799e-10 -1.077573e-04 
4.282158e-10 -1.072884e-04 
4.286516e-10 -1.068677e-04 
4.290874e-10 -1.065009e-04 
4.295233e-10 -1.061935e-04 
4.299591e-10 -1.059509e-04 
4.303950e-10 -1.057781e-04 
4.308308e-10 -1.056799e-04 
4.312667e-10 -1.056608e-04 
4.317025e-10 -1.057252e-04 
4.321383e-10 -1.058769e-04 
4.325742e-10 -1.061195e-04 
4.330100e-10 -1.064565e-04 
4.334459e-10 -1.068908e-04 
4.338817e-10 -1.074249e-04 
4.343176e-10 -1.080612e-04 
4.347534e-10 -1.088016e-04 
4.351893e-10 -1.096475e-04 
4.356251e-10 -1.106001e-04 
4.360609e-10 -1.116601e-04 
4.364968e-10 -1.128280e-04 
4.369326e-10 -1.141036e-04 
4.373685e-10 -1.154866e-04 
4.378043e-10 -1.169762e-04 
4.382402e-10 -1.185713e-04 
4.386760e-10 -1.202701e-04 
4.391118e-10 -1.220709e-04 
4.395477e-10 -1.239714e-04 
4.399835e-10 -1.259688e-04 
4.404194e-10 -1.280602e-04 
4.408552e-10 -1.302423e-04 
4.412911e-10 -1.325113e-04 
4.417269e-10 -1.348634e-04 
4.421627e-10 -1.372942e-04 
4.425986e-10 -1.397993e-04 
4.430344e-10 -1.423737e-04 
4.434703e-10 -1.450125e-04 
4.439061e-10 -1.477104e-04 
4.443420e-10 -1.504619e-04 
4.447778e-10 -1.532613e-04 
4.452136e-10 -1.561028e-04 
4.456495e-10 -1.589803e-04 
4.460853e-10 -1.618878e-04 
4.465212e-10 -1.648191e-04 
4.469570e-10 -1.677678e-04 
4.473929e-10 -1.707276e-04 
4.478287e-10 -1.736921e-04 
4.482645e-10 -1.766548e-04 
4.487004e-10 -1.796094e-04 
4.491362e-10 -1.825495e-04 
4.495721e-10 -1.854688e-04 
4.500079e-10 -1.883610e-04 
4.504438e-10 -1.912200e-04 
4.508796e-10 -1.940396e-04 
4.513154e-10 -1.968141e-04 
4.517513e-10 -1.995375e-04 
4.521871e-10 -2.022044e-04 
4.526230e-10 -2.048093e-04 
4.530588e-10 -2.073469e-04 
4.534947e-10 -2.098123e-04 
4.539305e-10 -2.122008e-04 
4.543663e-10 -2.145077e-04 
4.548022e-10 -2.167288e-04 
4.552380e-10 -2.188601e-04 
4.556739e-10 -2.208978e-04 
4.561097e-10 -2.228386e-04 
4.565456e-10 -2.246792e-04 
4.569814e-10 -2.264168e-04 
4.574172e-10 -2.280488e-04 
4.578531e-10 -2.295730e-04 
4.582889e-10 -2.309875e-04 
4.587248e-10 -2.322905e-04 
4.591606e-10 -2.334809e-04 
4.595965e-10 -2.345575e-04 
4.600323e-10 -2.355198e-04 
4.604681e-10 -2.363672e-04 
4.609040e-10 -2.370998e-04 
4.613398e-10 -2.377177e-04 
4.617757e-10 -2.382215e-04 
4.622115e-10 -2.386119e-04 
4.626474e-10 -2.388901e-04 
4.630832e-10 -2.390573e-04 
4.635190e-10 -2.391153e-04 
4.639549e-10 -2.390659e-04 
4.643907e-10 -2.389111e-04 
4.648266e-10 -2.386533e-04 
4.652624e-10 -2.382952e-04 
4.656983e-10 -2.378393e-04 
4.661341e-10 -2.372888e-04 
4.665699e-10 -2.366467e-04 
4.670058e-10 -2.359163e-04 
4.674416e-10 -2.351010e-04 
4.678775e-10 -2.342044e-04 
4.683133e-10 -2.332303e-04 
4.687492e-10 -2.321823e-04 
4.691850e-10 -2.310643e-04 
4.696208e-10 -2.298803e-04 
4.700567e-10 -2.286342e-04 
4.704925e-10 -2.273299e-04 
4.709284e-10 -2.259716e-04 
4.713642e-10 -2.245631e-04 
4.718001e-10 -2.231084e-04 
4.722359e-10 -2.216115e-04 
4.726717e-10 -2.200762e-04 
4.731076e-10 -2.185063e-04 
4.735434e-10 -2.169054e-04 
4.739793e-10 -2.152771e-04 
4.744151e-10 -2.136249e-04 
4.748510e-10 -2.119521e-04 
4.752868e-10 -2.102618e-04 
4.757227e-10 -2.085570e-04 
4.761585e-10 -2.068405e-04 
4.765943e-10 -2.051148e-04 
4.770302e-10 -2.033825e-04 
4.774660e-10 -2.016457e-04 
4.779019e-10 -1.999063e-04 
4.783377e-10 -1.981662e-04 
4.787736e-10 -1.964269e-04 
4.792094e-10 -1.946896e-04 
4.796452e-10 -1.929554e-04 
4.800811e-10 -1.912252e-04 
4.805169e-10 -1.894995e-04 
4.809528e-10 -1.877787e-04 
4.813886e-10 -1.860629e-04 
4.818245e-10 -1.843520e-04 
4.822603e-10 -1.826458e-04 
4.826961e-10 -1.809437e-04 
4.831320e-10 -1.792449e-04 
4.835678e-10 -1.775486e-04 
4.840037e-10 -1.758536e-04 
4.844395e-10 -1.741587e-04 
4.848754e-10 -1.724624e-04 
4.853112e-10 -1.707632e-04 
4.857470e-10 -1.690593e-04 
4.861829e-10 -1.673488e-04 
4.866187e-10 -1.656298e-04 
4.870546e-10 -1.639003e-04 
4.874904e-10 -1.621581e-04 
4.879263e-10 -1.604010e-04 
4.883621e-10 -1.586268e-04 
4.887979e-10 -1.568331e-04 
4.892338e-10 -1.550175e-04 
4.896696e-10 -1.531778e-04 
4.901055e-10 -1.513115e-04 
4.905413e-10 -1.494162e-04 
4.909772e-10 -1.474897e-04 
4.914130e-10 -1.455294e-04 
4.918488e-10 -1.435331e-04 
4.922847e-10 -1.414985e-04 
4.927205e-10 -1.394233e-04 
4.931564e-10 -1.373053e-04 
4.935922e-10 -1.351423e-04 
4.940281e-10 -1.329322e-04 
4.944639e-10 -1.306728e-04 
4.948997e-10 -1.283622e-04 
4.953356e-10 -1.259984e-04 
4.957714e-10 -1.235795e-04 
4.962073e-10 -1.211037e-04 
4.966431e-10 -1.185692e-04 
4.970790e-10 -1.159743e-04 
4.975148e-10 -1.133173e-04 
4.979506e-10 -1.105967e-04 
4.983865e-10 -1.078111e-04 
4.988223e-10 -1.049591e-04 
4.992582e-10 -1.020394e-04 
4.996940e-10 -9.905077e-05 
5.001299e-10 -9.599217e-05 
5.005657e-10 -9.286266e-05 
5.010015e-10 -8.966140e-05 
5.014374e-10 -8.638771e-05 
5.018732e-10 -8.304108e-05 
5.023091e-10 -7.962113e-05 
5.027449e-10 -7.612772e-05 
5.031808e-10 -7.256086e-05 
5.036166e-10 -6.892080e-05 
5.040524e-10 -6.520805e-05 
5.044883e-10 -6.142335e-05 
5.049241e-10 -5.756770e-05 
5.053600e-10 -5.364245e-05 
5.057958e-10 -4.964920e-05 
5.062317e-10 -4.558994e-05 
5.066675e-10 -4.146696e-05 
5.071033e-10 -3.728296e-05 
5.075392e-10 -3.304100e-05 
5.079750e-10 -2.874455e-05 
5.084109e-10 -2.439750e-05 
5.088467e-10 -2.000414e-05 
5.092826e-10 -1.556922e-05 
5.097184e-10 -1.109792e-05 
5.101542e-10 -6.595854e-06 
5.105901e-10 -2.069100e-06 
5.110259e-10 2.475836e-06 
5.114618e-10 7.032006e-06 
5.118976e-10 1.159204e-05 
5.123335e-10 1.614813e-05 
5.127693e-10 2.069211e-05 
5.132052e-10 2.521540e-05 
5.136410e-10 2.970908e-05 
5.140768e-10 3.416389e-05 
5.145127e-10 3.857028e-05 
5.149485e-10 4.291844e-05 
5.153844e-10 4.719831e-05 
5.158202e-10 5.139967e-05 
5.162561e-10 5.551213e-05 
5.166919e-10 5.952523e-05 
5.171277e-10 6.342842e-05 
5.175636e-10 6.721117e-05 
5.179994e-10 7.086300e-05 
5.184353e-10 7.437351e-05 
5.188711e-10 7.773246e-05 
5.193070e-10 8.092982e-05 
5.197428e-10 8.395581e-05 
5.201786e-10 8.680096e-05 
5.206145e-10 8.945616e-05 
5.210503e-10 9.191272e-05 
5.214862e-10 9.416238e-05 
5.219220e-10 9.619742e-05 
5.223579e-10 9.801065e-05 
5.227937e-10 9.959548e-05 
5.232295e-10 1.009459e-04 
5.236654e-10 1.020567e-04 
5.241012e-10 1.029232e-04 
5.245371e-10 1.035415e-04 
5.249729e-10 1.039085e-04 
5.254088e-10 1.040218e-04 
5.258446e-10 1.038798e-04 
5.262804e-10 1.034817e-04 
5.267163e-10 1.028274e-04 
5.271521e-10 1.019177e-04 
5.275880e-10 1.007543e-04 
5.280238e-10 9.933935e-05 
5.284597e-10 9.767608e-05 
5.288955e-10 9.576834e-05 
5.293313e-10 9.362072e-05 
5.297672e-10 9.123856e-05 
5.302030e-10 8.862785e-05 
5.306389e-10 8.579525e-05 
5.310747e-10 8.274804e-05 
5.315106e-10 7.949406e-05 
5.319464e-10 7.604174e-05 
5.323822e-10 7.239996e-05 
5.328181e-10 6.857811e-05 
5.332539e-10 6.458597e-05 
5.336898e-10 6.043369e-05 
5.341256e-10 5.613176e-05 
5.345615e-10 5.169096e-05 
5.349973e-10 4.712229e-05 
5.354331e-10 4.243694e-05 
5.358690e-10 3.764626e-05 
5.363048e-10 3.276170e-05 
5.367407e-10 2.779476e-05 
5.371765e-10 2.275697e-05 
5.376124e-10 1.765985e-05 
5.380482e-10 1.251483e-05 
5.384840e-10 7.333284e-06 
5.389199e-10 2.126449e-06 
5.393557e-10 -3.094594e-06 
5.397916e-10 -8.318942e-06 
5.402274e-10 -1.353590e-05 
5.406633e-10 -1.873501e-05 
5.410991e-10 -2.390604e-05 
5.415349e-10 -2.903906e-05 
5.419708e-10 -3.412438e-05 
5.424066e-10 -3.915264e-05 
5.428425e-10 -4.411476e-05 
5.432783e-10 -4.900197e-05 
5.437142e-10 -5.380583e-05 
5.441500e-10 -5.851819e-05 
5.445858e-10 -6.313126e-05 
5.450217e-10 -6.763752e-05 
5.454575e-10 -7.202980e-05 
5.458934e-10 -7.630124e-05 
5.463292e-10 -8.044526e-05 
5.467651e-10 -8.445560e-05 
5.472009e-10 -8.832631e-05 
5.476367e-10 -9.205170e-05 
5.480726e-10 -9.562639e-05 
5.485084e-10 -9.904524e-05 
5.489443e-10 -1.023034e-04 
5.493801e-10 -1.053963e-04 
5.498160e-10 -1.083195e-04 
5.502518e-10 -1.110691e-04 
5.506876e-10 -1.136410e-04 
5.511235e-10 -1.160318e-04 
5.515593e-10 -1.182379e-04 
5.519952e-10 -1.202563e-04 
5.524310e-10 -1.220840e-04 
5.528669e-10 -1.237183e-04 
5.533027e-10 -1.251567e-04 
5.537386e-10 -1.263970e-04 
5.541744e-10 -1.274370e-04 
5.546102e-10 -1.282751e-04 
5.550461e-10 -1.289096e-04 
5.554819e-10 -1.293392e-04 
5.559178e-10 -1.295627e-04 
5.563536e-10 -1.295795e-04 
5.567895e-10 -1.293888e-04 
5.572253e-10 -1.289904e-04 
5.576611e-10 -1.283841e-04 
5.580970e-10 -1.275703e-04 
5.585328e-10 -1.265493e-04 
5.589687e-10 -1.253221e-04 
5.594045e-10 -1.238896e-04 
5.598404e-10 -1.222534e-04 
5.602762e-10 -1.204151e-04 
5.607120e-10 -1.183768e-04 
5.611479e-10 -1.161408e-04 
5.615837e-10 -1.137098e-04 
5.620196e-10 -1.110868e-04 
5.624554e-10 -1.082753e-04 
5.628913e-10 -1.052789e-04 
5.633271e-10 -1.021017e-04 
5.637629e-10 -9.874800e-05 
5.641988e-10 -9.522263e-05 
5.646346e-10 -9.153062e-05 
5.650705e-10 -8.767738e-05 
5.655063e-10 -8.366864e-05 
5.659422e-10 -7.951045e-05 
5.663780e-10 -7.520918e-05 
5.668138e-10 -7.077151e-05 
5.672497e-10 -6.620441e-05 
5.676855e-10 -6.151513e-05 
5.681214e-10 -5.671119e-05 
5.685572e-10 -5.180040e-05 
5.689931e-10 -4.679076e-05 
5.694289e-10 -4.169055e-05 
5.698647e-10 -3.650821e-05 
5.703006e-10 -3.125242e-05 
5.707364e-10 -2.593200e-05 
5.711723e-10 -2.055595e-05 
5.716081e-10 -1.513338e-05 
5.720440e-10 -9.673532e-06 
5.724798e-10 -4.185734e-06 
5.729156e-10 1.320609e-06 
5.733515e-10 6.836045e-06 
5.737873e-10 1.235109e-05 
5.742232e-10 1.785626e-05 
5.746590e-10 2.334207e-05 
5.750949e-10 2.879909e-05 
5.755307e-10 3.421795e-05 
5.759665e-10 3.958932e-05 
5.764024e-10 4.490402e-05 
5.768382e-10 5.015297e-05 
5.772741e-10 5.532722e-05 
5.777099e-10 6.041799e-05 
5.781458e-10 6.541668e-05 
5.785816e-10 7.031488e-05 
5.790174e-10 7.510439e-05 
5.794533e-10 7.977726e-05 
5.798891e-10 8.432574e-05 
5.803250e-10 8.874239e-05 
5.807608e-10 9.302002e-05 
5.811967e-10 9.715170e-05 
5.816325e-10 1.011308e-04 
5.820683e-10 1.049511e-04 
5.825042e-10 1.086065e-04 
5.829400e-10 1.120914e-04 
5.833759e-10 1.154005e-04 
5.838117e-10 1.185287e-04 
5.842476e-10 1.214713e-04 
5.846834e-10 1.242242e-04 
5.851192e-10 1.267832e-04 
5.855551e-10 1.291448e-04 
5.859909e-10 1.313058e-04 
5.864268e-10 1.332632e-04 
5.868626e-10 1.350144e-04 
5.872985e-10 1.365574e-04 
5.877343e-10 1.378902e-04 
5.881701e-10 1.390113e-04 
5.886060e-10 1.399197e-04 
5.890418e-10 1.406145e-04 
5.894777e-10 1.410954e-04 
5.899135e-10 1.413621e-04 
5.903494e-10 1.414149e-04 
5.907852e-10 1.412544e-04 
5.912211e-10 1.408816e-04 
5.916569e-10 1.402975e-04 
5.920927e-10 1.395038e-04 
5.925286e-10 1.385024e-04 
5.929644e-10 1.372954e-04 
5.934003e-10 1.358853e-04 
5.938361e-10 1.342748e-04 
5.942720e-10 1.324671e-04 
5.947078e-10 1.304656e-04 
5.951436e-10 1.282737e-04 
5.955795e-10 1.258956e-04 
5.960153e-10 1.233352e-04 
5.964512e-10 1.205972e-04 
5.968870e-10 1.176861e-04 
5.973229e-10 1.146069e-04 
5.977587e-10 1.113647e-04 
5.981945e-10 1.079649e-04 
5.986304e-10 1.044130e-04 
5.990662e-10 1.007149e-04 
5.995021e-10 9.687633e-05 
5.999379e-10 9.290350e-05 
6.003738e-10 8.880261e-05 
6.008096e-10 8.458002e-05 
6.012454e-10 8.024218e-05 
6.016813e-10 7.579564e-05 
6.021171e-10 7.124701e-05 
6.025530e-10 6.660297e-05 
6.029888e-10 6.187018e-05 
6.034247e-10 5.705532e-05 
6.038605e-10 5.216504e-05 
6.042963e-10 4.720595e-05 
6.047322e-10 4.218456e-05 
6.051680e-10 3.710729e-05 
6.056039e-10 3.198043e-05 
6.060397e-10 2.681011e-05 
6.064756e-10 2.160227e-05 
6.069114e-10 1.636264e-05 
6.073472e-10 1.109674e-05 
6.077831e-10 5.809784e-06 
6.082189e-10 5.067406e-07 
6.086548e-10 -4.807749e-06 
6.090906e-10 -1.012937e-05 
6.095265e-10 -1.545415e-05 
6.099623e-10 -2.077849e-05 
6.103981e-10 -2.609917e-05 
6.108340e-10 -3.141337e-05 
6.112698e-10 -3.671867e-05 
6.117057e-10 -4.201307e-05 
6.121415e-10 -4.729499e-05 
6.125774e-10 -5.256325e-05 
6.130132e-10 -5.781712e-05 
6.134490e-10 -6.305624e-05 
6.138849e-10 -6.828071e-05 
6.143207e-10 -7.349096e-05 
6.147566e-10 -7.868784e-05 
6.151924e-10 -8.387254e-05 
6.156283e-10 -8.904657e-05 
6.160641e-10 -9.421177e-05 
6.164999e-10 -9.937021e-05 
6.169358e-10 -1.045243e-04 
6.173716e-10 -1.096764e-04 
6.178075e-10 -1.148295e-04 
6.182433e-10 -1.199862e-04 
6.186792e-10 -1.251494e-04 
6.191150e-10 -1.303222e-04 
6.195508e-10 -1.355074e-04 
6.199867e-10 -1.407080e-04 
6.204225e-10 -1.459265e-04 
6.208584e-10 -1.511657e-04 
6.212942e-10 -1.564279e-04 
6.217301e-10 -1.617152e-04 
6.221659e-10 -1.670294e-04 
6.226017e-10 -1.723720e-04 
6.230376e-10 -1.777440e-04 
6.234734e-10 -1.831461e-04 
6.239093e-10 -1.885783e-04 
6.243451e-10 -1.940404e-04 
6.247810e-10 -1.995314e-04 
6.252168e-10 -2.050498e-04 
6.256526e-10 -2.105936e-04 
6.260885e-10 -2.161600e-04 
6.265243e-10 -2.217459e-04 
6.269602e-10 -2.273473e-04 
6.273960e-10 -2.329596e-04 
6.278319e-10 -2.385776e-04 
6.282677e-10 -2.441956e-04 
6.287035e-10 -2.498071e-04 
6.291394e-10 -2.554051e-04 
6.295752e-10 -2.609821e-04 
6.300111e-10 -2.665298e-04 
6.304469e-10 -2.720397e-04 
6.308828e-10 -2.775027e-04 
6.313186e-10 -2.829091e-04 
6.317545e-10 -2.882491e-04 
6.321903e-10 -2.935123e-04 
6.326261e-10 -2.986881e-04 
6.330620e-10 -3.037656e-04 
6.334978e-10 -3.087338e-04 
6.339337e-10 -3.135813e-04 
6.343695e-10 -3.182969e-04 
6.348054e-10 -3.228692e-04 
6.352412e-10 -3.272868e-04 
6.356770e-10 -3.315382e-04 
6.361129e-10 -3.356123e-04 
6.365487e-10 -3.394980e-04 
6.369846e-10 -3.431844e-04 
6.374204e-10 -3.466609e-04 
6.378563e-10 -3.499170e-04 
6.382921e-10 -3.529428e-04 
6.387279e-10 -3.557286e-04 
6.391638e-10 -3.582651e-04 
6.395996e-10 -3.605435e-04 
6.400355e-10 -3.625555e-04 
6.404713e-10 -3.642932e-04 
6.409072e-10 -3.657492e-04 
6.413430e-10 -3.669169e-04 
6.417788e-10 -3.677899e-04 
6.422147e-10 -3.683626e-04 
6.426505e-10 -3.686299e-04 
6.430864e-10 -3.685875e-04 
6.435222e-10 -3.682315e-04 
6.439581e-10 -3.675587e-04 
6.443939e-10 -3.665666e-04 
6.448297e-10 -3.652533e-04 
6.452656e-10 -3.636174e-04 
6.457014e-10 -3.616586e-04 
6.461373e-10 -3.593767e-04 
6.465731e-10 -3.567725e-04 
6.470090e-10 -3.538474e-04 
6.474448e-10 -3.506035e-04 
6.478806e-10 -3.470433e-04 
6.483165e-10 -3.431703e-04 
6.487523e-10 -3.389884e-04 
6.491882e-10 -3.345023e-04 
6.496240e-10 -3.297173e-04 
6.500599e-10 -3.246391e-04 
6.504957e-10 -3.192744e-04 
6.509315e-10 -3.136303e-04 
6.513674e-10 -3.077145e-04 
6.518032e-10 -3.015354e-04 
6.522391e-10 -2.951018e-04 
6.526749e-10 -2.884232e-04 
6.531108e-10 -2.815096e-04 
6.535466e-10 -2.743715e-04 
6.539824e-10 -2.670200e-04 
6.544183e-10 -2.594666e-04 
6.548541e-10 -2.517234e-04 
6.552900e-10 -2.438026e-04 
6.557258e-10 -2.357172e-04 
6.561617e-10 -2.274804e-04 
6.565975e-10 -2.191057e-04 
6.570333e-10 -2.106071e-04 
6.574692e-10 -2.019987e-04 
6.579050e-10 -1.932951e-04 
6.583409e-10 -1.845109e-04 
6.587767e-10 -1.756610e-04 
6.592126e-10 -1.667604e-04 
6.596484e-10 -1.578244e-04 
6.600842e-10 -1.488682e-04 
6.605201e-10 -1.399071e-04 
6.609559e-10 -1.309565e-04 
6.613918e-10 -1.220317e-04 
6.618276e-10 -1.131480e-04 
6.622635e-10 -1.043207e-04 
6.626993e-10 -9.556484e-05 
6.631351e-10 -8.689541e-05 
6.635710e-10 -7.832719e-05 
6.640068e-10 -6.987475e-05 
6.644427e-10 -6.155245e-05 
6.648785e-10 -5.337436e-05 
6.653144e-10 -4.535426e-05 
6.657502e-10 -3.750560e-05 
6.661860e-10 -2.984148e-05 
6.666219e-10 -2.237463e-05 
6.670577e-10 -1.511736e-05 
6.674936e-10 -8.081544e-06 
6.679294e-10 -1.278612e-06 
6.683653e-10 5.280498e-06 
6.688011e-10 1.158535e-05 
6.692369e-10 1.762606e-05 
6.696728e-10 2.339327e-05 
6.701086e-10 2.887822e-05 
6.705445e-10 3.407276e-05 
6.709803e-10 3.896934e-05 
6.714162e-10 4.356109e-05 
6.718520e-10 4.784179e-05 
6.722879e-10 5.180591e-05 
6.727237e-10 5.544863e-05 
6.731595e-10 5.876586e-05 
6.735954e-10 6.175427e-05 
6.740312e-10 6.441128e-05 
6.744671e-10 6.673508e-05 
6.749029e-10 6.872467e-05 
6.753388e-10 7.037986e-05 
6.757746e-10 7.170124e-05 
6.762104e-10 7.269025e-05 
6.766463e-10 7.334914e-05 
6.770821e-10 7.368102e-05 
6.775180e-10 7.368978e-05 
6.779538e-10 7.338016e-05 
6.783897e-10 7.275774e-05 
6.788255e-10 7.182887e-05 
6.792613e-10 7.060073e-05 
6.796972e-10 6.908127e-05 
6.801330e-10 6.727920e-05 
6.805689e-10 6.520399e-05 
6.810047e-10 6.286581e-05 
6.814406e-10 6.027552e-05 
6.818764e-10 5.744465e-05 
6.823122e-10 5.438534e-05 
6.827481e-10 5.111034e-05 
6.831839e-10 4.763293e-05 
6.836198e-10 4.396690e-05 
6.840556e-10 4.012649e-05 
6.844915e-10 3.612639e-05 
6.849273e-10 3.198161e-05 
6.853631e-10 2.770753e-05 
6.857990e-10 2.331977e-05 
6.862348e-10 1.883416e-05 
6.866707e-10 1.426671e-05 
6.871065e-10 9.633544e-06 
6.875424e-10 4.950837e-06 
6.879782e-10 2.347715e-07 
6.884140e-10 -4.498514e-06 
6.888499e-10 -9.232980e-06 
6.892857e-10 -1.395274e-05 
6.897216e-10 -1.864209e-05 
6.901574e-10 -2.328561e-05 
6.905933e-10 -2.786814e-05 
6.910291e-10 -3.237488e-05 
6.914649e-10 -3.679141e-05 
6.919008e-10 -4.110376e-05 
6.923366e-10 -4.529840e-05 
6.927725e-10 -4.936232e-05 
6.932083e-10 -5.328308e-05 
6.936442e-10 -5.704878e-05 
6.940800e-10 -6.064816e-05 
6.945158e-10 -6.407058e-05 
6.949517e-10 -6.730609e-05 
6.953875e-10 -7.034541e-05 
6.958234e-10 -7.317998e-05 
6.962592e-10 -7.580198e-05 
6.966951e-10 -7.820432e-05 
6.971309e-10 -8.038069e-05 
6.975667e-10 -8.232553e-05 
6.980026e-10 -8.403408e-05 
6.984384e-10 -8.550234e-05 
6.988743e-10 -8.672711e-05 
6.993101e-10 -8.770598e-05 
6.997460e-10 -8.843729e-05 
7.001818e-10 -8.892018e-05 
7.006176e-10 -8.915455e-05 
7.010535e-10 -8.914105e-05 
7.014893e-10 -8.888105e-05 
7.019252e-10 -8.837667e-05 
7.023610e-10 -8.763069e-05 
7.027969e-10 -8.664661e-05 
7.032327e-10 -8.542854e-05 
7.036685e-10 -8.398125e-05 
7.041044e-10 -8.231008e-05 
7.045402e-10 -8.042094e-05 
7.049761e-10 -7.832029e-05 
7.054119e-10 -7.601507e-05 
7.058478e-10 -7.351269e-05 
7.062836e-10 -7.082099e-05 
7.067194e-10 -6.794820e-05 
7.071553e-10 -6.490290e-05 
7.075911e-10 -6.169398e-05 
7.080270e-10 -5.833062e-05 
7.084628e-10 -5.482223e-05 
7.088987e-10 -5.117842e-05 
7.093345e-10 -4.740897e-05 
7.097704e-10 -4.352377e-05 
7.102062e-10 -3.953284e-05 
7.106420e-10 -3.544621e-05 
7.110779e-10 -3.127397e-05 
7.115137e-10 -2.702618e-05 
7.119496e-10 -2.271288e-05 
7.123854e-10 -1.834404e-05 
7.128213e-10 -1.392954e-05 
7.132571e-10 -9.479127e-06 
7.136929e-10 -5.002433e-06 
7.141288e-10 -5.089182e-07 
7.145646e-10 3.992135e-06 
7.150005e-10 8.491637e-06 
7.154363e-10 1.298071e-05 
7.158722e-10 1.745070e-05 
7.163080e-10 2.189319e-05 
7.167438e-10 2.630000e-05 
7.171797e-10 3.066322e-05 
7.176155e-10 3.497518e-05 
7.180514e-10 3.922850e-05 
7.184872e-10 4.341605e-05 
7.189231e-10 4.753098e-05 
7.193589e-10 5.156674e-05 
7.197947e-10 5.551703e-05 
7.202306e-10 5.937584e-05 
7.206664e-10 6.313745e-05 
7.211023e-10 6.679642e-05 
7.215381e-10 7.034759e-05 
7.219740e-10 7.378608e-05 
7.224098e-10 7.710730e-05 
7.228456e-10 8.030691e-05 
7.232815e-10 8.338090e-05 
7.237173e-10 8.632549e-05 
7.241532e-10 8.913720e-05 
7.245890e-10 9.181281e-05 
7.250249e-10 9.434940e-05 
7.254607e-10 9.674428e-05 
7.258965e-10 9.899505e-05 
7.263324e-10 1.010996e-04 
7.267682e-10 1.030560e-04 
7.272041e-10 1.048626e-04 
7.276399e-10 1.065182e-04 
7.280758e-10 1.080215e-04 
7.285116e-10 1.093716e-04 
7.289474e-10 1.105680e-04 
7.293833e-10 1.116102e-04 
7.298191e-10 1.124980e-04 
7.302550e-10 1.132314e-04 
7.306908e-10 1.138107e-04 
7.311267e-10 1.142362e-04 
7.315625e-10 1.145086e-04 
7.319983e-10 1.146287e-04 
7.324342e-10 1.145975e-04 
7.328700e-10 1.144160e-04 
7.333059e-10 1.140855e-04 
7.337417e-10 1.136076e-04 
7.341776e-10 1.129836e-04 
7.346134e-10 1.122154e-04 
7.350492e-10 1.113047e-04 
7.354851e-10 1.102535e-04 
7.359209e-10 1.090638e-04 
7.363568e-10 1.077376e-04 
7.367926e-10 1.062773e-04 
7.372285e-10 1.046852e-04 
7.376643e-10 1.029637e-04 
7.381001e-10 1.011153e-04 
7.385360e-10 9.914269e-05 
7.389718e-10 9.704848e-05 
7.394077e-10 9.483553e-05 
7.398435e-10 9.250675e-05 
7.402794e-10 9.006517e-05 
7.407152e-10 8.751394e-05 
7.411510e-10 8.485633e-05 
7.415869e-10 8.209575e-05 
7.420227e-10 7.923574e-05 
7.424586e-10 7.628001e-05 
7.428944e-10 7.323242e-05 
7.433303e-10 7.009700e-05 
7.437661e-10 6.687798e-05 
7.442019e-10 6.357976e-05 
7.446378e-10 6.020694e-05 
7.450736e-10 5.676435e-05 
7.455095e-10 5.325701e-05 
7.459453e-10 4.969016e-05 
7.463812e-10 4.606928e-05 
7.468170e-10 4.240007e-05 
7.472528e-10 3.868844e-05 
7.476887e-10 3.494055e-05 
7.481245e-10 3.116276e-05 
7.485604e-10 2.736168e-05 
7.489962e-10 2.354408e-05 
7.494321e-10 1.971698e-05 
7.498679e-10 1.588755e-05 
7.503038e-10 1.206317e-05 
7.507396e-10 8.251339e-06 
7.511754e-10 4.459722e-06 
7.516113e-10 6.960945e-07 
7.520471e-10 -3.031672e-06 
7.524830e-10 -6.715632e-06 
7.529188e-10 -1.034780e-05 
7.533547e-10 -1.392015e-05 
7.537905e-10 -1.742470e-05 
7.542263e-10 -2.085349e-05 
7.546622e-10 -2.419861e-05 
7.550980e-10 -2.745228e-05 
7.555339e-10 -3.060685e-05 
7.559697e-10 -3.365480e-05 
7.564056e-10 -3.658886e-05 
7.568414e-10 -3.940193e-05 
7.572772e-10 -4.208721e-05 
7.577131e-10 -4.463817e-05 
7.581489e-10 -4.704860e-05 
7.585848e-10 -4.931262e-05 
7.590206e-10 -5.142476e-05 
7.594565e-10 -5.337990e-05 
7.598923e-10 -5.517337e-05 
7.603281e-10 -5.680094e-05 
7.607640e-10 -5.825883e-05 
7.611998e-10 -5.954375e-05 
7.616357e-10 -6.065290e-05 
7.620715e-10 -6.158399e-05 
7.625074e-10 -6.233524e-05 
7.629432e-10 -6.290541e-05 
7.633790e-10 -6.329380e-05 
7.638149e-10 -6.350022e-05 
7.642507e-10 -6.352504e-05 
7.646866e-10 -6.336917e-05 
7.651224e-10 -6.303403e-05 
7.655583e-10 -6.252159e-05 
7.659941e-10 -6.183432e-05 
7.664299e-10 -6.097520e-05 
7.668658e-10 -5.994771e-05 
7.673016e-10 -5.875580e-05 
7.677375e-10 -5.740386e-05 
7.681733e-10 -5.589674e-05 
7.686092e-10 -5.423969e-05 
7.690450e-10 -5.243835e-05 
7.694808e-10 -5.049872e-05 
7.699167e-10 -4.842714e-05 
7.703525e-10 -4.623023e-05 
7.707884e-10 -4.391491e-05 
7.712242e-10 -4.148831e-05 
7.716601e-10 -3.895778e-05 
7.720959e-10 -3.633082e-05 
7.725317e-10 -3.361507e-05 
7.729676e-10 -3.081827e-05 
7.734034e-10 -2.794820e-05 
7.738393e-10 -2.501266e-05 
7.742751e-10 -2.201944e-05 
7.747110e-10 -1.897625e-05 
7.751468e-10 -1.589072e-05 
7.755826e-10 -1.277035e-05 
7.760185e-10 -9.622456e-06 
7.764543e-10 -6.454154e-06 
7.768902e-10 -3.272328e-06 
7.773260e-10 -8.358936e-08 
7.777619e-10 3.105750e-06 
7.781977e-10 6.289704e-06 
7.786335e-10 9.462642e-06 
7.790694e-10 1.261930e-05 
7.795052e-10 1.575483e-05 
7.799411e-10 1.886478e-05 
7.803769e-10 2.194511e-05 
7.808128e-10 2.499226e-05 
7.812486e-10 2.800309e-05 
7.816844e-10 3.097491e-05 
7.821203e-10 3.390547e-05 
7.825561e-10 3.679301e-05 
7.829920e-10 3.963617e-05 
7.834278e-10 4.243403e-05 
7.838637e-10 4.518612e-05 
7.842995e-10 4.789233e-05 
7.847353e-10 5.055298e-05 
7.851712e-10 5.316870e-05 
7.856070e-10 5.574051e-05 
7.860429e-10 5.826970e-05 
7.864787e-10 6.075787e-05 
7.869146e-10 6.320684e-05 
7.873504e-10 6.561867e-05 
7.877862e-10 6.799557e-05 
7.882221e-10 7.033993e-05 
7.886579e-10 7.265422e-05 
7.890938e-10 7.494099e-05 
7.895296e-10 7.720283e-05 
7.899655e-10 7.944230e-05 
7.904013e-10 8.166196e-05 
7.908372e-10 8.386425e-05 
7.912730e-10 8.605155e-05 
7.917088e-10 8.822605e-05 
7.921447e-10 9.038981e-05 
7.925805e-10 9.254466e-05 
7.930164e-10 9.469223e-05 
7.934522e-10 9.683387e-05 
7.938881e-10 9.897069e-05 
7.943239e-10 1.011035e-04 
7.947597e-10 1.032328e-04 
7.951956e-10 1.053588e-04 
7.956314e-10 1.074813e-04 
7.960673e-10 1.095999e-04 
7.965031e-10 1.117139e-04 
7.969390e-10 1.138220e-04 
7.973748e-10 1.159229e-04 
7.978106e-10 1.180148e-04 
7.982465e-10 1.200956e-04 
7.986823e-10 1.221630e-04 
7.991182e-10 1.242142e-04 
7.995540e-10 1.262464e-04 
7.999899e-10 1.282564e-04 
8.004257e-10 1.302408e-04 
8.008615e-10 1.321960e-04 
8.012974e-10 1.341182e-04 
8.017332e-10 1.360036e-04 
8.021691e-10 1.378479e-04 
8.026049e-10 1.396471e-04 
8.030408e-10 1.413969e-04 
8.034766e-10 1.430931e-04 
8.039124e-10 1.447313e-04 
8.043483e-10 1.463073e-04 
8.047841e-10 1.478169e-04 
8.052200e-10 1.492558e-04 
8.056558e-10 1.506199e-04 
8.060917e-10 1.519055e-04 
8.065275e-10 1.531086e-04 
8.069633e-10 1.542256e-04 
8.073992e-10 1.552531e-04 
8.078350e-10 1.561879e-04 
8.082709e-10 1.570271e-04 
8.087067e-10 1.577680e-04 
8.091426e-10 1.584081e-04 
8.095784e-10 1.589455e-04 
8.100142e-10 1.593782e-04 
8.104501e-10 1.597048e-04 
8.108859e-10 1.599242e-04 
8.113218e-10 1.600355e-04 
8.117576e-10 1.600385e-04 
8.121935e-10 1.599329e-04 
8.126293e-10 1.597191e-04 
8.130651e-10 1.593978e-04 
8.135010e-10 1.589698e-04 
8.139368e-10 1.584367e-04 
8.143727e-10 1.577999e-04 
8.148085e-10 1.570617e-04 
8.152444e-10 1.562244e-04 
8.156802e-10 1.552906e-04 
8.161160e-10 1.542632e-04 
8.165519e-10 1.531457e-04 
8.169877e-10 1.519414e-04 
8.174236e-10 1.506541e-04 
8.178594e-10 1.492878e-04 
8.182953e-10 1.478467e-04 
8.187311e-10 1.463352e-04 
8.191669e-10 1.447576e-04 
8.196028e-10 1.431187e-04 
8.200386e-10 1.414232e-04 
8.204745e-10 1.396757e-04 
8.209103e-10 1.378813e-04 
8.213462e-10 1.360446e-04 
8.217820e-10 1.341706e-04 
8.222178e-10 1.322640e-04 
8.226537e-10 1.303296e-04 
8.230895e-10 1.283720e-04 
8.235254e-10 1.263958e-04 
8.239612e-10 1.244054e-04 
8.243971e-10 1.224049e-04 
8.248329e-10 1.203986e-04 
8.252687e-10 1.183904e-04 
8.257046e-10 1.163839e-04 
8.261404e-10 1.143827e-04 
8.265763e-10 1.123900e-04 
8.270121e-10 1.104088e-04 
8.274480e-10 1.084421e-04 
8.278838e-10 1.064924e-04 
8.283197e-10 1.045619e-04 
8.287555e-10 1.026529e-04 
8.291913e-10 1.007671e-04 
8.296272e-10 9.890618e-05 
8.300630e-10 9.707149e-05 
8.304989e-10 9.526420e-05 
8.309347e-10 9.348523e-05 
8.313706e-10 9.173530e-05 
8.318064e-10 9.001496e-05 
8.322422e-10 8.832452e-05 
8.326781e-10 8.666414e-05 
8.331139e-10 8.503382e-05 
8.335498e-10 8.343338e-05 
8.339856e-10 8.186250e-05 
8.344215e-10 8.032076e-05 
8.348573e-10 7.880756e-05 
8.352931e-10 7.732224e-05 
8.357290e-10 7.586401e-05 
8.361648e-10 7.443199e-05 
8.366007e-10 7.302522e-05 
8.370365e-10 7.164268e-05 
8.374724e-10 7.028325e-05 
8.379082e-10 6.894578e-05 
8.383440e-10 6.762902e-05 
8.387799e-10 6.633171e-05 
8.392157e-10 6.505253e-05 
8.396516e-10 6.379010e-05 
8.400874e-10 6.254300e-05 
8.405233e-10 6.130979e-05 
8.409591e-10 6.008897e-05 
8.413949e-10 5.887901e-05 
8.418308e-10 5.767835e-05 
8.422666e-10 5.648540e-05 
8.427025e-10 5.529852e-05 
8.431383e-10 5.411606e-05 
8.435742e-10 5.293634e-05 
8.440100e-10 5.175763e-05 
8.444458e-10 5.057823e-05 
8.448817e-10 4.939637e-05 
8.453175e-10 4.821031e-05 
8.457534e-10 4.701827e-05 
8.461892e-10 4.581850e-05 
8.466251e-10 4.460924e-05 
8.470609e-10 4.338876e-05 
8.474967e-10 4.215533e-05 
8.479326e-10 4.090728e-05 
8.483684e-10 3.964299e-05 
8.488043e-10 3.836087e-05 
8.492401e-10 3.705942e-05 
8.496760e-10 3.573721e-05 
8.501118e-10 3.439293e-05 
8.505476e-10 3.302533e-05 
8.509835e-10 3.163334e-05 
8.514193e-10 3.021597e-05 
8.518552e-10 2.877242e-05 
8.522910e-10 2.730202e-05 
8.527269e-10 2.580430e-05 
8.531627e-10 2.427894e-05 
8.535985e-10 2.272584e-05 
8.540344e-10 2.114512e-05 
8.544702e-10 1.953708e-05 
8.549061e-10 1.790227e-05 
8.553419e-10 1.624145e-05 
8.557778e-10 1.455564e-05 
8.562136e-10 1.284607e-05 
8.566494e-10 1.111424e-05 
8.570853e-10 9.361869e-06 
8.575211e-10 7.590940e-06 
8.579570e-10 5.803658e-06 
8.583928e-10 4.002468e-06 
8.588287e-10 2.190045e-06 
8.592645e-10 3.692816e-07 
8.597003e-10 -1.456717e-06 
8.601362e-10 -3.284645e-06 
8.605720e-10 -5.111014e-06 
8.610079e-10 -6.932161e-06 
8.614437e-10 -8.744267e-06 
8.618796e-10 -1.054337e-05 
8.623154e-10 -1.232541e-05 
8.627512e-10 -1.408619e-05 
8.631871e-10 -1.582147e-05 
8.636229e-10 -1.752694e-05 
8.640588e-10 -1.919825e-05 
8.644946e-10 -2.083104e-05 
8.649305e-10 -2.242098e-05 
8.653663e-10 -2.396375e-05 
8.658021e-10 -2.545512e-05 
8.662380e-10 -2.689093e-05 
8.666738e-10 -2.826712e-05 
8.671097e-10 -2.957979e-05 
8.675455e-10 -3.082517e-05 
8.679814e-10 -3.199968e-05 
8.684172e-10 -3.309993e-05 
8.688531e-10 -3.412277e-05 
8.692889e-10 -3.506526e-05 
8.697247e-10 -3.592474e-05 
8.701606e-10 -3.669881e-05 
8.705964e-10 -3.738535e-05 
8.710323e-10 -3.798254e-05 
8.714681e-10 -3.848889e-05 
8.719040e-10 -3.890320e-05 
8.723398e-10 -3.922461e-05 
8.727756e-10 -3.945260e-05 
8.732115e-10 -3.958695e-05 
8.736473e-10 -3.962781e-05 
8.740832e-10 -3.957565e-05 
8.745190e-10 -3.943126e-05 
8.749549e-10 -3.919576e-05 
8.753907e-10 -3.887060e-05 
8.758265e-10 -3.845753e-05 
8.762624e-10 -3.795859e-05 
8.766982e-10 -3.737612e-05 
8.771341e-10 -3.671273e-05 
8.775699e-10 -3.597128e-05 
8.780058e-10 -3.515489e-05 
8.784416e-10 -3.426688e-05 
8.788774e-10 -3.331079e-05 
8.793133e-10 -3.229037e-05 
8.797491e-10 -3.120950e-05 
8.801850e-10 -3.007223e-05 
8.806208e-10 -2.888275e-05 
8.810567e-10 -2.764534e-05 
8.814925e-10 -2.636438e-05 
8.819283e-10 -2.504432e-05 
8.823642e-10 -2.368967e-05 
8.828000e-10 -2.230495e-05 
8.832359e-10 -2.089471e-05 
8.836717e-10 -1.946351e-05 
8.841076e-10 -1.801587e-05 
8.845434e-10 -1.655628e-05 
8.849792e-10 -1.508920e-05 
8.854151e-10 -1.361900e-05 
8.858509e-10 -1.214999e-05 
8.862868e-10 -1.068639e-05 
8.867226e-10 -9.232335e-06 
8.871585e-10 -7.791830e-06 
8.875943e-10 -6.368781e-06 
8.880301e-10 -4.966965e-06 
8.884660e-10 -3.590032e-06 
8.889018e-10 -2.241494e-06 
8.893377e-10 -9.247252e-07 
8.897735e-10 3.570480e-07 
8.902094e-10 1.600747e-06 
8.906452e-10 2.803445e-06 
8.910810e-10 3.962371e-06 
8.915169e-10 5.074911e-06 
8.919527e-10 6.138611e-06 
8.923886e-10 7.151175e-06 
8.928244e-10 8.110473e-06 
8.932603e-10 9.014538e-06 
8.936961e-10 9.861568e-06 
8.941319e-10 1.064993e-05 
8.945678e-10 1.137815e-05 
8.950036e-10 1.204493e-05 
8.954395e-10 1.264915e-05 
8.958753e-10 1.318985e-05 
8.963112e-10 1.366624e-05 
8.967470e-10 1.407772e-05 
8.971828e-10 1.442384e-05 
8.976187e-10 1.470435e-05 
8.980545e-10 1.491916e-05 
8.984904e-10 1.506837e-05 
8.989262e-10 1.515225e-05 
8.993621e-10 1.517124e-05 
8.997979e-10 1.512598e-05 
9.002337e-10 1.501726e-05 
9.006696e-10 1.484607e-05 
9.011054e-10 1.461355e-05 
9.015413e-10 1.432103e-05 
9.019771e-10 1.396999e-05 
9.024130e-10 1.356210e-05 
9.028488e-10 1.309916e-05 
9.032846e-10 1.258315e-05 
9.037205e-10 1.201619e-05 
9.041563e-10 1.140053e-05 
9.045922e-10 1.073857e-05 
9.050280e-10 1.003284e-05 
9.054639e-10 9.285967e-06 
9.058997e-10 8.500707e-06 
9.063356e-10 7.679901e-06 
9.067714e-10 6.826481e-06 
9.072072e-10 5.943455e-06 
9.076431e-10 5.033893e-06 
9.080789e-10 4.100918e-06 
9.085148e-10 3.147691e-06 
9.089506e-10 2.177401e-06 
9.093865e-10 1.193251e-06 
9.098223e-10 1.984447e-07 
9.102581e-10 -8.038248e-07 
9.106940e-10 -1.810387e-06 
9.111298e-10 -2.818106e-06 
9.115657e-10 -3.823892e-06 
9.120015e-10 -4.824714e-06 
9.124374e-10 -5.817606e-06 
9.128732e-10 -6.799682e-06 
9.133090e-10 -7.768138e-06 
9.137449e-10 -8.720267e-06 
9.141807e-10 -9.653463e-06 
9.146166e-10 -1.056523e-05 
9.150524e-10 -1.145317e-05 
9.154883e-10 -1.231504e-05 
9.159241e-10 -1.314867e-05 
9.163599e-10 -1.395205e-05 
9.167958e-10 -1.472328e-05 
9.172316e-10 -1.546060e-05 
9.176675e-10 -1.616237e-05 
9.181033e-10 -1.682708e-05 
9.185392e-10 -1.745334e-05 
9.189750e-10 -1.803991e-05 
9.194108e-10 -1.858565e-05 
9.198467e-10 -1.908955e-05 
9.202825e-10 -1.955072e-05 
9.207184e-10 -1.996839e-05 
9.211542e-10 -2.034190e-05 
9.215901e-10 -2.067070e-05 
9.220259e-10 -2.095434e-05 
9.224617e-10 -2.119251e-05 
9.228976e-10 -2.138495e-05 
9.233334e-10 -2.153154e-05 
9.237693e-10 -2.163224e-05 
9.242051e-10 -2.168710e-05 
9.246410e-10 -2.169628e-05 
9.250768e-10 -2.166002e-05 
9.255126e-10 -2.157865e-05 
9.259485e-10 -2.145259e-05 
9.263843e-10 -2.128235e-05 
9.268202e-10 -2.106854e-05 
9.272560e-10 -2.081185e-05 
9.276919e-10 -2.051304e-05 
9.281277e-10 -2.017300e-05 
9.285635e-10 -1.979267e-05 
9.289994e-10 -1.937312e-05 
9.294352e-10 -1.891549e-05 
9.298711e-10 -1.842100e-05 
9.303069e-10 -1.789100e-05 
9.307428e-10 -1.732691e-05 
9.311786e-10 -1.673025e-05 
9.316144e-10 -1.610263e-05 
9.320503e-10 -1.544576e-05 
9.324861e-10 -1.476145e-05 
9.329220e-10 -1.405158e-05 
9.333578e-10 -1.331814e-05 
9.337937e-10 -1.256320e-05 
9.342295e-10 -1.178891e-05 
9.346653e-10 -1.099751e-05 
9.351012e-10 -1.019130e-05 
9.355370e-10 -9.372671e-06 
9.359729e-10 -8.544061e-06 
9.364087e-10 -7.707972e-06 
9.368446e-10 -6.866956e-06 
9.372804e-10 -6.023605e-06 
9.377162e-10 -5.180547e-06 
9.381521e-10 -4.340433e-06 
9.385879e-10 -3.505928e-06 
9.390238e-10 -2.679701e-06 
9.394596e-10 -1.864416e-06 
9.398955e-10 -1.062717e-06 
9.403313e-10 -2.772212e-07 
9.407671e-10 4.894970e-07 
9.412030e-10 1.234914e-06 
9.416388e-10 1.956571e-06 
9.420747e-10 2.652086e-06 
9.425105e-10 3.319162e-06 
9.429464e-10 3.955603e-06 
9.433822e-10 4.559324e-06 
9.438180e-10 5.128360e-06 
9.442539e-10 5.660877e-06 
9.446897e-10 6.155185e-06 
9.451256e-10 6.609743e-06 
9.455614e-10 7.023172e-06 
9.459973e-10 7.394259e-06 
9.464331e-10 7.721970e-06 
9.468690e-10 8.005450e-06 
9.473048e-10 8.244036e-06 
9.477406e-10 8.437257e-06 
9.481765e-10 8.584839e-06 
9.486123e-10 8.686711e-06 
9.490482e-10 8.743005e-06 
9.494840e-10 8.754059e-06 
9.499199e-10 8.720418e-06 
9.503557e-10 8.642830e-06 
9.507915e-10 8.522250e-06 
9.512274e-10 8.359837e-06 
9.516632e-10 8.156947e-06 
9.520991e-10 7.915135e-06 
9.525349e-10 7.636145e-06 
9.529708e-10 7.321911e-06 
9.534066e-10 6.974545e-06 
9.538424e-10 6.596332e-06 
9.542783e-10 6.189726e-06 
9.547141e-10 5.757336e-06 
9.551500e-10 5.301922e-06 
9.555858e-10 4.826385e-06 
9.560217e-10 4.333755e-06 
9.564575e-10 3.827183e-06 
9.568933e-10 3.309929e-06 
9.573292e-10 2.785353e-06 
9.577650e-10 2.256902e-06 
9.582009e-10 1.728100e-06 
9.586367e-10 1.202534e-06 
9.590726e-10 6.838436e-07 
9.595084e-10 1.757109e-07 
9.599442e-10 -3.181551e-07 
9.603801e-10 -7.940284e-07 
9.608159e-10 -1.248179e-06 
9.612518e-10 -1.676883e-06 
9.616876e-10 -2.076439e-06 
9.621235e-10 -2.443175e-06 
9.625593e-10 -2.773461e-06 
9.629951e-10 -3.063726e-06 
9.634310e-10 -3.310459e-06 
9.638668e-10 -3.510232e-06 
9.643027e-10 -3.659702e-06 
9.647385e-10 -3.755623e-06 
9.651744e-10 -3.794860e-06 
9.656102e-10 -3.774398e-06 
9.660460e-10 -3.691345e-06 
9.664819e-10 -3.542952e-06 
9.669177e-10 -3.326614e-06 
9.673536e-10 -3.039878e-06 
9.677894e-10 -2.680458e-06 
9.682253e-10 -2.246235e-06 
9.686611e-10 -1.735269e-06 
9.690969e-10 -1.145804e-06 
9.695328e-10 -4.762715e-07 
9.699686e-10 2.746981e-07 
9.704045e-10 1.108275e-06 
9.708403e-10 2.025424e-06 
9.712762e-10 3.026901e-06 
9.717120e-10 4.113246e-06 
9.721478e-10 5.284786e-06 
9.725837e-10 6.541629e-06 
9.730195e-10 7.883662e-06 
9.734554e-10 9.310551e-06 
9.738912e-10 1.082174e-05 
9.743271e-10 1.241645e-05 
9.747629e-10 1.409369e-05 
9.751987e-10 1.585224e-05 
9.756346e-10 1.769066e-05 
9.760704e-10 1.960730e-05 
9.765063e-10 2.160030e-05 
9.769421e-10 2.366759e-05 
9.773780e-10 2.580690e-05 
9.778138e-10 2.801577e-05 
9.782496e-10 3.029152e-05 
9.786855e-10 3.263131e-05 
9.791213e-10 3.503212e-05 
9.795572e-10 3.749075e-05 
9.799930e-10 4.000384e-05 
9.804289e-10 4.256788e-05 
9.808647e-10 4.517921e-05 
9.813005e-10 4.783404e-05 
9.817364e-10 5.052843e-05 
9.821722e-10 5.325837e-05 
9.826081e-10 5.601970e-05 
9.830439e-10 5.880819e-05 
9.834798e-10 6.161951e-05 
9.839156e-10 6.444927e-05 
9.843514e-10 6.729301e-05 
9.847873e-10 7.014621e-05 
9.852231e-10 7.300432e-05 
9.856590e-10 7.586276e-05 
9.860948e-10 7.871692e-05 
9.865307e-10 8.156218e-05 
9.869665e-10 8.439395e-05 
9.874024e-10 8.720759e-05 
9.878382e-10 8.999855e-05 
9.882740e-10 9.276224e-05 
9.887099e-10 9.549416e-05 
9.891457e-10 9.818982e-05 
9.895816e-10 1.008448e-04 
9.900174e-10 1.034548e-04 
9.904533e-10 1.060154e-04 
9.908891e-10 1.085224e-04 
9.913249e-10 1.109718e-04 
9.917608e-10 1.133594e-04 
9.921966e-10 1.156812e-04 
9.926325e-10 1.179335e-04 
9.930683e-10 1.201123e-04 
9.935042e-10 1.222141e-04 
9.939400e-10 1.242352e-04 
9.943758e-10 1.261722e-04 
9.948117e-10 1.280217e-04 
9.952475e-10 1.297806e-04 
9.956834e-10 1.314455e-04 
9.961192e-10 1.330136e-04 
9.965551e-10 1.344820e-04 
9.969909e-10 1.358478e-04 
9.974267e-10 1.371085e-04 
9.978626e-10 1.382614e-04 
9.982984e-10 1.393043e-04 
9.987343e-10 1.402347e-04 
9.991701e-10 1.410507e-04 
9.996060e-10 1.417501e-04 
