2.179215e-13 0 
6.537645e-13 0 
1.089608e-12 0 
1.525451e-12 0 
1.961294e-12 0 
2.397137e-12 0 
2.832980e-12 0 
3.268823e-12 0 
3.704666e-12 0 
4.140509e-12 0 
4.576352e-12 0 
5.012195e-12 0 
5.448038e-12 0 
5.883881e-12 0 
6.319724e-12 0 
6.755567e-12 0 
7.191410e-12 0 
7.627253e-12 0 
8.063096e-12 0 
8.498939e-12 0 
8.934782e-12 0 
9.370625e-12 0 
9.806468e-12 0 
1.024231e-11 0 
1.067815e-11 0 
1.111400e-11 0 
1.154984e-11 0 
1.198568e-11 0 
1.242153e-11 0 
1.285737e-11 0 
1.329321e-11 0 
1.372905e-11 0 
1.416490e-11 0 
1.460074e-11 0 
1.503658e-11 0 
1.547243e-11 0 
1.590827e-11 0 
1.634411e-11 0 
1.677996e-11 0 
1.721580e-11 0 
1.765164e-11 0 
1.808749e-11 0 
1.852333e-11 0 
1.895917e-11 0 
1.939501e-11 0 
1.983086e-11 0 
2.026670e-11 0 
2.070254e-11 0 
2.113839e-11 0 
2.157423e-11 0 
2.201007e-11 0 
2.244592e-11 0 
2.288176e-11 0 
2.331760e-11 0 
2.375344e-11 0 
2.418929e-11 0 
2.462513e-11 0 
2.506097e-11 0 
2.549682e-11 0 
2.593266e-11 0 
2.636850e-11 0 
2.680435e-11 0 
2.724019e-11 0 
2.767603e-11 0 
2.811187e-11 0 
2.854772e-11 0 
2.898356e-11 0 
2.941940e-11 0 
2.985525e-11 0 
3.029109e-11 0 
3.072693e-11 0 
3.116278e-11 0 
3.159862e-11 0 
3.203446e-11 0 
3.247030e-11 0 
3.290615e-11 0 
3.334199e-11 0 
3.377783e-11 0 
3.421368e-11 0 
3.464952e-11 0 
3.508536e-11 0 
3.552121e-11 0 
3.595705e-11 0 
3.639289e-11 0 
3.682873e-11 0 
3.726458e-11 0 
3.770042e-11 0 
3.813626e-11 0 
3.857211e-11 0 
3.900795e-11 0 
3.944379e-11 0 
3.987964e-11 0 
4.031548e-11 0 
4.075132e-11 0 
4.118716e-11 0 
4.162301e-11 0 
4.205885e-11 0 
4.249469e-11 0 
4.293054e-11 0 
4.336638e-11 0 
4.380222e-11 0 
4.423807e-11 0 
4.467391e-11 0 
4.510975e-11 -6.774124e-171 
4.554560e-11 3.991230e-80 
4.598144e-11 4.762138e-78 
4.641728e-11 -1.032136e-65 
4.685312e-11 -2.503553e-64 
4.728897e-11 -1.488479e-62 
4.772481e-11 -2.872466e-61 
4.816065e-11 -9.251481e-60 
4.859650e-11 -1.451057e-58 
4.903234e-11 -3.096316e-57 
4.946818e-11 -4.061724e-56 
4.990403e-11 -6.442234e-55 
5.033987e-11 -7.262786e-54 
5.077571e-11 -9.158608e-53 
5.121155e-11 -9.051068e-52 
5.164740e-11 -9.480268e-51 
5.208324e-11 -8.330871e-50 
5.251908e-11 -7.474628e-49 
5.295493e-11 -5.902405e-48 
5.339077e-11 -4.641308e-47 
5.382661e-11 -3.320416e-46 
5.426246e-11 -2.328593e-45 
5.469830e-11 -1.519447e-44 
5.513414e-11 -9.632253e-44 
5.556998e-11 -5.766582e-43 
5.600583e-11 -3.339288e-42 
5.644167e-11 -1.843975e-41 
5.687751e-11 -9.834593e-41 
5.731336e-11 -5.033636e-40 
5.774920e-11 -2.488813e-39 
5.818504e-11 -1.185962e-38 
5.862089e-11 -5.465025e-38 
5.905673e-11 -2.434281e-37 
5.949257e-11 -1.050036e-36 
5.992841e-11 -4.387845e-36 
6.036426e-11 -1.778268e-35 
6.080010e-11 -6.993785e-35 
6.123594e-11 -2.671413e-34 
6.167179e-11 -9.916676e-34 
6.210763e-11 -3.579863e-33 
6.254347e-11 -1.257483e-32 
6.297932e-11 -4.300463e-32 
6.341516e-11 -1.432638e-31 
6.385100e-11 -4.651363e-31 
6.428684e-11 -1.472483e-30 
6.472269e-11 -4.547131e-30 
6.515853e-11 -1.370320e-29 
6.559437e-11 -4.031565e-29 
6.603022e-11 -1.158383e-28 
6.646606e-11 -3.251684e-28 
6.690190e-11 -8.920396e-28 
6.733775e-11 -2.392287e-27 
6.777359e-11 -6.273670e-27 
6.820943e-11 -1.609266e-26 
6.864527e-11 -4.038720e-26 
6.908112e-11 -9.919144e-26 
6.951696e-11 -2.384614e-25 
6.995280e-11 -5.612653e-25 
7.038865e-11 -1.293636e-24 
7.082449e-11 -2.920332e-24 
7.126033e-11 -6.458115e-24 
7.169618e-11 -1.399284e-23 
7.213202e-11 -2.970990e-23 
7.256786e-11 -6.182404e-23 
7.300371e-11 -1.261062e-22 
7.343955e-11 -2.521726e-22 
7.387539e-11 -4.944236e-22 
7.431123e-11 -9.505963e-22 
7.474708e-11 -1.792438e-21 
7.518292e-11 -3.315114e-21 
7.561876e-11 -6.014730e-21 
7.605461e-11 -1.070671e-20 
7.649045e-11 -1.870170e-20 
7.692629e-11 -3.205971e-20 
7.736214e-11 -5.394696e-20 
7.779798e-11 -8.912274e-20 
7.823382e-11 -1.445843e-19 
7.866966e-11 -2.303972e-19 
7.910551e-11 -3.607337e-19 
7.954135e-11 -5.551392e-19 
7.997719e-11 -8.400414e-19 
8.041304e-11 -1.250521e-18 
8.084888e-11 -1.832374e-18 
8.128472e-11 -2.644541e-18 
8.172057e-11 -3.762003e-18 
8.215641e-11 -5.279389e-18 
8.259225e-11 -7.315573e-18 
8.302809e-11 -1.001976e-17 
8.346394e-11 -1.357959e-17 
8.389978e-11 -1.823207e-17 
8.433562e-11 -2.427805e-17 
8.477147e-11 -3.210121e-17 
8.520731e-11 -4.219243e-17 
8.564315e-11 -5.518062e-17 
8.607900e-11 -7.187107e-17 
8.651484e-11 -9.329272e-17 
8.695068e-11 -1.207562e-16 
8.738652e-11 -1.559254e-16 
8.782237e-11 -2.009053e-16 
8.825821e-11 -2.583518e-16 
8.869405e-11 -3.316081e-16 
8.912990e-11 -4.248763e-16 
8.956574e-11 -5.434311e-16 
9.000158e-11 -6.938874e-16 
9.043743e-11 -8.845318e-16 
9.087327e-11 -1.125734e-15 
9.130911e-11 -1.430453e-15 
9.174495e-11 -1.814858e-15 
9.218080e-11 -2.299097e-15 
9.261664e-11 -2.908227e-15 
9.305248e-11 -3.673370e-15 
9.348833e-11 -4.633109e-15 
9.392417e-11 -5.835211e-15 
9.436001e-11 -7.338723e-15 
9.479586e-11 -9.216519e-15 
9.523170e-11 -1.155841e-14 
9.566754e-11 -1.447490e-14 
9.610338e-11 -1.810178e-14 
9.653923e-11 -2.260557e-14 
9.697507e-11 -2.819029e-14 
9.741091e-11 -3.510540e-14 
9.784676e-11 -4.365553e-14 
9.828260e-11 -5.421205e-14 
9.871844e-11 -6.722707e-14 
9.915429e-11 -8.325007e-14 
9.959013e-11 -1.029479e-13 
1.000260e-10 -1.271285e-13 
1.004618e-10 -1.567694e-13 
1.008977e-10 -1.930513e-13 
1.013335e-10 -2.373983e-13 
1.017693e-10 -2.915250e-13 
1.022052e-10 -3.574931e-13 
1.026410e-10 -4.377774e-13 
1.030769e-10 -5.353440e-13 
1.035127e-10 -6.537426e-13 
1.039486e-10 -7.972141e-13 
1.043844e-10 -9.708175e-13 
1.048202e-10 -1.180578e-12 
1.052561e-10 -1.433663e-12 
1.056919e-10 -1.738577e-12 
1.061278e-10 -2.105408e-12 
1.065636e-10 -2.546091e-12 
1.069995e-10 -3.074729e-12 
1.074353e-10 -3.707965e-12 
1.078711e-10 -4.465398e-12 
1.083070e-10 -5.370079e-12 
1.087428e-10 -6.449075e-12 
1.091787e-10 -7.734113e-12 
1.096145e-10 -9.262327e-12 
1.100504e-10 -1.107711e-11 
1.104862e-10 -1.322908e-11 
1.109220e-10 -1.577720e-11 
1.113579e-10 -1.879003e-11 
1.117937e-10 -2.234716e-11 
1.122296e-10 -2.654086e-11 
1.126654e-10 -3.147786e-11 
1.131013e-10 -3.728151e-11 
1.135371e-10 -4.409404e-11 
1.139729e-10 -5.207924e-11 
1.144088e-10 -6.142538e-11 
1.148446e-10 -7.234852e-11 
1.152805e-10 -8.509622e-11 
1.157163e-10 -9.995162e-11 
1.161522e-10 -1.172380e-10 
1.165880e-10 -1.373240e-10 
1.170238e-10 -1.606289e-10 
1.174597e-10 -1.876293e-10 
1.178955e-10 -2.188655e-10 
1.183314e-10 -2.549492e-10 
1.187672e-10 -2.965718e-10 
1.192031e-10 -3.445134e-10 
1.196389e-10 -3.996525e-10 
1.200748e-10 -4.629767e-10 
1.205106e-10 -5.355942e-10 
1.209464e-10 -6.187469e-10 
1.213823e-10 -7.138229e-10 
1.218181e-10 -8.223720e-10 
1.222540e-10 -9.461207e-10 
1.226898e-10 -1.086989e-09 
1.231257e-10 -1.247108e-09 
1.235615e-10 -1.428839e-09 
1.239973e-10 -1.634793e-09 
1.244332e-10 -1.867852e-09 
1.248690e-10 -2.131190e-09 
1.253049e-10 -2.428296e-09 
1.257407e-10 -2.763000e-09 
1.261766e-10 -3.139493e-09 
1.266124e-10 -3.562356e-09 
1.270482e-10 -4.036585e-09 
1.274841e-10 -4.567616e-09 
1.279199e-10 -5.161349e-09 
1.283558e-10 -5.824179e-09 
1.287916e-10 -6.563018e-09 
1.292275e-10 -7.385320e-09 
1.296633e-10 -8.299106e-09 
1.300991e-10 -9.312987e-09 
1.305350e-10 -1.043618e-08 
1.309708e-10 -1.167854e-08 
1.314067e-10 -1.305055e-08 
1.318425e-10 -1.456335e-08 
1.322784e-10 -1.622876e-08 
1.327142e-10 -1.805926e-08 
1.331500e-10 -2.006798e-08 
1.335859e-10 -2.226872e-08 
1.340217e-10 -2.467591e-08 
1.344576e-10 -2.730463e-08 
1.348934e-10 -3.017051e-08 
1.353293e-10 -3.328976e-08 
1.357651e-10 -3.667906e-08 
1.362009e-10 -4.035556e-08 
1.366368e-10 -4.433674e-08 
1.370726e-10 -4.864039e-08 
1.375085e-10 -5.328446e-08 
1.379443e-10 -5.828698e-08 
1.383802e-10 -6.366589e-08 
1.388160e-10 -6.943895e-08 
1.392518e-10 -7.562354e-08 
1.396877e-10 -8.223647e-08 
1.401235e-10 -8.929382e-08 
1.405594e-10 -9.681069e-08 
1.409952e-10 -1.048010e-07 
1.414311e-10 -1.132772e-07 
1.418669e-10 -1.222500e-07 
1.423027e-10 -1.317281e-07 
1.427386e-10 -1.417179e-07 
1.431744e-10 -1.522230e-07 
1.436103e-10 -1.632441e-07 
1.440461e-10 -1.747786e-07 
1.444820e-10 -1.868199e-07 
1.449178e-10 -1.993575e-07 
1.453536e-10 -2.123761e-07 
1.457895e-10 -2.258555e-07 
1.462253e-10 -2.397702e-07 
1.466612e-10 -2.540886e-07 
1.470970e-10 -2.687729e-07 
1.475329e-10 -2.837786e-07 
1.479687e-10 -2.990539e-07 
1.484045e-10 -3.145395e-07 
1.488404e-10 -3.301678e-07 
1.492762e-10 -3.458630e-07 
1.497121e-10 -3.615401e-07 
1.501479e-10 -3.771050e-07 
1.505838e-10 -3.924540e-07 
1.510196e-10 -4.074733e-07 
1.514554e-10 -4.220391e-07 
1.518913e-10 -4.360167e-07 
1.523271e-10 -4.492609e-07 
1.527630e-10 -4.616158e-07 
1.531988e-10 -4.729143e-07 
1.536347e-10 -4.829784e-07 
1.540705e-10 -4.916190e-07 
1.545063e-10 -4.986362e-07 
1.549422e-10 -5.038195e-07 
1.553780e-10 -5.069477e-07 
1.558139e-10 -5.077897e-07 
1.562497e-10 -5.061047e-07 
1.566856e-10 -5.016427e-07 
1.571214e-10 -4.941450e-07 
1.575572e-10 -4.833454e-07 
1.579931e-10 -4.689705e-07 
1.584289e-10 -4.507409e-07 
1.588648e-10 -4.283721e-07 
1.593006e-10 -4.015760e-07 
1.597365e-10 -3.700614e-07 
1.601723e-10 -3.335361e-07 
1.606082e-10 -2.917081e-07 
1.610440e-10 -2.442870e-07 
1.614798e-10 -1.909857e-07 
1.619157e-10 -1.315224e-07 
1.623515e-10 -6.562217e-08 
1.627874e-10 6.981065e-09 
1.632232e-10 8.654249e-08 
1.636591e-10 1.733044e-07 
1.640949e-10 2.674939e-07 
1.645307e-10 3.693211e-07 
1.649666e-10 4.789766e-07 
1.654024e-10 5.966291e-07 
1.658383e-10 7.224238e-07 
1.662741e-10 8.564792e-07 
1.667100e-10 9.988859e-07 
1.671458e-10 1.149703e-06 
1.675816e-10 1.308959e-06 
1.680175e-10 1.476643e-06 
1.684533e-10 1.652712e-06 
1.688892e-10 1.837081e-06 
1.693250e-10 2.029624e-06 
1.697609e-10 2.230173e-06 
1.701967e-10 2.438517e-06 
1.706325e-10 2.654396e-06 
1.710684e-10 2.877504e-06 
1.715042e-10 3.107488e-06 
1.719401e-10 3.343944e-06 
1.723759e-10 3.586417e-06 
1.728118e-10 3.834403e-06 
1.732476e-10 4.087346e-06 
1.736834e-10 4.344636e-06 
1.741193e-10 4.605616e-06 
1.745551e-10 4.869575e-06 
1.749910e-10 5.135753e-06 
1.754268e-10 5.403339e-06 
1.758627e-10 5.671474e-06 
1.762985e-10 5.939252e-06 
1.767343e-10 6.205723e-06 
1.771702e-10 6.469891e-06 
1.776060e-10 6.730721e-06 
1.780419e-10 6.987137e-06 
1.784777e-10 7.238027e-06 
1.789136e-10 7.482249e-06 
1.793494e-10 7.718628e-06 
1.797852e-10 7.945962e-06 
1.802211e-10 8.163030e-06 
1.806569e-10 8.368590e-06 
1.810928e-10 8.561384e-06 
1.815286e-10 8.740147e-06 
1.819645e-10 8.903605e-06 
1.824003e-10 9.050487e-06 
1.828361e-10 9.179522e-06 
1.832720e-10 9.289451e-06 
1.837078e-10 9.379026e-06 
1.841437e-10 9.447022e-06 
1.845795e-10 9.492236e-06 
1.850154e-10 9.513496e-06 
1.854512e-10 9.509663e-06 
1.858870e-10 9.479643e-06 
1.863229e-10 9.422384e-06 
1.867587e-10 9.336888e-06 
1.871946e-10 9.222214e-06 
1.876304e-10 9.077480e-06 
1.880663e-10 8.901875e-06 
1.885021e-10 8.694658e-06 
1.889379e-10 8.455165e-06 
1.893738e-10 8.182816e-06 
1.898096e-10 7.877116e-06 
1.902455e-10 7.537659e-06 
1.906813e-10 7.164136e-06 
1.911172e-10 6.756337e-06 
1.915530e-10 6.314154e-06 
1.919888e-10 5.837582e-06 
1.924247e-10 5.326727e-06 
1.928605e-10 4.781806e-06 
1.932964e-10 4.203150e-06 
1.937322e-10 3.591203e-06 
1.941681e-10 2.946528e-06 
1.946039e-10 2.269807e-06 
1.950397e-10 1.561839e-06 
1.954756e-10 8.235444e-07 
1.959114e-10 5.596119e-08 
1.963473e-10 -7.397522e-07 
1.967831e-10 -1.562320e-06 
1.972190e-10 -2.410348e-06 
1.976548e-10 -3.282329e-06 
1.980907e-10 -4.176641e-06 
1.985265e-10 -5.091552e-06 
1.989623e-10 -6.025224e-06 
1.993982e-10 -6.975712e-06 
1.998340e-10 -7.940973e-06 
2.002699e-10 -8.918868e-06 
2.007057e-10 -9.907165e-06 
2.011416e-10 -1.090355e-05 
2.015774e-10 -1.190561e-05 
2.020132e-10 -1.291090e-05 
2.024491e-10 -1.391685e-05 
2.028849e-10 -1.492086e-05 
2.033208e-10 -1.592027e-05 
2.037566e-10 -1.691238e-05 
2.041925e-10 -1.789442e-05 
2.046283e-10 -1.886361e-05 
2.050641e-10 -1.981713e-05 
2.055000e-10 -2.075214e-05 
2.059358e-10 -2.166581e-05 
2.063717e-10 -2.255527e-05 
2.068075e-10 -2.341769e-05 
2.072434e-10 -2.425022e-05 
2.076792e-10 -2.505007e-05 
2.081150e-10 -2.581443e-05 
2.085509e-10 -2.654058e-05 
2.089867e-10 -2.722582e-05 
2.094226e-10 -2.786748e-05 
2.098584e-10 -2.846301e-05 
2.102943e-10 -2.900987e-05 
2.107301e-10 -2.950564e-05 
2.111659e-10 -2.994797e-05 
2.116018e-10 -3.033460e-05 
2.120376e-10 -3.066338e-05 
2.124735e-10 -3.093226e-05 
2.129093e-10 -3.113932e-05 
2.133452e-10 -3.128274e-05 
2.137810e-10 -3.136084e-05 
2.142168e-10 -3.137208e-05 
2.146527e-10 -3.131505e-05 
2.150885e-10 -3.118849e-05 
2.155244e-10 -3.099129e-05 
2.159602e-10 -3.072250e-05 
2.163961e-10 -3.038133e-05 
2.168319e-10 -2.996715e-05 
2.172677e-10 -2.947950e-05 
2.177036e-10 -2.891811e-05 
2.181394e-10 -2.828286e-05 
2.185753e-10 -2.757382e-05 
2.190111e-10 -2.679124e-05 
2.194470e-10 -2.593556e-05 
2.198828e-10 -2.500739e-05 
2.203186e-10 -2.400753e-05 
2.207545e-10 -2.293698e-05 
2.211903e-10 -2.179690e-05 
2.216262e-10 -2.058866e-05 
2.220620e-10 -1.931380e-05 
2.224979e-10 -1.797406e-05 
2.229337e-10 -1.657133e-05 
2.233695e-10 -1.510773e-05 
2.238054e-10 -1.358550e-05 
2.242412e-10 -1.200710e-05 
2.246771e-10 -1.037514e-05 
2.251129e-10 -8.692408e-06 
2.255488e-10 -6.961848e-06 
2.259846e-10 -5.186566e-06 
2.264204e-10 -3.369821e-06 
2.268563e-10 -1.515020e-06 
2.272921e-10 3.742863e-07 
2.277280e-10 2.294413e-06 
2.281638e-10 4.241543e-06 
2.285997e-10 6.211740e-06 
2.290355e-10 8.200950e-06 
2.294713e-10 1.020501e-05 
2.299072e-10 1.221967e-05 
2.303430e-10 1.424056e-05 
2.307789e-10 1.626326e-05 
2.312147e-10 1.828327e-05 
2.316506e-10 2.029600e-05 
2.320864e-10 2.229683e-05 
2.325222e-10 2.428108e-05 
2.329581e-10 2.624406e-05 
2.333939e-10 2.818103e-05 
2.338298e-10 3.008723e-05 
2.342656e-10 3.195792e-05 
2.347015e-10 3.378836e-05 
2.351373e-10 3.557380e-05 
2.355731e-10 3.730955e-05 
2.360090e-10 3.899095e-05 
2.364448e-10 4.061338e-05 
2.368807e-10 4.217230e-05 
2.373165e-10 4.366322e-05 
2.377524e-10 4.508176e-05 
2.381882e-10 4.642361e-05 
2.386241e-10 4.768458e-05 
2.390599e-10 4.886060e-05 
2.394957e-10 4.994774e-05 
2.399316e-10 5.094218e-05 
2.403674e-10 5.184028e-05 
2.408033e-10 5.263856e-05 
2.412391e-10 5.333370e-05 
2.416750e-10 5.392259e-05 
2.421108e-10 5.440228e-05 
2.425466e-10 5.477008e-05 
2.429825e-10 5.502346e-05 
2.434183e-10 5.516015e-05 
2.438542e-10 5.517811e-05 
2.442900e-10 5.507555e-05 
2.447259e-10 5.485093e-05 
2.451617e-10 5.450296e-05 
2.455975e-10 5.403063e-05 
2.460334e-10 5.343323e-05 
2.464692e-10 5.271029e-05 
2.469051e-10 5.186167e-05 
2.473409e-10 5.088750e-05 
2.477768e-10 4.978822e-05 
2.482126e-10 4.856459e-05 
2.486484e-10 4.721765e-05 
2.490843e-10 4.574877e-05 
2.495201e-10 4.415962e-05 
2.499560e-10 4.245220e-05 
2.503918e-10 4.062880e-05 
2.508277e-10 3.869206e-05 
2.512635e-10 3.664489e-05 
2.516993e-10 3.449054e-05 
2.521352e-10 3.223254e-05 
2.525710e-10 2.987475e-05 
2.530069e-10 2.742131e-05 
2.534427e-10 2.487664e-05 
2.538786e-10 2.224546e-05 
2.543144e-10 1.953277e-05 
2.547502e-10 1.674382e-05 
2.551861e-10 1.388413e-05 
2.556219e-10 1.095945e-05 
2.560578e-10 7.975780e-06 
2.564936e-10 4.939346e-06 
2.569295e-10 1.856575e-06 
2.573653e-10 -1.265907e-06 
2.578011e-10 -4.421290e-06 
2.582370e-10 -7.602598e-06 
2.586728e-10 -1.080270e-05 
2.591087e-10 -1.401435e-05 
2.595445e-10 -1.723014e-05 
2.599804e-10 -2.044261e-05 
2.604162e-10 -2.364419e-05 
2.608520e-10 -2.682726e-05 
2.612879e-10 -2.998413e-05 
2.617237e-10 -3.310713e-05 
2.621596e-10 -3.618854e-05 
2.625954e-10 -3.922069e-05 
2.630313e-10 -4.219591e-05 
2.634671e-10 -4.510662e-05 
2.639029e-10 -4.794530e-05 
2.643388e-10 -5.070453e-05 
2.647746e-10 -5.337701e-05 
2.652105e-10 -5.595558e-05 
2.656463e-10 -5.843323e-05 
2.660822e-10 -6.080315e-05 
2.665180e-10 -6.305873e-05 
2.669538e-10 -6.519357e-05 
2.673897e-10 -6.720151e-05 
2.678255e-10 -6.907667e-05 
2.682614e-10 -7.081345e-05 
2.686972e-10 -7.240652e-05 
2.691331e-10 -7.385091e-05 
2.695689e-10 -7.514197e-05 
2.700047e-10 -7.627538e-05 
2.704406e-10 -7.724723e-05 
2.708764e-10 -7.805396e-05 
2.713123e-10 -7.869242e-05 
2.717481e-10 -7.915988e-05 
2.721840e-10 -7.945403e-05 
2.726198e-10 -7.957298e-05 
2.730556e-10 -7.951531e-05 
2.734915e-10 -7.928003e-05 
2.739273e-10 -7.886663e-05 
2.743632e-10 -7.827506e-05 
2.747990e-10 -7.750576e-05 
2.752349e-10 -7.655961e-05 
2.756707e-10 -7.543801e-05 
2.761066e-10 -7.414282e-05 
2.765424e-10 -7.267638e-05 
2.769782e-10 -7.104153e-05 
2.774141e-10 -6.924155e-05 
2.778499e-10 -6.728021e-05 
2.782858e-10 -6.516176e-05 
2.787216e-10 -6.289089e-05 
2.791575e-10 -6.047273e-05 
2.795933e-10 -5.791286e-05 
2.800291e-10 -5.521730e-05 
2.804650e-10 -5.239247e-05 
2.809008e-10 -4.944518e-05 
2.813367e-10 -4.638264e-05 
2.817725e-10 -4.321244e-05 
2.822084e-10 -3.994248e-05 
2.826442e-10 -3.658103e-05 
2.830800e-10 -3.313666e-05 
2.835159e-10 -2.961823e-05 
2.839517e-10 -2.603487e-05 
2.843876e-10 -2.239596e-05 
2.848234e-10 -1.871109e-05 
2.852593e-10 -1.499006e-05 
2.856951e-10 -1.124286e-05 
2.861309e-10 -7.479594e-06 
2.865668e-10 -3.710517e-06 
2.870026e-10 5.403174e-08 
2.874385e-10 3.803642e-06 
2.878743e-10 7.527860e-06 
2.883102e-10 1.121622e-05 
2.887460e-10 1.485827e-05 
2.891818e-10 1.844360e-05 
2.896177e-10 2.196186e-05 
2.900535e-10 2.540281e-05 
2.904894e-10 2.875633e-05 
2.909252e-10 3.201246e-05 
2.913611e-10 3.516140e-05 
2.917969e-10 3.819358e-05 
2.922327e-10 4.109964e-05 
2.926686e-10 4.387051e-05 
2.931044e-10 4.649737e-05 
2.935403e-10 4.897174e-05 
2.939761e-10 5.128545e-05 
2.944120e-10 5.343070e-05 
2.948478e-10 5.540005e-05 
2.952836e-10 5.718649e-05 
2.957195e-10 5.878339e-05 
2.961553e-10 6.018458e-05 
2.965912e-10 6.138434e-05 
2.970270e-10 6.237742e-05 
2.974629e-10 6.315905e-05 
2.978987e-10 6.372495e-05 
2.983345e-10 6.407135e-05 
2.987704e-10 6.419502e-05 
2.992062e-10 6.409324e-05 
2.996421e-10 6.376380e-05 
3.000779e-10 6.320506e-05 
3.005138e-10 6.241590e-05 
3.009496e-10 6.139576e-05 
3.013854e-10 6.014460e-05 
3.018213e-10 5.866293e-05 
3.022571e-10 5.695179e-05 
3.026930e-10 5.501275e-05 
3.031288e-10 5.284790e-05 
3.035647e-10 5.045985e-05 
3.040005e-10 4.785170e-05 
3.044363e-10 4.502704e-05 
3.048722e-10 4.198995e-05 
3.053080e-10 3.874496e-05 
3.057439e-10 3.529704e-05 
3.061797e-10 3.165160e-05 
3.066156e-10 2.781443e-05 
3.070514e-10 2.379174e-05 
3.074872e-10 1.959007e-05 
3.079231e-10 1.521633e-05 
3.083589e-10 1.067774e-05 
3.087948e-10 5.981782e-06 
3.092306e-10 1.136248e-06 
3.096665e-10 -3.850854e-06 
3.101023e-10 -8.971299e-06 
3.105381e-10 -1.421668e-05 
3.109740e-10 -1.957842e-05 
3.114098e-10 -2.504783e-05 
3.118457e-10 -3.061612e-05 
3.122815e-10 -3.627443e-05 
3.127174e-10 -4.201386e-05 
3.131532e-10 -4.782549e-05 
3.135890e-10 -5.370045e-05 
3.140249e-10 -5.962990e-05 
3.144607e-10 -6.560509e-05 
3.148966e-10 -7.161738e-05 
3.153324e-10 -7.765827e-05 
3.157683e-10 -8.371943e-05 
3.162041e-10 -8.979276e-05 
3.166400e-10 -9.587035e-05 
3.170758e-10 -1.019446e-04 
3.175116e-10 -1.080081e-04 
3.179475e-10 -1.140539e-04 
3.183833e-10 -1.200753e-04 
3.188192e-10 -1.260659e-04 
3.192550e-10 -1.320199e-04 
3.196909e-10 -1.379317e-04 
3.201267e-10 -1.437963e-04 
3.205625e-10 -1.496092e-04 
3.209984e-10 -1.553661e-04 
3.214342e-10 -1.610635e-04 
3.218701e-10 -1.666984e-04 
3.223059e-10 -1.722681e-04 
3.227418e-10 -1.777709e-04 
3.231776e-10 -1.832052e-04 
3.236134e-10 -1.885704e-04 
3.240493e-10 -1.938662e-04 
3.244851e-10 -1.990931e-04 
3.249210e-10 -2.042521e-04 
3.253568e-10 -2.093450e-04 
3.257927e-10 -2.143742e-04 
3.262285e-10 -2.193425e-04 
3.266643e-10 -2.242537e-04 
3.271002e-10 -2.291121e-04 
3.275360e-10 -2.339226e-04 
3.279719e-10 -2.386908e-04 
3.284077e-10 -2.434228e-04 
3.288436e-10 -2.481256e-04 
3.292794e-10 -2.528067e-04 
3.297152e-10 -2.574740e-04 
3.301511e-10 -2.621363e-04 
3.305869e-10 -2.668027e-04 
3.310228e-10 -2.714830e-04 
3.314586e-10 -2.761875e-04 
3.318945e-10 -2.809269e-04 
3.323303e-10 -2.857126e-04 
3.327661e-10 -2.905560e-04 
3.332020e-10 -2.954694e-04 
3.336378e-10 -3.004650e-04 
3.340737e-10 -3.055555e-04 
3.345095e-10 -3.107538e-04 
3.349454e-10 -3.160732e-04 
3.353812e-10 -3.215269e-04 
3.358170e-10 -3.271283e-04 
3.362529e-10 -3.328908e-04 
3.366887e-10 -3.388277e-04 
3.371246e-10 -3.449525e-04 
3.375604e-10 -3.512782e-04 
3.379963e-10 -3.578178e-04 
3.384321e-10 -3.645839e-04 
3.388679e-10 -3.715889e-04 
3.393038e-10 -3.788445e-04 
3.397396e-10 -3.863621e-04 
3.401755e-10 -3.941525e-04 
3.406113e-10 -4.022259e-04 
3.410472e-10 -4.105917e-04 
3.414830e-10 -4.192588e-04 
3.419188e-10 -4.282349e-04 
3.423547e-10 -4.375271e-04 
3.427905e-10 -4.471416e-04 
3.432264e-10 -4.570835e-04 
3.436622e-10 -4.673570e-04 
3.440981e-10 -4.779653e-04 
3.445339e-10 -4.889105e-04 
3.449697e-10 -5.001937e-04 
3.454056e-10 -5.118149e-04 
3.458414e-10 -5.237731e-04 
3.462773e-10 -5.360662e-04 
3.467131e-10 -5.486912e-04 
3.471490e-10 -5.616441e-04 
3.475848e-10 -5.749199e-04 
3.480206e-10 -5.885129e-04 
3.484565e-10 -6.024165e-04 
3.488923e-10 -6.166234e-04 
3.493282e-10 -6.311257e-04 
3.497640e-10 -6.459150e-04 
3.501999e-10 -6.609825e-04 
3.506357e-10 -6.763191e-04 
3.510715e-10 -6.919153e-04 
3.515074e-10 -7.077619e-04 
3.519432e-10 -7.238495e-04 
3.523791e-10 -7.401689e-04 
3.528149e-10 -7.567113e-04 
3.532508e-10 -7.734683e-04 
3.536866e-10 -7.904319e-04 
3.541224e-10 -8.075951e-04 
3.545583e-10 -8.249512e-04 
3.549941e-10 -8.424947e-04 
3.554300e-10 -8.602209e-04 
3.558658e-10 -8.781260e-04 
3.563017e-10 -8.962073e-04 
3.567375e-10 -9.144632e-04 
3.571734e-10 -9.328930e-04 
3.576092e-10 -9.514972e-04 
3.580450e-10 -9.702772e-04 
3.584809e-10 -9.892354e-04 
3.589167e-10 -1.008375e-03 
3.593526e-10 -1.027700e-03 
3.597884e-10 -1.047215e-03 
3.602243e-10 -1.066925e-03 
3.606601e-10 -1.086835e-03 
3.610959e-10 -1.106950e-03 
3.615318e-10 -1.127276e-03 
3.619676e-10 -1.147817e-03 
3.624035e-10 -1.168577e-03 
3.628393e-10 -1.189559e-03 
3.632752e-10 -1.210765e-03 
3.637110e-10 -1.232195e-03 
3.641468e-10 -1.253847e-03 
3.645827e-10 -1.275718e-03 
3.650185e-10 -1.297801e-03 
3.654544e-10 -1.320087e-03 
3.658902e-10 -1.342565e-03 
3.663261e-10 -1.365219e-03 
3.667619e-10 -1.388031e-03 
3.671977e-10 -1.410978e-03 
3.676336e-10 -1.434035e-03 
3.680694e-10 -1.457172e-03 
3.685053e-10 -1.480354e-03 
3.689411e-10 -1.503545e-03 
3.693770e-10 -1.526702e-03 
3.698128e-10 -1.549780e-03 
3.702486e-10 -1.572729e-03 
3.706845e-10 -1.595496e-03 
3.711203e-10 -1.618024e-03 
3.715562e-10 -1.640255e-03 
3.719920e-10 -1.662125e-03 
3.724279e-10 -1.683570e-03 
3.728637e-10 -1.704524e-03 
3.732995e-10 -1.724919e-03 
3.737354e-10 -1.744685e-03 
3.741712e-10 -1.763754e-03 
3.746071e-10 -1.782058e-03 
3.750429e-10 -1.799527e-03 
3.754788e-10 -1.816097e-03 
3.759146e-10 -1.831703e-03 
3.763504e-10 -1.846284e-03 
3.767863e-10 -1.859784e-03 
3.772221e-10 -1.872150e-03 
3.776580e-10 -1.883333e-03 
3.780938e-10 -1.893291e-03 
3.785297e-10 -1.901990e-03 
3.789655e-10 -1.909398e-03 
3.794013e-10 -1.915495e-03 
3.798372e-10 -1.920266e-03 
3.802730e-10 -1.923705e-03 
3.807089e-10 -1.925813e-03 
3.811447e-10 -1.926602e-03 
3.815806e-10 -1.926090e-03 
3.820164e-10 -1.924305e-03 
3.824522e-10 -1.921283e-03 
3.828881e-10 -1.917070e-03 
3.833239e-10 -1.911717e-03 
3.837598e-10 -1.905287e-03 
3.841956e-10 -1.897847e-03 
3.846315e-10 -1.889471e-03 
3.850673e-10 -1.880241e-03 
3.855031e-10 -1.870244e-03 
3.859390e-10 -1.859570e-03 
3.863748e-10 -1.848315e-03 
3.868107e-10 -1.836576e-03 
3.872465e-10 -1.824453e-03 
3.876824e-10 -1.812046e-03 
3.881182e-10 -1.799455e-03 
3.885540e-10 -1.786781e-03 
3.889899e-10 -1.774118e-03 
3.894257e-10 -1.761560e-03 
3.898616e-10 -1.749196e-03 
3.902974e-10 -1.737108e-03 
3.907333e-10 -1.725372e-03 
3.911691e-10 -1.714057e-03 
3.916049e-10 -1.703223e-03 
3.920408e-10 -1.692921e-03 
3.924766e-10 -1.683191e-03 
3.929125e-10 -1.674064e-03 
3.933483e-10 -1.665557e-03 
3.937842e-10 -1.657677e-03 
3.942200e-10 -1.650420e-03 
3.946559e-10 -1.643767e-03 
3.950917e-10 -1.637690e-03 
3.955275e-10 -1.632146e-03 
3.959634e-10 -1.627080e-03 
3.963992e-10 -1.622427e-03 
3.968351e-10 -1.618109e-03 
3.972709e-10 -1.614037e-03 
3.977068e-10 -1.610114e-03 
3.981426e-10 -1.606231e-03 
3.985784e-10 -1.602271e-03 
3.990143e-10 -1.598110e-03 
3.994501e-10 -1.593618e-03 
3.998860e-10 -1.588658e-03 
4.003218e-10 -1.583091e-03 
4.007577e-10 -1.576772e-03 
4.011935e-10 -1.569556e-03 
4.016293e-10 -1.561300e-03 
4.020652e-10 -1.551858e-03 
4.025010e-10 -1.541088e-03 
4.029369e-10 -1.528853e-03 
4.033727e-10 -1.515020e-03 
4.038086e-10 -1.499461e-03 
4.042444e-10 -1.482057e-03 
4.046802e-10 -1.462698e-03 
4.051161e-10 -1.441284e-03 
4.055519e-10 -1.417724e-03 
4.059878e-10 -1.391940e-03 
4.064236e-10 -1.363866e-03 
4.068595e-10 -1.333451e-03 
4.072953e-10 -1.300656e-03 
4.077311e-10 -1.265458e-03 
4.081670e-10 -1.227847e-03 
4.086028e-10 -1.187829e-03 
4.090387e-10 -1.145427e-03 
4.094745e-10 -1.100676e-03 
4.099104e-10 -1.053628e-03 
4.103462e-10 -1.004350e-03 
4.107820e-10 -9.529242e-04 
4.112179e-10 -8.994447e-04 
4.116537e-10 -8.440209e-04 
4.120896e-10 -7.867745e-04 
4.125254e-10 -7.278397e-04 
4.129613e-10 -6.673616e-04 
4.133971e-10 -6.054958e-04 
4.138329e-10 -5.424074e-04 
4.142688e-10 -4.782697e-04 
4.147046e-10 -4.132631e-04 
4.151405e-10 -3.475743e-04 
4.155763e-10 -2.813949e-04 
4.160122e-10 -2.149199e-04 
4.164480e-10 -1.483472e-04 
4.168838e-10 -8.187571e-05 
4.173197e-10 -1.570467e-05 
4.177555e-10 4.996789e-05 
4.181914e-10 1.149461e-04 
4.186272e-10 1.790375e-04 
4.190631e-10 2.420539e-04 
4.194989e-10 3.038128e-04 
4.199347e-10 3.641377e-04 
4.203706e-10 4.228597e-04 
4.208064e-10 4.798181e-04 
4.212423e-10 5.348609e-04 
4.216781e-10 5.878459e-04 
4.221140e-10 6.386408e-04 
4.225498e-10 6.871245e-04 
4.229856e-10 7.331869e-04 
4.234215e-10 7.767293e-04 
4.238573e-10 8.176651e-04 
4.242932e-10 8.559197e-04 
4.247290e-10 8.914308e-04 
4.251649e-10 9.241481e-04 
4.256007e-10 9.540338e-04 
4.260365e-10 9.810619e-04 
4.264724e-10 1.005219e-03 
4.269082e-10 1.026502e-03 
4.273441e-10 1.044920e-03 
4.277799e-10 1.060495e-03 
4.282158e-10 1.073256e-03 
4.286516e-10 1.083244e-03 
4.290874e-10 1.090510e-03 
4.295233e-10 1.095114e-03 
4.299591e-10 1.097123e-03 
4.303950e-10 1.096614e-03 
4.308308e-10 1.093670e-03 
4.312667e-10 1.088381e-03 
4.317025e-10 1.080842e-03 
4.321383e-10 1.071154e-03 
4.325742e-10 1.059423e-03 
4.330100e-10 1.045759e-03 
4.334459e-10 1.030274e-03 
4.338817e-10 1.013083e-03 
4.343176e-10 9.943039e-04 
4.347534e-10 9.740547e-04 
4.351893e-10 9.524547e-04 
4.356251e-10 9.296231e-04 
4.360609e-10 9.056788e-04 
4.364968e-10 8.807396e-04 
4.369326e-10 8.549220e-04 
4.373685e-10 8.283402e-04 
4.378043e-10 8.011063e-04 
4.382402e-10 7.733296e-04 
4.386760e-10 7.451162e-04 
4.391118e-10 7.165686e-04 
4.395477e-10 6.877858e-04 
4.399835e-10 6.588627e-04 
4.404194e-10 6.298897e-04 
4.408552e-10 6.009532e-04 
4.412911e-10 5.721347e-04 
4.417269e-10 5.435110e-04 
4.421627e-10 5.151543e-04 
4.425986e-10 4.871319e-04 
4.430344e-10 4.595061e-04 
4.434703e-10 4.323344e-04 
4.439061e-10 4.056696e-04 
4.443420e-10 3.795593e-04 
4.447778e-10 3.540469e-04 
4.452136e-10 3.291706e-04 
4.456495e-10 3.049645e-04 
4.460853e-10 2.814581e-04 
4.465212e-10 2.586767e-04 
4.469570e-10 2.366413e-04 
4.473929e-10 2.153692e-04 
4.478287e-10 1.948738e-04 
4.482645e-10 1.751649e-04 
4.487004e-10 1.562489e-04 
4.491362e-10 1.381289e-04 
4.495721e-10 1.208053e-04 
4.500079e-10 1.042753e-04 
4.504438e-10 8.853357e-05 
4.508796e-10 7.357250e-05 
4.513154e-10 5.938212e-05 
4.517513e-10 4.595045e-05 
4.521871e-10 3.326367e-05 
4.526230e-10 2.130629e-05 
4.530588e-10 1.006133e-05 
4.534947e-10 -4.894951e-07 
4.539305e-10 -1.036560e-05 
4.543663e-10 -1.958740e-05 
4.548022e-10 -2.817611e-05 
4.552380e-10 -3.615362e-05 
4.556739e-10 -4.354238e-05 
4.561097e-10 -5.036520e-05 
4.565456e-10 -5.664520e-05 
4.569814e-10 -6.240564e-05 
4.574172e-10 -6.766981e-05 
4.578531e-10 -7.246095e-05 
4.582889e-10 -7.680217e-05 
4.587248e-10 -8.071629e-05 
4.591606e-10 -8.422582e-05 
4.595965e-10 -8.735288e-05 
4.600323e-10 -9.011909e-05 
4.604681e-10 -9.254556e-05 
4.609040e-10 -9.465279e-05 
4.613398e-10 -9.646063e-05 
4.617757e-10 -9.798825e-05 
4.622115e-10 -9.925410e-05 
4.626474e-10 -1.002758e-04 
4.630832e-10 -1.010703e-04 
4.635190e-10 -1.016537e-04 
4.639549e-10 -1.020410e-04 
4.643907e-10 -1.022467e-04 
4.648266e-10 -1.022843e-04 
4.652624e-10 -1.021663e-04 
4.656983e-10 -1.019045e-04 
4.661341e-10 -1.015097e-04 
4.665699e-10 -1.009918e-04 
4.670058e-10 -1.003599e-04 
4.674416e-10 -9.962220e-05 
4.678775e-10 -9.878602e-05 
4.683133e-10 -9.785789e-05 
4.687492e-10 -9.684352e-05 
4.691850e-10 -9.574781e-05 
4.696208e-10 -9.457493e-05 
4.700567e-10 -9.332831e-05 
4.704925e-10 -9.201069e-05 
4.709284e-10 -9.062415e-05 
4.713642e-10 -8.917018e-05 
4.718001e-10 -8.764969e-05 
4.722359e-10 -8.606308e-05 
4.726717e-10 -8.441029e-05 
4.731076e-10 -8.269084e-05 
4.735434e-10 -8.090390e-05 
4.739793e-10 -7.904835e-05 
4.744151e-10 -7.712282e-05 
4.748510e-10 -7.512578e-05 
4.752868e-10 -7.305559e-05 
4.757227e-10 -7.091054e-05 
4.761585e-10 -6.868896e-05 
4.765943e-10 -6.638925e-05 
4.770302e-10 -6.400996e-05 
4.774660e-10 -6.154983e-05 
4.779019e-10 -5.900788e-05 
4.783377e-10 -5.638344e-05 
4.787736e-10 -5.367623e-05 
4.792094e-10 -5.088639e-05 
4.796452e-10 -4.801455e-05 
4.800811e-10 -4.506186e-05 
4.805169e-10 -4.203004e-05 
4.809528e-10 -3.892139e-05 
4.813886e-10 -3.573887e-05 
4.818245e-10 -3.248608e-05 
4.822603e-10 -2.916728e-05 
4.826961e-10 -2.578745e-05 
4.831320e-10 -2.235221e-05 
4.835678e-10 -1.886793e-05 
4.840037e-10 -1.534161e-05 
4.844395e-10 -1.178094e-05 
4.848754e-10 -8.194279e-06 
4.853112e-10 -4.590572e-06 
4.857470e-10 -9.793709e-07 
4.861829e-10 2.629230e-06 
4.866187e-10 6.224634e-06 
4.870546e-10 9.795795e-06 
4.874904e-10 1.333127e-05 
4.879263e-10 1.681930e-05 
4.883621e-10 2.024783e-05 
4.887979e-10 2.360466e-05 
4.892338e-10 2.687741e-05 
4.896696e-10 3.005372e-05 
4.901055e-10 3.312122e-05 
4.905413e-10 3.606770e-05 
4.909772e-10 3.888111e-05 
4.914130e-10 4.154974e-05 
4.918488e-10 4.406221e-05 
4.922847e-10 4.640762e-05 
4.927205e-10 4.857563e-05 
4.931564e-10 5.055649e-05 
4.935922e-10 5.234118e-05 
4.940281e-10 5.392147e-05 
4.944639e-10 5.528999e-05 
4.948997e-10 5.644028e-05 
4.953356e-10 5.736692e-05 
4.957714e-10 5.806554e-05 
4.962073e-10 5.853287e-05 
4.966431e-10 5.876687e-05 
4.970790e-10 5.876668e-05 
4.975148e-10 5.853275e-05 
4.979506e-10 5.806679e-05 
4.983865e-10 5.737188e-05 
4.988223e-10 5.645244e-05 
4.992582e-10 5.531426e-05 
4.996940e-10 5.396450e-05 
5.001299e-10 5.241172e-05 
5.005657e-10 5.066581e-05 
5.010015e-10 4.873805e-05 
5.014374e-10 4.664102e-05 
5.018732e-10 4.438862e-05 
5.023091e-10 4.199597e-05 
5.027449e-10 3.947943e-05 
5.031808e-10 3.685650e-05 
5.036166e-10 3.414578e-05 
5.040524e-10 3.136688e-05 
5.044883e-10 2.854036e-05 
5.049241e-10 2.568765e-05 
5.053600e-10 2.283093e-05 
5.057958e-10 1.999307e-05 
5.062317e-10 1.719753e-05 
5.066675e-10 1.446822e-05 
5.071033e-10 1.182943e-05 
5.075392e-10 9.305680e-06 
5.079750e-10 6.921641e-06 
5.084109e-10 4.701988e-06 
5.088467e-10 2.671291e-06 
5.092826e-10 8.538914e-07 
5.097184e-10 -7.262206e-07 
5.101542e-10 -2.045529e-06 
5.105901e-10 -3.081113e-06 
5.110259e-10 -3.810767e-06 
5.114618e-10 -4.213119e-06 
5.118976e-10 -4.267746e-06 
5.123335e-10 -3.955283e-06 
5.127693e-10 -3.257534e-06 
5.132052e-10 -2.157574e-06 
5.136410e-10 -6.398441e-07 
5.140768e-10 1.309754e-06 
5.145127e-10 3.703773e-06 
5.149485e-10 6.553145e-06 
5.153844e-10 9.867104e-06 
5.158202e-10 1.365313e-05 
5.162561e-10 1.791688e-05 
5.166919e-10 2.266217e-05 
5.171277e-10 2.789090e-05 
5.175636e-10 3.360304e-05 
5.179994e-10 3.979661e-05 
5.184353e-10 4.646769e-05 
5.188711e-10 5.361037e-05 
5.193070e-10 6.121681e-05 
5.197428e-10 6.927720e-05 
5.201786e-10 7.777985e-05 
5.206145e-10 8.671116e-05 
5.210503e-10 9.605572e-05 
5.214862e-10 1.057963e-04 
5.219220e-10 1.159140e-04 
5.223579e-10 1.263883e-04 
5.227937e-10 1.371970e-04 
5.232295e-10 1.483164e-04 
5.236654e-10 1.597216e-04 
5.241012e-10 1.713863e-04 
5.245371e-10 1.832828e-04 
5.249729e-10 1.953827e-04 
5.254088e-10 2.076564e-04 
5.258446e-10 2.200735e-04 
5.262804e-10 2.326030e-04 
5.267163e-10 2.452131e-04 
5.271521e-10 2.578718e-04 
5.275880e-10 2.705466e-04 
5.280238e-10 2.832050e-04 
5.284597e-10 2.958143e-04 
5.288955e-10 3.083421e-04 
5.293313e-10 3.207559e-04 
5.297672e-10 3.330239e-04 
5.302030e-10 3.451148e-04 
5.306389e-10 3.569976e-04 
5.310747e-10 3.686425e-04 
5.315106e-10 3.800204e-04 
5.319464e-10 3.911031e-04 
5.323822e-10 4.018637e-04 
5.328181e-10 4.122765e-04 
5.332539e-10 4.223170e-04 
5.336898e-10 4.319623e-04 
5.341256e-10 4.411910e-04 
5.345615e-10 4.499831e-04 
5.349973e-10 4.583204e-04 
5.354331e-10 4.661865e-04 
5.358690e-10 4.735665e-04 
5.363048e-10 4.804477e-04 
5.367407e-10 4.868189e-04 
5.371765e-10 4.926710e-04 
5.376124e-10 4.979965e-04 
5.380482e-10 5.027902e-04 
5.384840e-10 5.070483e-04 
5.389199e-10 5.107693e-04 
5.393557e-10 5.139533e-04 
5.397916e-10 5.166022e-04 
5.402274e-10 5.187198e-04 
5.406633e-10 5.203116e-04 
5.410991e-10 5.213846e-04 
5.415349e-10 5.219475e-04 
5.419708e-10 5.220106e-04 
5.424066e-10 5.215856e-04 
5.428425e-10 5.206856e-04 
5.432783e-10 5.193248e-04 
5.437142e-10 5.175189e-04 
5.441500e-10 5.152844e-04 
5.445858e-10 5.126391e-04 
5.450217e-10 5.096015e-04 
5.454575e-10 5.061909e-04 
5.458934e-10 5.024274e-04 
5.463292e-10 4.983317e-04 
5.467651e-10 4.939250e-04 
5.472009e-10 4.892288e-04 
5.476367e-10 4.842649e-04 
5.480726e-10 4.790556e-04 
5.485084e-10 4.736228e-04 
5.489443e-10 4.679890e-04 
5.493801e-10 4.621761e-04 
5.498160e-10 4.562062e-04 
5.502518e-10 4.501011e-04 
5.506876e-10 4.438821e-04 
5.511235e-10 4.375703e-04 
5.515593e-10 4.311863e-04 
5.519952e-10 4.247503e-04 
5.524310e-10 4.182816e-04 
5.528669e-10 4.117993e-04 
5.533027e-10 4.053214e-04 
5.537386e-10 3.988656e-04 
5.541744e-10 3.924485e-04 
5.546102e-10 3.860861e-04 
5.550461e-10 3.797936e-04 
5.554819e-10 3.735851e-04 
5.559178e-10 3.674741e-04 
5.563536e-10 3.614732e-04 
5.567895e-10 3.555938e-04 
5.572253e-10 3.498468e-04 
5.576611e-10 3.442419e-04 
5.580970e-10 3.387880e-04 
5.585328e-10 3.334929e-04 
5.589687e-10 3.283637e-04 
5.594045e-10 3.234064e-04 
5.598404e-10 3.186262e-04 
5.602762e-10 3.140272e-04 
5.607120e-10 3.096129e-04 
5.611479e-10 3.053856e-04 
5.615837e-10 3.013469e-04 
5.620196e-10 2.974974e-04 
5.624554e-10 2.938370e-04 
5.628913e-10 2.903647e-04 
5.633271e-10 2.870785e-04 
5.637629e-10 2.839759e-04 
5.641988e-10 2.810535e-04 
5.646346e-10 2.783070e-04 
5.650705e-10 2.757315e-04 
5.655063e-10 2.733214e-04 
5.659422e-10 2.710704e-04 
5.663780e-10 2.689715e-04 
5.668138e-10 2.670171e-04 
5.672497e-10 2.651989e-04 
5.676855e-10 2.635083e-04 
5.681214e-10 2.619359e-04 
5.685572e-10 2.604719e-04 
5.689931e-10 2.591059e-04 
5.694289e-10 2.578274e-04 
5.698647e-10 2.566252e-04 
5.703006e-10 2.554878e-04 
5.707364e-10 2.544035e-04 
5.711723e-10 2.533602e-04 
5.716081e-10 2.523458e-04 
5.720440e-10 2.513477e-04 
5.724798e-10 2.503535e-04 
5.729156e-10 2.493504e-04 
5.733515e-10 2.483257e-04 
5.737873e-10 2.472667e-04 
5.742232e-10 2.461607e-04 
5.746590e-10 2.449952e-04 
5.750949e-10 2.437578e-04 
5.755307e-10 2.424361e-04 
5.759665e-10 2.410180e-04 
5.764024e-10 2.394919e-04 
5.768382e-10 2.378462e-04 
5.772741e-10 2.360699e-04 
5.777099e-10 2.341520e-04 
5.781458e-10 2.320824e-04 
5.785816e-10 2.298512e-04 
5.790174e-10 2.274489e-04 
5.794533e-10 2.248668e-04 
5.798891e-10 2.220964e-04 
5.803250e-10 2.191302e-04 
5.807608e-10 2.159609e-04 
5.811967e-10 2.125822e-04 
5.816325e-10 2.089881e-04 
5.820683e-10 2.051734e-04 
5.825042e-10 2.011338e-04 
5.829400e-10 1.968654e-04 
5.833759e-10 1.923652e-04 
5.838117e-10 1.876308e-04 
5.842476e-10 1.826606e-04 
5.846834e-10 1.774538e-04 
5.851192e-10 1.720101e-04 
5.855551e-10 1.663302e-04 
5.859909e-10 1.604154e-04 
5.864268e-10 1.542678e-04 
5.868626e-10 1.478902e-04 
5.872985e-10 1.412861e-04 
5.877343e-10 1.344598e-04 
5.881701e-10 1.274161e-04 
5.886060e-10 1.201608e-04 
5.890418e-10 1.127002e-04 
5.894777e-10 1.050412e-04 
5.899135e-10 9.719137e-05 
5.903494e-10 8.915903e-05 
5.907852e-10 8.095299e-05 
5.912211e-10 7.258266e-05 
5.916569e-10 6.405801e-05 
5.920927e-10 5.538955e-05 
5.925286e-10 4.658827e-05 
5.929644e-10 3.766566e-05 
5.934003e-10 2.863365e-05 
5.938361e-10 1.950457e-05 
5.942720e-10 1.029115e-05 
5.947078e-10 1.006494e-06 
5.951436e-10 -8.336004e-06 
5.955795e-10 -1.772264e-05 
5.960153e-10 -2.713946e-05 
5.964512e-10 -3.657229e-05 
5.968870e-10 -4.600677e-05 
5.973229e-10 -5.542836e-05 
5.977587e-10 -6.482243e-05 
5.981945e-10 -7.417425e-05 
5.986304e-10 -8.346904e-05 
5.990662e-10 -9.269201e-05 
5.995021e-10 -1.018284e-04 
5.999379e-10 -1.108634e-04 
6.003738e-10 -1.197824e-04 
6.008096e-10 -1.285708e-04 
6.012454e-10 -1.372143e-04 
6.016813e-10 -1.456986e-04 
6.021171e-10 -1.540097e-04 
6.025530e-10 -1.621338e-04 
6.029888e-10 -1.700574e-04 
6.034247e-10 -1.777672e-04 
6.038605e-10 -1.852502e-04 
6.042963e-10 -1.924938e-04 
6.047322e-10 -1.994858e-04 
6.051680e-10 -2.062144e-04 
6.056039e-10 -2.126680e-04 
6.060397e-10 -2.188356e-04 
6.064756e-10 -2.247066e-04 
6.069114e-10 -2.302708e-04 
6.073472e-10 -2.355187e-04 
6.077831e-10 -2.404410e-04 
6.082189e-10 -2.450291e-04 
6.086548e-10 -2.492749e-04 
6.090906e-10 -2.531708e-04 
6.095265e-10 -2.567099e-04 
6.099623e-10 -2.598857e-04 
6.103981e-10 -2.626925e-04 
6.108340e-10 -2.651248e-04 
6.112698e-10 -2.671783e-04 
6.117057e-10 -2.688488e-04 
6.121415e-10 -2.701331e-04 
6.125774e-10 -2.710285e-04 
6.130132e-10 -2.715330e-04 
6.134490e-10 -2.716452e-04 
6.138849e-10 -2.713646e-04 
6.143207e-10 -2.706910e-04 
6.147566e-10 -2.696254e-04 
6.151924e-10 -2.681691e-04 
6.156283e-10 -2.663243e-04 
6.160641e-10 -2.640939e-04 
6.164999e-10 -2.614815e-04 
6.169358e-10 -2.584915e-04 
6.173716e-10 -2.551290e-04 
6.178075e-10 -2.513997e-04 
6.182433e-10 -2.473102e-04 
6.186792e-10 -2.428679e-04 
6.191150e-10 -2.380806e-04 
6.195508e-10 -2.329572e-04 
6.199867e-10 -2.275070e-04 
6.204225e-10 -2.217402e-04 
6.208584e-10 -2.156676e-04 
6.212942e-10 -2.093006e-04 
6.217301e-10 -2.026516e-04 
6.221659e-10 -1.957332e-04 
6.226017e-10 -1.885588e-04 
6.230376e-10 -1.811426e-04 
6.234734e-10 -1.734990e-04 
6.239093e-10 -1.656432e-04 
6.243451e-10 -1.575908e-04 
6.247810e-10 -1.493580e-04 
6.252168e-10 -1.409613e-04 
6.256526e-10 -1.324176e-04 
6.260885e-10 -1.237444e-04 
6.265243e-10 -1.149593e-04 
6.269602e-10 -1.060801e-04 
6.273960e-10 -9.712516e-05 
6.278319e-10 -8.811278e-05 
6.282677e-10 -7.906145e-05 
6.287035e-10 -6.998980e-05 
6.291394e-10 -6.091647e-05 
6.295752e-10 -5.186008e-05 
6.300111e-10 -4.283921e-05 
6.304469e-10 -3.387232e-05 
6.308828e-10 -2.497770e-05 
6.313186e-10 -1.617341e-05 
6.317545e-10 -7.477256e-06 
6.321903e-10 1.093290e-06 
6.326261e-10 9.521128e-06 
6.330620e-10 1.778959e-05 
6.334978e-10 2.588246e-05 
6.339337e-10 3.378407e-05 
6.343695e-10 4.147930e-05 
6.348054e-10 4.895365e-05 
6.352412e-10 5.619327e-05 
6.356770e-10 6.318498e-05 
6.361129e-10 6.991636e-05 
6.365487e-10 7.637571e-05 
6.369846e-10 8.255217e-05 
6.374204e-10 8.843566e-05 
6.378563e-10 9.401696e-05 
6.382921e-10 9.928771e-05 
6.387279e-10 1.042404e-04 
6.391638e-10 1.088686e-04 
6.395996e-10 1.131665e-04 
6.400355e-10 1.171294e-04 
6.404713e-10 1.207535e-04 
6.409072e-10 1.240359e-04 
6.413430e-10 1.269747e-04 
6.417788e-10 1.295689e-04 
6.422147e-10 1.318182e-04 
6.426505e-10 1.337236e-04 
6.430864e-10 1.352866e-04 
6.435222e-10 1.365098e-04 
6.439581e-10 1.373967e-04 
6.443939e-10 1.379514e-04 
6.448297e-10 1.381791e-04 
6.452656e-10 1.380854e-04 
6.457014e-10 1.376771e-04 
6.461373e-10 1.369613e-04 
6.465731e-10 1.359460e-04 
6.470090e-10 1.346400e-04 
6.474448e-10 1.330524e-04 
6.478806e-10 1.311930e-04 
6.483165e-10 1.290722e-04 
6.487523e-10 1.267008e-04 
6.491882e-10 1.240902e-04 
6.496240e-10 1.212521e-04 
6.500599e-10 1.181986e-04 
6.504957e-10 1.149421e-04 
6.509315e-10 1.114953e-04 
6.513674e-10 1.078712e-04 
6.518032e-10 1.040831e-04 
6.522391e-10 1.001442e-04 
6.526749e-10 9.606811e-05 
6.531108e-10 9.186829e-05 
6.535466e-10 8.755838e-05 
6.539824e-10 8.315202e-05 
6.544183e-10 7.866280e-05 
6.548541e-10 7.410425e-05 
6.552900e-10 6.948982e-05 
6.557258e-10 6.483280e-05 
6.561617e-10 6.014634e-05 
6.565975e-10 5.544340e-05 
6.570333e-10 5.073670e-05 
6.574692e-10 4.603872e-05 
6.579050e-10 4.136166e-05 
6.583409e-10 3.671743e-05 
6.587767e-10 3.211761e-05 
6.592126e-10 2.757343e-05 
6.596484e-10 2.309578e-05 
6.600842e-10 1.869514e-05 
6.605201e-10 1.438161e-05 
6.609559e-10 1.016487e-05 
6.613918e-10 6.054176e-06 
6.618276e-10 2.058335e-06 
6.622635e-10 -1.814284e-06 
6.626993e-10 -5.555779e-06 
6.631351e-10 -9.158713e-06 
6.635710e-10 -1.261613e-05 
6.640068e-10 -1.592155e-05 
6.644427e-10 -1.906897e-05 
6.648785e-10 -2.205291e-05 
6.653144e-10 -2.486835e-05 
6.657502e-10 -2.751078e-05 
6.661860e-10 -2.997619e-05 
6.666219e-10 -3.226105e-05 
6.670577e-10 -3.436233e-05 
6.674936e-10 -3.627752e-05 
6.679294e-10 -3.800458e-05 
6.683653e-10 -3.954195e-05 
6.688011e-10 -4.088857e-05 
6.692369e-10 -4.204387e-05 
6.696728e-10 -4.300773e-05 
6.701086e-10 -4.378053e-05 
6.705445e-10 -4.436309e-05 
6.709803e-10 -4.475671e-05 
6.714162e-10 -4.496312e-05 
6.718520e-10 -4.498449e-05 
6.722879e-10 -4.482344e-05 
6.727237e-10 -4.448300e-05 
6.731595e-10 -4.396661e-05 
6.735954e-10 -4.327810e-05 
6.740312e-10 -4.242172e-05 
6.744671e-10 -4.140206e-05 
6.749029e-10 -4.022409e-05 
6.753388e-10 -3.889311e-05 
6.757746e-10 -3.741476e-05 
6.762104e-10 -3.579500e-05 
6.766463e-10 -3.404007e-05 
6.770821e-10 -3.215649e-05 
6.775180e-10 -3.015105e-05 
6.779538e-10 -2.803078e-05 
6.783897e-10 -2.580292e-05 
6.788255e-10 -2.347490e-05 
6.792613e-10 -2.105435e-05 
6.796972e-10 -1.854903e-05 
6.801330e-10 -1.596684e-05 
6.805689e-10 -1.331578e-05 
6.810047e-10 -1.060394e-05 
6.814406e-10 -7.839476e-06 
6.818764e-10 -5.030555e-06 
6.823122e-10 -2.185367e-06 
6.827481e-10 6.879168e-07 
6.831839e-10 3.581168e-06 
6.836198e-10 6.486322e-06 
6.840556e-10 9.395405e-06 
6.844915e-10 1.230056e-05 
6.849273e-10 1.519406e-05 
6.853631e-10 1.806835e-05 
6.857990e-10 2.091604e-05 
6.862348e-10 2.372997e-05 
6.866707e-10 2.650318e-05 
6.871065e-10 2.922897e-05 
6.875424e-10 3.190090e-05 
6.879782e-10 3.451280e-05 
6.884140e-10 3.705880e-05 
6.888499e-10 3.953336e-05 
6.892857e-10 4.193123e-05 
6.897216e-10 4.424751e-05 
6.901574e-10 4.647767e-05 
6.905933e-10 4.861749e-05 
6.910291e-10 5.066316e-05 
6.914649e-10 5.261120e-05 
6.919008e-10 5.445853e-05 
6.923366e-10 5.620243e-05 
6.927725e-10 5.784056e-05 
6.932083e-10 5.937097e-05 
6.936442e-10 6.079208e-05 
6.940800e-10 6.210269e-05 
6.945158e-10 6.330195e-05 
6.949517e-10 6.438940e-05 
6.953875e-10 6.536494e-05 
6.958234e-10 6.622881e-05 
6.962592e-10 6.698160e-05 
6.966951e-10 6.762424e-05 
6.971309e-10 6.815798e-05 
6.975667e-10 6.858440e-05 
6.980026e-10 6.890538e-05 
6.984384e-10 6.912307e-05 
6.988743e-10 6.923993e-05 
6.993101e-10 6.925869e-05 
6.997460e-10 6.918232e-05 
7.001818e-10 6.901405e-05 
7.006176e-10 6.875731e-05 
7.010535e-10 6.841578e-05 
7.014893e-10 6.799333e-05 
7.019252e-10 6.749402e-05 
7.023610e-10 6.692208e-05 
7.027969e-10 6.628192e-05 
7.032327e-10 6.557808e-05 
7.036685e-10 6.481525e-05 
7.041044e-10 6.399824e-05 
7.045402e-10 6.313196e-05 
7.049761e-10 6.222143e-05 
7.054119e-10 6.127175e-05 
7.058478e-10 6.028809e-05 
7.062836e-10 5.927569e-05 
7.067194e-10 5.823982e-05 
7.071553e-10 5.718581e-05 
7.075911e-10 5.611897e-05 
7.080270e-10 5.504468e-05 
7.084628e-10 5.396827e-05 
7.088987e-10 5.289507e-05 
7.093345e-10 5.183041e-05 
7.097704e-10 5.077955e-05 
7.102062e-10 4.974772e-05 
7.106420e-10 4.874008e-05 
7.110779e-10 4.776173e-05 
7.115137e-10 4.681768e-05 
7.119496e-10 4.591285e-05 
7.123854e-10 4.505203e-05 
7.128213e-10 4.423993e-05 
7.132571e-10 4.348110e-05 
7.136929e-10 4.277995e-05 
7.141288e-10 4.214075e-05 
7.145646e-10 4.156760e-05 
7.150005e-10 4.106442e-05 
7.154363e-10 4.063495e-05 
7.158722e-10 4.028272e-05 
7.163080e-10 4.001107e-05 
7.167438e-10 3.982311e-05 
7.171797e-10 3.972173e-05 
7.176155e-10 3.970957e-05 
7.180514e-10 3.978906e-05 
7.184872e-10 3.996233e-05 
7.189231e-10 4.023129e-05 
7.193589e-10 4.059755e-05 
7.197947e-10 4.106249e-05 
7.202306e-10 4.162717e-05 
7.206664e-10 4.229240e-05 
7.211023e-10 4.305868e-05 
7.215381e-10 4.392625e-05 
7.219740e-10 4.489503e-05 
7.224098e-10 4.596467e-05 
7.228456e-10 4.713454e-05 
7.232815e-10 4.840369e-05 
7.237173e-10 4.977091e-05 
7.241532e-10 5.123470e-05 
7.245890e-10 5.279328e-05 
7.250249e-10 5.444458e-05 
7.254607e-10 5.618630e-05 
7.258965e-10 5.801584e-05 
7.263324e-10 5.993036e-05 
7.267682e-10 6.192677e-05 
7.272041e-10 6.400176e-05 
7.276399e-10 6.615178e-05 
7.280758e-10 6.837304e-05 
7.285116e-10 7.066159e-05 
7.289474e-10 7.301325e-05 
7.293833e-10 7.542366e-05 
7.298191e-10 7.788831e-05 
7.302550e-10 8.040252e-05 
7.306908e-10 8.296145e-05 
7.311267e-10 8.556015e-05 
7.315625e-10 8.819354e-05 
7.319983e-10 9.085644e-05 
7.324342e-10 9.354358e-05 
7.328700e-10 9.624960e-05 
7.333059e-10 9.896909e-05 
7.337417e-10 1.016966e-04 
7.341776e-10 1.044266e-04 
7.346134e-10 1.071535e-04 
7.350492e-10 1.098720e-04 
7.354851e-10 1.125763e-04 
7.359209e-10 1.152610e-04 
7.363568e-10 1.179206e-04 
7.367926e-10 1.205496e-04 
7.372285e-10 1.231427e-04 
7.376643e-10 1.256946e-04 
7.381001e-10 1.281999e-04 
7.385360e-10 1.306536e-04 
7.389718e-10 1.330505e-04 
7.394077e-10 1.353857e-04 
7.398435e-10 1.376544e-04 
7.402794e-10 1.398519e-04 
7.407152e-10 1.419736e-04 
7.411510e-10 1.440151e-04 
7.415869e-10 1.459722e-04 
7.420227e-10 1.478407e-04 
7.424586e-10 1.496168e-04 
7.428944e-10 1.512968e-04 
7.433303e-10 1.528770e-04 
7.437661e-10 1.543543e-04 
7.442019e-10 1.557253e-04 
7.446378e-10 1.569872e-04 
7.450736e-10 1.581372e-04 
7.455095e-10 1.591729e-04 
7.459453e-10 1.600919e-04 
7.463812e-10 1.608921e-04 
7.468170e-10 1.615718e-04 
7.472528e-10 1.621292e-04 
7.476887e-10 1.625629e-04 
7.481245e-10 1.628718e-04 
7.485604e-10 1.630549e-04 
7.489962e-10 1.631114e-04 
7.494321e-10 1.630408e-04 
7.498679e-10 1.628428e-04 
7.503038e-10 1.625173e-04 
7.507396e-10 1.620644e-04 
7.511754e-10 1.614843e-04 
7.516113e-10 1.607775e-04 
7.520471e-10 1.599448e-04 
7.524830e-10 1.589870e-04 
7.529188e-10 1.579051e-04 
7.533547e-10 1.567004e-04 
7.537905e-10 1.553741e-04 
7.542263e-10 1.539279e-04 
7.546622e-10 1.523633e-04 
7.550980e-10 1.506822e-04 
7.555339e-10 1.488865e-04 
7.559697e-10 1.469782e-04 
7.564056e-10 1.449594e-04 
7.568414e-10 1.428325e-04 
7.572772e-10 1.405997e-04 
7.577131e-10 1.382635e-04 
7.581489e-10 1.358264e-04 
7.585848e-10 1.332910e-04 
7.590206e-10 1.306598e-04 
7.594565e-10 1.279357e-04 
7.598923e-10 1.251213e-04 
7.603281e-10 1.222195e-04 
7.607640e-10 1.192331e-04 
7.611998e-10 1.161650e-04 
7.616357e-10 1.130180e-04 
7.620715e-10 1.097952e-04 
7.625074e-10 1.064995e-04 
7.629432e-10 1.031340e-04 
7.633790e-10 9.970150e-05 
7.638149e-10 9.620523e-05 
7.642507e-10 9.264822e-05 
7.646866e-10 8.903356e-05 
7.651224e-10 8.536436e-05 
7.655583e-10 8.164378e-05 
7.659941e-10 7.787497e-05 
7.664299e-10 7.406113e-05 
7.668658e-10 7.020548e-05 
7.673016e-10 6.631124e-05 
7.677375e-10 6.238170e-05 
7.681733e-10 5.842016e-05 
7.686092e-10 5.442994e-05 
7.690450e-10 5.041439e-05 
7.694808e-10 4.637692e-05 
7.699167e-10 4.232093e-05 
7.703525e-10 3.824987e-05 
7.707884e-10 3.416721e-05 
7.712242e-10 3.007647e-05 
7.716601e-10 2.598116e-05 
7.720959e-10 2.188484e-05 
7.725317e-10 1.779108e-05 
7.729676e-10 1.370346e-05 
7.734034e-10 9.625578e-06 
7.738393e-10 5.561040e-06 
7.742751e-10 1.513451e-06 
7.747110e-10 -2.513589e-06 
7.751468e-10 -6.516491e-06 
7.755826e-10 -1.049169e-05 
7.760185e-10 -1.443563e-05 
7.764543e-10 -1.834481e-05 
7.768902e-10 -2.221576e-05 
7.773260e-10 -2.604508e-05 
7.777619e-10 -2.982940e-05 
7.781977e-10 -3.356544e-05 
7.786335e-10 -3.725000e-05 
7.790694e-10 -4.087997e-05 
7.795052e-10 -4.445233e-05 
7.799411e-10 -4.796417e-05 
7.803769e-10 -5.141270e-05 
7.808128e-10 -5.479526e-05 
7.812486e-10 -5.810931e-05 
7.816844e-10 -6.135247e-05 
7.821203e-10 -6.452250e-05 
7.825561e-10 -6.761730e-05 
7.829920e-10 -7.063496e-05 
7.834278e-10 -7.357370e-05 
7.838637e-10 -7.643195e-05 
7.842995e-10 -7.920829e-05 
7.847353e-10 -8.190147e-05 
7.851712e-10 -8.451043e-05 
7.856070e-10 -8.703427e-05 
7.860429e-10 -8.947228e-05 
7.864787e-10 -9.182392e-05 
7.869146e-10 -9.408880e-05 
7.873504e-10 -9.626673e-05 
7.877862e-10 -9.835765e-05 
7.882221e-10 -1.003617e-04 
7.886579e-10 -1.022790e-04 
7.890938e-10 -1.041100e-04 
7.895296e-10 -1.058553e-04 
7.899655e-10 -1.075154e-04 
7.904013e-10 -1.090911e-04 
7.908372e-10 -1.105832e-04 
7.912730e-10 -1.119926e-04 
7.917088e-10 -1.133203e-04 
7.921447e-10 -1.145673e-04 
7.925805e-10 -1.157346e-04 
7.930164e-10 -1.168234e-04 
7.934522e-10 -1.178348e-04 
7.938881e-10 -1.187699e-04 
7.943239e-10 -1.196298e-04 
7.947597e-10 -1.204156e-04 
7.951956e-10 -1.211283e-04 
7.956314e-10 -1.217689e-04 
7.960673e-10 -1.223384e-04 
7.965031e-10 -1.228377e-04 
7.969390e-10 -1.232674e-04 
7.973748e-10 -1.236284e-04 
7.978106e-10 -1.239213e-04 
7.982465e-10 -1.241465e-04 
7.986823e-10 -1.243045e-04 
7.991182e-10 -1.243956e-04 
7.995540e-10 -1.244199e-04 
7.999899e-10 -1.243776e-04 
8.004257e-10 -1.242687e-04 
8.008615e-10 -1.240929e-04 
8.012974e-10 -1.238501e-04 
8.017332e-10 -1.235399e-04 
8.021691e-10 -1.231619e-04 
8.026049e-10 -1.227156e-04 
8.030408e-10 -1.222003e-04 
8.034766e-10 -1.216153e-04 
8.039124e-10 -1.209600e-04 
8.043483e-10 -1.202335e-04 
8.047841e-10 -1.194349e-04 
8.052200e-10 -1.185635e-04 
8.056558e-10 -1.176184e-04 
8.060917e-10 -1.165985e-04 
8.065275e-10 -1.155032e-04 
8.069633e-10 -1.143314e-04 
8.073992e-10 -1.130825e-04 
8.078350e-10 -1.117556e-04 
8.082709e-10 -1.103501e-04 
8.087067e-10 -1.088652e-04 
8.091426e-10 -1.073006e-04 
8.095784e-10 -1.056556e-04 
8.100142e-10 -1.039301e-04 
8.104501e-10 -1.021238e-04 
8.108859e-10 -1.002366e-04 
8.113218e-10 -9.826870e-05 
8.117576e-10 -9.622021e-05 
8.121935e-10 -9.409155e-05 
8.126293e-10 -9.188327e-05 
8.130651e-10 -8.959608e-05 
8.135010e-10 -8.723087e-05 
8.139368e-10 -8.478870e-05 
8.143727e-10 -8.227080e-05 
8.148085e-10 -7.967860e-05 
8.152444e-10 -7.701369e-05 
8.156802e-10 -7.427783e-05 
8.161160e-10 -7.147297e-05 
8.165519e-10 -6.860123e-05 
8.169877e-10 -6.566488e-05 
8.174236e-10 -6.266638e-05 
8.178594e-10 -5.960831e-05 
8.182953e-10 -5.649344e-05 
8.187311e-10 -5.332466e-05 
8.191669e-10 -5.010500e-05 
8.196028e-10 -4.683763e-05 
8.200386e-10 -4.352585e-05 
8.204745e-10 -4.017304e-05 
8.209103e-10 -3.678274e-05 
8.213462e-10 -3.335854e-05 
8.217820e-10 -2.990417e-05 
8.222178e-10 -2.642341e-05 
8.226537e-10 -2.292013e-05 
8.230895e-10 -1.939828e-05 
8.235254e-10 -1.586187e-05 
8.239612e-10 -1.231497e-05 
8.243971e-10 -8.761703e-06 
8.248329e-10 -5.206237e-06 
8.252687e-10 -1.652790e-06 
8.257046e-10 1.894385e-06 
8.261404e-10 5.430998e-06 
8.265763e-10 8.952727e-06 
8.270121e-10 1.245522e-05 
8.274480e-10 1.593411e-05 
8.278838e-10 1.938500e-05 
8.283197e-10 2.280346e-05 
8.287555e-10 2.618506e-05 
8.291913e-10 2.952534e-05 
8.296272e-10 3.281983e-05 
8.300630e-10 3.606406e-05 
8.304989e-10 3.925353e-05 
8.309347e-10 4.238372e-05 
8.313706e-10 4.545014e-05 
8.318064e-10 4.844827e-05 
8.322422e-10 5.137358e-05 
8.326781e-10 5.422157e-05 
8.331139e-10 5.698772e-05 
8.335498e-10 5.966752e-05 
8.339856e-10 6.225650e-05 
8.344215e-10 6.475018e-05 
8.348573e-10 6.714412e-05 
8.352931e-10 6.943391e-05 
8.357290e-10 7.161518e-05 
8.361648e-10 7.368362e-05 
8.366007e-10 7.563497e-05 
8.370365e-10 7.746502e-05 
8.374724e-10 7.916968e-05 
8.379082e-10 8.074492e-05 
8.383440e-10 8.218683e-05 
8.387799e-10 8.349160e-05 
8.392157e-10 8.465556e-05 
8.396516e-10 8.567518e-05 
8.400874e-10 8.654710e-05 
8.405233e-10 8.726811e-05 
8.409591e-10 8.783522e-05 
8.413949e-10 8.824561e-05 
8.418308e-10 8.849670e-05 
8.422666e-10 8.858612e-05 
8.427025e-10 8.851179e-05 
8.431383e-10 8.827185e-05 
8.435742e-10 8.786474e-05 
8.440100e-10 8.728918e-05 
8.444458e-10 8.654422e-05 
8.448817e-10 8.562918e-05 
8.453175e-10 8.454376e-05 
8.457534e-10 8.328797e-05 
8.461892e-10 8.186216e-05 
8.466251e-10 8.026707e-05 
8.470609e-10 7.850378e-05 
8.474967e-10 7.657374e-05 
8.479326e-10 7.447878e-05 
8.483684e-10 7.222110e-05 
8.488043e-10 6.980330e-05 
8.492401e-10 6.722834e-05 
8.496760e-10 6.449956e-05 
8.501118e-10 6.162067e-05 
8.505476e-10 5.859576e-05 
8.509835e-10 5.542927e-05 
8.514193e-10 5.212601e-05 
8.518552e-10 4.869112e-05 
8.522910e-10 4.513008e-05 
8.527269e-10 4.144869e-05 
8.531627e-10 3.765307e-05 
8.535985e-10 3.374962e-05 
8.540344e-10 2.974501e-05 
8.544702e-10 2.564618e-05 
8.549061e-10 2.146032e-05 
8.553419e-10 1.719482e-05 
8.557778e-10 1.285729e-05 
8.562136e-10 8.455488e-06 
8.566494e-10 3.997365e-06 
8.570853e-10 -5.090137e-07 
8.575211e-10 -5.055468e-06 
8.579570e-10 -9.633727e-06 
8.583928e-10 -1.423546e-05 
8.588287e-10 -1.885229e-05 
8.592645e-10 -2.347582e-05 
8.597003e-10 -2.809766e-05 
8.601362e-10 -3.270947e-05 
8.605720e-10 -3.730294e-05 
8.610079e-10 -4.186982e-05 
8.614437e-10 -4.640201e-05 
8.618796e-10 -5.089147e-05 
8.623154e-10 -5.533033e-05 
8.627512e-10 -5.971089e-05 
8.631871e-10 -6.402560e-05 
8.636229e-10 -6.826714e-05 
8.640588e-10 -7.242837e-05 
8.644946e-10 -7.650242e-05 
8.649305e-10 -8.048264e-05 
8.653663e-10 -8.436266e-05 
8.658021e-10 -8.813637e-05 
8.662380e-10 -9.179798e-05 
8.666738e-10 -9.534197e-05 
8.671097e-10 -9.876315e-05 
8.675455e-10 -1.020566e-04 
8.679814e-10 -1.052179e-04 
8.684172e-10 -1.082428e-04 
8.688531e-10 -1.111273e-04 
8.692889e-10 -1.138681e-04 
8.697247e-10 -1.164619e-04 
8.701606e-10 -1.189060e-04 
8.705964e-10 -1.211979e-04 
8.710323e-10 -1.233356e-04 
8.714681e-10 -1.253173e-04 
8.719040e-10 -1.271418e-04 
8.723398e-10 -1.288080e-04 
8.727756e-10 -1.303153e-04 
8.732115e-10 -1.316635e-04 
8.736473e-10 -1.328527e-04 
8.740832e-10 -1.338833e-04 
8.745190e-10 -1.347562e-04 
8.749549e-10 -1.354726e-04 
8.753907e-10 -1.360339e-04 
8.758265e-10 -1.364420e-04 
8.762624e-10 -1.366990e-04 
8.766982e-10 -1.368076e-04 
8.771341e-10 -1.367705e-04 
8.775699e-10 -1.365908e-04 
8.780058e-10 -1.362720e-04 
8.784416e-10 -1.358178e-04 
8.788774e-10 -1.352324e-04 
8.793133e-10 -1.345199e-04 
8.797491e-10 -1.336850e-04 
8.801850e-10 -1.327326e-04 
8.806208e-10 -1.316678e-04 
8.810567e-10 -1.304958e-04 
8.814925e-10 -1.292224e-04 
8.819283e-10 -1.278532e-04 
8.823642e-10 -1.263944e-04 
8.828000e-10 -1.248520e-04 
8.832359e-10 -1.232327e-04 
8.836717e-10 -1.215428e-04 
8.841076e-10 -1.197891e-04 
8.845434e-10 -1.179784e-04 
8.849792e-10 -1.161179e-04 
8.854151e-10 -1.142144e-04 
8.858509e-10 -1.122753e-04 
8.862868e-10 -1.103078e-04 
8.867226e-10 -1.083192e-04 
8.871585e-10 -1.063168e-04 
8.875943e-10 -1.043080e-04 
8.880301e-10 -1.023002e-04 
8.884660e-10 -1.003007e-04 
8.889018e-10 -9.831674e-05 
8.893377e-10 -9.635559e-05 
8.897735e-10 -9.442438e-05 
8.902094e-10 -9.253013e-05 
8.906452e-10 -9.067972e-05 
8.910810e-10 -8.887989e-05 
8.915169e-10 -8.713720e-05 
8.919527e-10 -8.545800e-05 
8.923886e-10 -8.384846e-05 
8.928244e-10 -8.231445e-05 
8.932603e-10 -8.086164e-05 
8.936961e-10 -7.949538e-05 
8.941319e-10 -7.822074e-05 
8.945678e-10 -7.704247e-05 
8.950036e-10 -7.596501e-05 
8.954395e-10 -7.499242e-05 
8.958753e-10 -7.412843e-05 
8.963112e-10 -7.337639e-05 
8.967470e-10 -7.273925e-05 
8.971828e-10 -7.221961e-05 
8.976187e-10 -7.181963e-05 
8.980545e-10 -7.154109e-05 
8.984904e-10 -7.138536e-05 
8.989262e-10 -7.135341e-05 
8.993621e-10 -7.144579e-05 
8.997979e-10 -7.166265e-05 
9.002337e-10 -7.200374e-05 
9.006696e-10 -7.246842e-05 
9.011054e-10 -7.305565e-05 
9.015413e-10 -7.376401e-05 
9.019771e-10 -7.459173e-05 
9.024130e-10 -7.553668e-05 
9.028488e-10 -7.659637e-05 
9.032846e-10 -7.776802e-05 
9.037205e-10 -7.904850e-05 
9.041563e-10 -8.043442e-05 
9.045922e-10 -8.192210e-05 
9.050280e-10 -8.350761e-05 
9.054639e-10 -8.518679e-05 
9.058997e-10 -8.695524e-05 
9.063356e-10 -8.880840e-05 
9.067714e-10 -9.074151e-05 
9.072072e-10 -9.274965e-05 
9.076431e-10 -9.482779e-05 
9.080789e-10 -9.697075e-05 
9.085148e-10 -9.917328e-05 
9.089506e-10 -1.014300e-04 
9.093865e-10 -1.037356e-04 
9.098223e-10 -1.060845e-04 
9.102581e-10 -1.084713e-04 
9.106940e-10 -1.108905e-04 
9.111298e-10 -1.133365e-04 
9.115657e-10 -1.158039e-04 
9.120015e-10 -1.182872e-04 
9.124374e-10 -1.207809e-04 
9.128732e-10 -1.232796e-04 
9.133090e-10 -1.257780e-04 
9.137449e-10 -1.282707e-04 
9.141807e-10 -1.307525e-04 
9.146166e-10 -1.332182e-04 
9.150524e-10 -1.356626e-04 
9.154883e-10 -1.380808e-04 
9.159241e-10 -1.404677e-04 
9.163599e-10 -1.428184e-04 
9.167958e-10 -1.451282e-04 
9.172316e-10 -1.473921e-04 
9.176675e-10 -1.496057e-04 
9.181033e-10 -1.517644e-04 
9.185392e-10 -1.538636e-04 
9.189750e-10 -1.558989e-04 
9.194108e-10 -1.578660e-04 
9.198467e-10 -1.597608e-04 
9.202825e-10 -1.615791e-04 
9.207184e-10 -1.633168e-04 
9.211542e-10 -1.649701e-04 
9.215901e-10 -1.665351e-04 
9.220259e-10 -1.680082e-04 
9.224617e-10 -1.693857e-04 
9.228976e-10 -1.706641e-04 
9.233334e-10 -1.718402e-04 
9.237693e-10 -1.729107e-04 
9.242051e-10 -1.738726e-04 
9.246410e-10 -1.747229e-04 
9.250768e-10 -1.754589e-04 
9.255126e-10 -1.760779e-04 
9.259485e-10 -1.765776e-04 
9.263843e-10 -1.769557e-04 
9.268202e-10 -1.772100e-04 
9.272560e-10 -1.773388e-04 
9.276919e-10 -1.773403e-04 
9.281277e-10 -1.772131e-04 
9.285635e-10 -1.769559e-04 
9.289994e-10 -1.765675e-04 
9.294352e-10 -1.760473e-04 
9.298711e-10 -1.753945e-04 
9.303069e-10 -1.746087e-04 
9.307428e-10 -1.736899e-04 
9.311786e-10 -1.726380e-04 
9.316144e-10 -1.714533e-04 
9.320503e-10 -1.701364e-04 
9.324861e-10 -1.686879e-04 
9.329220e-10 -1.671089e-04 
9.333578e-10 -1.654004e-04 
9.337937e-10 -1.635640e-04 
9.342295e-10 -1.616011e-04 
9.346653e-10 -1.595136e-04 
9.351012e-10 -1.573035e-04 
9.355370e-10 -1.549728e-04 
9.359729e-10 -1.525241e-04 
9.364087e-10 -1.499598e-04 
9.368446e-10 -1.472826e-04 
9.372804e-10 -1.444953e-04 
9.377162e-10 -1.416010e-04 
9.381521e-10 -1.386027e-04 
9.385879e-10 -1.355037e-04 
9.390238e-10 -1.323073e-04 
9.394596e-10 -1.290171e-04 
9.398955e-10 -1.256366e-04 
9.403313e-10 -1.221694e-04 
9.407671e-10 -1.186193e-04 
9.412030e-10 -1.149901e-04 
9.416388e-10 -1.112857e-04 
9.420747e-10 -1.075100e-04 
9.425105e-10 -1.036670e-04 
9.429464e-10 -9.976072e-05 
9.433822e-10 -9.579528e-05 
9.438180e-10 -9.177478e-05 
9.442539e-10 -8.770336e-05 
9.446897e-10 -8.358518e-05 
9.451256e-10 -7.942445e-05 
9.455614e-10 -7.522537e-05 
9.459973e-10 -7.099217e-05 
9.464331e-10 -6.672909e-05 
9.468690e-10 -6.244036e-05 
9.473048e-10 -5.813024e-05 
9.477406e-10 -5.380298e-05 
9.481765e-10 -4.946282e-05 
9.486123e-10 -4.511400e-05 
9.490482e-10 -4.076077e-05 
9.494840e-10 -3.640734e-05 
9.499199e-10 -3.205791e-05 
9.503557e-10 -2.771669e-05 
9.507915e-10 -2.338782e-05 
9.512274e-10 -1.907545e-05 
9.516632e-10 -1.478369e-05 
9.520991e-10 -1.051660e-05 
9.525349e-10 -6.278210e-06 
9.529708e-10 -2.072505e-06 
9.534066e-10 2.096584e-06 
9.538424e-10 6.225183e-06 
9.542783e-10 1.030948e-05 
9.547141e-10 1.434573e-05 
9.551500e-10 1.833026e-05 
9.555858e-10 2.225948e-05 
9.560217e-10 2.612988e-05 
9.564575e-10 2.993805e-05 
9.568933e-10 3.368067e-05 
9.573292e-10 3.735451e-05 
9.577650e-10 4.095648e-05 
9.582009e-10 4.448356e-05 
9.586367e-10 4.793289e-05 
9.590726e-10 5.130172e-05 
9.595084e-10 5.458740e-05 
9.599442e-10 5.778745e-05 
9.603801e-10 6.089951e-05 
9.608159e-10 6.392137e-05 
9.612518e-10 6.685094e-05 
9.616876e-10 6.968631e-05 
9.621235e-10 7.242570e-05 
9.625593e-10 7.506748e-05 
9.629951e-10 7.761020e-05 
9.634310e-10 8.005255e-05 
9.638668e-10 8.239336e-05 
9.643027e-10 8.463167e-05 
9.647385e-10 8.676662e-05 
9.651744e-10 8.879757e-05 
9.656102e-10 9.072400e-05 
9.660460e-10 9.254557e-05 
9.664819e-10 9.426209e-05 
9.669177e-10 9.587354e-05 
9.673536e-10 9.738005e-05 
9.677894e-10 9.878191e-05 
9.682253e-10 1.000796e-04 
9.686611e-10 1.012736e-04 
9.690969e-10 1.023647e-04 
9.695328e-10 1.033538e-04 
9.699686e-10 1.042420e-04 
9.704045e-10 1.050303e-04 
9.708403e-10 1.057200e-04 
9.712762e-10 1.063126e-04 
9.717120e-10 1.068095e-04 
9.721478e-10 1.072124e-04 
9.725837e-10 1.075229e-04 
9.730195e-10 1.077430e-04 
9.734554e-10 1.078744e-04 
9.738912e-10 1.079193e-04 
9.743271e-10 1.078795e-04 
9.747629e-10 1.077572e-04 
9.751987e-10 1.075545e-04 
9.756346e-10 1.072736e-04 
9.760704e-10 1.069167e-04 
9.765063e-10 1.064860e-04 
9.769421e-10 1.059837e-04 
9.773780e-10 1.054121e-04 
9.778138e-10 1.047733e-04 
9.782496e-10 1.040694e-04 
9.786855e-10 1.033027e-04 
9.791213e-10 1.024751e-04 
9.795572e-10 1.015887e-04 
9.799930e-10 1.006455e-04 
9.804289e-10 9.964732e-05 
9.808647e-10 9.859598e-05 
9.813005e-10 9.749319e-05 
9.817364e-10 9.634056e-05 
9.821722e-10 9.513962e-05 
9.826081e-10 9.389177e-05 
9.830439e-10 9.259833e-05 
9.834798e-10 9.126049e-05 
9.839156e-10 8.987934e-05 
9.843514e-10 8.845586e-05 
9.847873e-10 8.699091e-05 
9.852231e-10 8.548526e-05 
9.856590e-10 8.393956e-05 
9.860948e-10 8.235437e-05 
9.865307e-10 8.073015e-05 
9.869665e-10 7.906726e-05 
9.874024e-10 7.736601e-05 
9.878382e-10 7.562660e-05 
9.882740e-10 7.384919e-05 
9.887099e-10 7.203387e-05 
9.891457e-10 7.018070e-05 
9.895816e-10 6.828970e-05 
9.900174e-10 6.636086e-05 
9.904533e-10 6.439418e-05 
9.908891e-10 6.238964e-05 
9.913249e-10 6.034725e-05 
9.917608e-10 5.826705e-05 
9.921966e-10 5.614912e-05 
9.926325e-10 5.399358e-05 
9.930683e-10 5.180065e-05 
9.935042e-10 4.957061e-05 
9.939400e-10 4.730383e-05 
9.943758e-10 4.500080e-05 
9.948117e-10 4.266213e-05 
9.952475e-10 4.028855e-05 
9.956834e-10 3.788092e-05 
9.961192e-10 3.544029e-05 
9.965551e-10 3.296783e-05 
9.969909e-10 3.046489e-05 
9.974267e-10 2.793301e-05 
9.978626e-10 2.537389e-05 
9.982984e-10 2.278944e-05 
9.987343e-10 2.018175e-05 
9.991701e-10 1.755311e-05 
9.996060e-10 1.490599e-05 
