2.179215e-13 0 
6.537645e-13 0 
1.089608e-12 0 
1.525451e-12 0 
1.961294e-12 0 
2.397137e-12 0 
2.832980e-12 0 
3.268823e-12 0 
3.704666e-12 0 
4.140509e-12 0 
4.576352e-12 0 
5.012195e-12 0 
5.448038e-12 0 
5.883881e-12 0 
6.319724e-12 0 
6.755567e-12 0 
7.191410e-12 0 
7.627253e-12 0 
8.063096e-12 0 
8.498939e-12 0 
8.934782e-12 0 
9.370625e-12 0 
9.806468e-12 0 
1.024231e-11 0 
1.067815e-11 0 
1.111400e-11 0 
1.154984e-11 0 
1.198568e-11 0 
1.242153e-11 0 
1.285737e-11 0 
1.329321e-11 0 
1.372905e-11 0 
1.416490e-11 0 
1.460074e-11 0 
1.503658e-11 0 
1.547243e-11 0 
1.590827e-11 0 
1.634411e-11 0 
1.677996e-11 0 
1.721580e-11 0 
1.765164e-11 0 
1.808749e-11 0 
1.852333e-11 0 
1.895917e-11 0 
1.939501e-11 0 
1.983086e-11 0 
2.026670e-11 0 
2.070254e-11 0 
2.113839e-11 0 
2.157423e-11 0 
2.201007e-11 0 
2.244592e-11 0 
2.288176e-11 0 
2.331760e-11 0 
2.375344e-11 0 
2.418929e-11 0 
2.462513e-11 0 
2.506097e-11 0 
2.549682e-11 0 
2.593266e-11 0 
2.636850e-11 0 
2.680435e-11 3.146249e-90 
2.724019e-11 -1.599754e-29 
2.767603e-11 -3.975632e-28 
2.811187e-11 -7.890018e-27 
2.854772e-11 -9.428320e-26 
2.898356e-11 -9.207471e-25 
2.941940e-11 -6.956664e-24 
2.985525e-11 -4.420955e-23 
3.029109e-11 -2.367595e-22 
3.072693e-11 -1.092983e-21 
3.116278e-11 -4.410542e-21 
3.159862e-11 -1.567171e-20 
3.203446e-11 -4.949957e-20 
3.247030e-11 -1.399184e-19 
3.290615e-11 -3.556761e-19 
3.334199e-11 -8.174471e-19 
3.377783e-11 -1.706971e-18 
3.421368e-11 -3.254470e-18 
3.464952e-11 -5.699453e-18 
3.508536e-11 -9.232758e-18 
3.552121e-11 -1.395346e-17 
3.595705e-11 -1.989261e-17 
3.639289e-11 -2.710025e-17 
3.682873e-11 -3.576124e-17 
3.726458e-11 -4.631081e-17 
3.770042e-11 -5.945626e-17 
3.813626e-11 -7.615527e-17 
3.857211e-11 -9.768607e-17 
3.900795e-11 -1.256108e-16 
3.944379e-11 -1.616830e-16 
3.987964e-11 -2.080592e-16 
4.031548e-11 -2.674919e-16 
4.075132e-11 -3.434232e-16 
4.118716e-11 -4.403924e-16 
4.162301e-11 -5.641948e-16 
4.205885e-11 -7.217172e-16 
4.249469e-11 -9.215211e-16 
4.293054e-11 -1.174761e-15 
4.336638e-11 -1.495464e-15 
4.380222e-11 -1.900938e-15 
4.423807e-11 -2.412831e-15 
4.467391e-11 -3.058157e-15 
4.510975e-11 -3.870390e-15 
4.554560e-11 -4.891272e-15 
4.598144e-11 -6.172785e-15 
4.641728e-11 -7.778961e-15 
4.685312e-11 -9.788603e-15 
4.728897e-11 -1.229918e-14 
4.772481e-11 -1.543098e-14 
4.816065e-11 -1.933163e-14 
4.859650e-11 -2.418204e-14 
4.903234e-11 -3.020393e-14 
4.946818e-11 -3.766857e-14 
4.990403e-11 -4.690707e-14 
5.033987e-11 -5.832280e-14 
5.077571e-11 -7.240652e-14 
5.121155e-11 -8.975422e-14 
5.164740e-11 -1.110884e-13 
5.208324e-11 -1.372832e-13 
5.251908e-11 -1.693950e-13 
5.295493e-11 -2.086972e-13 
5.339077e-11 -2.567228e-13 
5.382661e-11 -3.153139e-13 
5.426246e-11 -3.866797e-13 
5.469830e-11 -4.734656e-13 
5.513414e-11 -5.788329e-13 
5.556998e-11 -7.065527e-13 
5.600583e-11 -8.611155e-13 
5.644167e-11 -1.047859e-12 
5.687751e-11 -1.273115e-12 
5.731336e-11 -1.544382e-12 
5.774920e-11 -1.870521e-12 
5.818504e-11 -2.261989e-12 
5.862089e-11 -2.731096e-12 
5.905673e-11 -3.292309e-12 
5.949257e-11 -3.962598e-12 
5.992841e-11 -4.761828e-12 
6.036426e-11 -5.713212e-12 
6.080010e-11 -6.843814e-12 
6.123594e-11 -8.185131e-12 
6.167179e-11 -9.773743e-12 
6.210763e-11 -1.165205e-11 
6.254347e-11 -1.386908e-11 
6.297932e-11 -1.648144e-11 
6.341516e-11 -1.955431e-11 
6.385100e-11 -2.316262e-11 
6.428684e-11 -2.739229e-11 
6.472269e-11 -3.234163e-11 
6.515853e-11 -3.812290e-11 
6.559437e-11 -4.486397e-11 
6.603022e-11 -5.271015e-11 
6.646606e-11 -6.182621e-11 
6.690190e-11 -7.239851e-11 
6.733775e-11 -8.463730e-11 
6.777359e-11 -9.877924e-11 
6.820943e-11 -1.150900e-10 
6.864527e-11 -1.338669e-10 
6.908112e-11 -1.554420e-10 
6.951696e-11 -1.801851e-10 
6.995280e-11 -2.085065e-10 
7.038865e-11 -2.408605e-10 
7.082449e-11 -2.777483e-10 
7.126033e-11 -3.197211e-10 
7.169618e-11 -3.673830e-10 
7.213202e-11 -4.213937e-10 
7.256786e-11 -4.824712e-10 
7.300371e-11 -5.513934e-10 
7.343955e-11 -6.289996e-10 
7.387539e-11 -7.161916e-10 
7.431123e-11 -8.139334e-10 
7.474708e-11 -9.232499e-10 
7.518292e-11 -1.045225e-09 
7.561876e-11 -1.180996e-09 
7.605461e-11 -1.331751e-09 
7.649045e-11 -1.498718e-09 
7.692629e-11 -1.683156e-09 
7.736214e-11 -1.886341e-09 
7.779798e-11 -2.109551e-09 
7.823382e-11 -2.354046e-09 
7.866966e-11 -2.621041e-09 
7.910551e-11 -2.911684e-09 
7.954135e-11 -3.227012e-09 
7.997719e-11 -3.567924e-09 
8.041304e-11 -3.935125e-09 
8.084888e-11 -4.329077e-09 
8.128472e-11 -4.749942e-09 
8.172057e-11 -5.197509e-09 
8.215641e-11 -5.671121e-09 
8.259225e-11 -6.169584e-09 
8.302809e-11 -6.691076e-09 
8.346394e-11 -7.233035e-09 
8.389978e-11 -7.792042e-09 
8.433562e-11 -8.363693e-09 
8.477147e-11 -8.942450e-09 
8.520731e-11 -9.521492e-09 
8.564315e-11 -1.009254e-08 
8.607900e-11 -1.064567e-08 
8.651484e-11 -1.116913e-08 
8.695068e-11 -1.164913e-08 
8.738652e-11 -1.206958e-08 
8.782237e-11 -1.241189e-08 
8.825821e-11 -1.265472e-08 
8.869405e-11 -1.277370e-08 
8.912990e-11 -1.274112e-08 
8.956574e-11 -1.252573e-08 
9.000158e-11 -1.209233e-08 
9.043743e-11 -1.140158e-08 
9.087327e-11 -1.040958e-08 
9.130911e-11 -9.067626e-09 
9.174495e-11 -7.321870e-09 
9.218080e-11 -5.112991e-09 
9.261664e-11 -2.375890e-09 
9.305248e-11 9.606142e-10 
9.348833e-11 4.974088e-09 
9.392417e-11 9.748757e-09 
9.436001e-11 1.537577e-08 
9.479586e-11 2.195345e-08 
9.523170e-11 2.958745e-08 
9.566754e-11 3.839102e-08 
9.610338e-11 4.848503e-08 
9.653923e-11 5.999815e-08 
9.697507e-11 7.306682e-08 
9.741091e-11 8.783527e-08 
9.784676e-11 1.044554e-07 
9.828260e-11 1.230866e-07 
9.871844e-11 1.438956e-07 
9.915429e-11 1.670560e-07 
9.959013e-11 1.927482e-07 
1.000260e-10 2.211582e-07 
1.004618e-10 2.524778e-07 
1.008977e-10 2.869033e-07 
1.013335e-10 3.246350e-07 
1.017693e-10 3.658760e-07 
1.022052e-10 4.108313e-07 
1.026410e-10 4.597063e-07 
1.030769e-10 5.127060e-07 
1.035127e-10 5.700331e-07 
1.039486e-10 6.318864e-07 
1.043844e-10 6.984592e-07 
1.048202e-10 7.699375e-07 
1.052561e-10 8.464979e-07 
1.056919e-10 9.283053e-07 
1.061278e-10 1.015511e-06 
1.065636e-10 1.108250e-06 
1.069995e-10 1.206639e-06 
1.074353e-10 1.310772e-06 
1.078711e-10 1.420722e-06 
1.083070e-10 1.536533e-06 
1.087428e-10 1.658219e-06 
1.091787e-10 1.785764e-06 
1.096145e-10 1.919115e-06 
1.100504e-10 2.058182e-06 
1.104862e-10 2.202831e-06 
1.109220e-10 2.352888e-06 
1.113579e-10 2.508130e-06 
1.117937e-10 2.668283e-06 
1.122296e-10 2.833022e-06 
1.126654e-10 3.001969e-06 
1.131013e-10 3.174684e-06 
1.135371e-10 3.350672e-06 
1.139729e-10 3.529373e-06 
1.144088e-10 3.710165e-06 
1.148446e-10 3.892361e-06 
1.152805e-10 4.075206e-06 
1.157163e-10 4.257881e-06 
1.161522e-10 4.439495e-06 
1.165880e-10 4.619093e-06 
1.170238e-10 4.795651e-06 
1.174597e-10 4.968076e-06 
1.178955e-10 5.135211e-06 
1.183314e-10 5.295835e-06 
1.187672e-10 5.448663e-06 
1.192031e-10 5.592354e-06 
1.196389e-10 5.725506e-06 
1.200748e-10 5.846668e-06 
1.205106e-10 5.954341e-06 
1.209464e-10 6.046981e-06 
1.213823e-10 6.123008e-06 
1.218181e-10 6.180811e-06 
1.222540e-10 6.218752e-06 
1.226898e-10 6.235179e-06 
1.231257e-10 6.228429e-06 
1.235615e-10 6.196838e-06 
1.239973e-10 6.138751e-06 
1.244332e-10 6.052531e-06 
1.248690e-10 5.936567e-06 
1.253049e-10 5.789289e-06 
1.257407e-10 5.609174e-06 
1.261766e-10 5.394763e-06 
1.266124e-10 5.144664e-06 
1.270482e-10 4.857574e-06 
1.274841e-10 4.532285e-06 
1.279199e-10 4.167696e-06 
1.283558e-10 3.762831e-06 
1.287916e-10 3.316844e-06 
1.292275e-10 2.829040e-06 
1.296633e-10 2.298878e-06 
1.300991e-10 1.725993e-06 
1.305350e-10 1.110202e-06 
1.309708e-10 4.515168e-07 
1.314067e-10 -2.498413e-07 
1.318425e-10 -9.934337e-07 
1.322784e-10 -1.778592e-06 
1.327142e-10 -2.604407e-06 
1.331500e-10 -3.469721e-06 
1.335859e-10 -4.373117e-06 
1.340217e-10 -5.312910e-06 
1.344576e-10 -6.287143e-06 
1.348934e-10 -7.293574e-06 
1.353293e-10 -8.329674e-06 
1.357651e-10 -9.392623e-06 
1.362009e-10 -1.047930e-05 
1.366368e-10 -1.158629e-05 
1.370726e-10 -1.270987e-05 
1.375085e-10 -1.384600e-05 
1.379443e-10 -1.499037e-05 
1.383802e-10 -1.613834e-05 
1.388160e-10 -1.728497e-05 
1.392518e-10 -1.842502e-05 
1.396877e-10 -1.955296e-05 
1.401235e-10 -2.066298e-05 
1.405594e-10 -2.174896e-05 
1.409952e-10 -2.280453e-05 
1.414311e-10 -2.382304e-05 
1.418669e-10 -2.479756e-05 
1.423027e-10 -2.572094e-05 
1.427386e-10 -2.658577e-05 
1.431744e-10 -2.738443e-05 
1.436103e-10 -2.810907e-05 
1.440461e-10 -2.875164e-05 
1.444820e-10 -2.930392e-05 
1.449178e-10 -2.975748e-05 
1.453536e-10 -3.010377e-05 
1.457895e-10 -3.033409e-05 
1.462253e-10 -3.043961e-05 
1.466612e-10 -3.041140e-05 
1.470970e-10 -3.024045e-05 
1.475329e-10 -2.991767e-05 
1.479687e-10 -2.943392e-05 
1.484045e-10 -2.878005e-05 
1.488404e-10 -2.794689e-05 
1.492762e-10 -2.692527e-05 
1.497121e-10 -2.570608e-05 
1.501479e-10 -2.428025e-05 
1.505838e-10 -2.263878e-05 
1.510196e-10 -2.077278e-05 
1.514554e-10 -1.867348e-05 
1.518913e-10 -1.633224e-05 
1.523271e-10 -1.374061e-05 
1.527630e-10 -1.089029e-05 
1.531988e-10 -7.773240e-06 
1.536347e-10 -4.381614e-06 
1.540705e-10 -7.078410e-07 
1.545063e-10 3.255371e-06 
1.549422e-10 7.515009e-06 
1.553780e-10 1.207773e-05 
1.558139e-10 1.694985e-05 
1.562497e-10 2.213730e-05 
1.566856e-10 2.764561e-05 
1.571214e-10 3.347989e-05 
1.575572e-10 3.964480e-05 
1.579931e-10 4.614454e-05 
1.584289e-10 5.298280e-05 
1.588648e-10 6.016277e-05 
1.593006e-10 6.768707e-05 
1.597365e-10 7.555778e-05 
1.601723e-10 8.377639e-05 
1.606082e-10 9.234376e-05 
1.610440e-10 1.012601e-04 
1.614798e-10 1.105251e-04 
1.619157e-10 1.201375e-04 
1.623515e-10 1.300956e-04 
1.627874e-10 1.403968e-04 
1.632232e-10 1.510379e-04 
1.636591e-10 1.620150e-04 
1.640949e-10 1.733231e-04 
1.645307e-10 1.849567e-04 
1.649666e-10 1.969095e-04 
1.654024e-10 2.091743e-04 
1.658383e-10 2.217430e-04 
1.662741e-10 2.346067e-04 
1.667100e-10 2.477559e-04 
1.671458e-10 2.611801e-04 
1.675816e-10 2.748677e-04 
1.680175e-10 2.888067e-04 
1.684533e-10 3.029842e-04 
1.688892e-10 3.173861e-04 
1.693250e-10 3.319981e-04 
1.697609e-10 3.468046e-04 
1.701967e-10 3.617896e-04 
1.706325e-10 3.769362e-04 
1.710684e-10 3.922269e-04 
1.715042e-10 4.076436e-04 
1.719401e-10 4.231675e-04 
1.723759e-10 4.387793e-04 
1.728118e-10 4.544593e-04 
1.732476e-10 4.701873e-04 
1.736834e-10 4.859426e-04 
1.741193e-10 5.017045e-04 
1.745551e-10 5.174519e-04 
1.749910e-10 5.331637e-04 
1.754268e-10 5.488186e-04 
1.758627e-10 5.643957e-04 
1.762985e-10 5.798738e-04 
1.767343e-10 5.952322e-04 
1.771702e-10 6.104508e-04 
1.776060e-10 6.255095e-04 
1.780419e-10 6.403891e-04 
1.784777e-10 6.550709e-04 
1.789136e-10 6.695374e-04 
1.793494e-10 6.837714e-04 
1.797852e-10 6.977573e-04 
1.802211e-10 7.114803e-04 
1.806569e-10 7.249271e-04 
1.810928e-10 7.380854e-04 
1.815286e-10 7.509448e-04 
1.819645e-10 7.634962e-04 
1.824003e-10 7.757321e-04 
1.828361e-10 7.876469e-04 
1.832720e-10 7.992368e-04 
1.837078e-10 8.104996e-04 
1.841437e-10 8.214355e-04 
1.845795e-10 8.320464e-04 
1.850154e-10 8.423362e-04 
1.854512e-10 8.523111e-04 
1.858870e-10 8.619790e-04 
1.863229e-10 8.713501e-04 
1.867587e-10 8.804368e-04 
1.871946e-10 8.892533e-04 
1.876304e-10 8.978158e-04 
1.880663e-10 9.061425e-04 
1.885021e-10 9.142536e-04 
1.889379e-10 9.221707e-04 
1.893738e-10 9.299175e-04 
1.898096e-10 9.375190e-04 
1.902455e-10 9.450016e-04 
1.906813e-10 9.523932e-04 
1.911172e-10 9.597227e-04 
1.915530e-10 9.670199e-04 
1.919888e-10 9.743153e-04 
1.924247e-10 9.816400e-04 
1.928605e-10 9.890257e-04 
1.932964e-10 9.965038e-04 
1.937322e-10 1.004106e-03 
1.941681e-10 1.011863e-03 
1.946039e-10 1.019805e-03 
1.950397e-10 1.027963e-03 
1.954756e-10 1.036365e-03 
1.959114e-10 1.045037e-03 
1.963473e-10 1.054006e-03 
1.967831e-10 1.063295e-03 
1.972190e-10 1.072925e-03 
1.976548e-10 1.082916e-03 
1.980907e-10 1.093283e-03 
1.985265e-10 1.104042e-03 
1.989623e-10 1.115201e-03 
1.993982e-10 1.126768e-03 
1.998340e-10 1.138746e-03 
2.002699e-10 1.151136e-03 
2.007057e-10 1.163934e-03 
2.011416e-10 1.177130e-03 
2.015774e-10 1.190714e-03 
2.020132e-10 1.204669e-03 
2.024491e-10 1.218973e-03 
2.028849e-10 1.233602e-03 
2.033208e-10 1.248526e-03 
2.037566e-10 1.263712e-03 
2.041925e-10 1.279121e-03 
2.046283e-10 1.294711e-03 
2.050641e-10 1.310435e-03 
2.055000e-10 1.326242e-03 
2.059358e-10 1.342078e-03 
2.063717e-10 1.357885e-03 
2.068075e-10 1.373601e-03 
2.072434e-10 1.389161e-03 
2.076792e-10 1.404497e-03 
2.081150e-10 1.419538e-03 
2.085509e-10 1.434213e-03 
2.089867e-10 1.448445e-03 
2.094226e-10 1.462160e-03 
2.098584e-10 1.475279e-03 
2.102943e-10 1.487725e-03 
2.107301e-10 1.499418e-03 
2.111659e-10 1.510282e-03 
2.116018e-10 1.520237e-03 
2.120376e-10 1.529207e-03 
2.124735e-10 1.537117e-03 
2.129093e-10 1.543894e-03 
2.133452e-10 1.549467e-03 
2.137810e-10 1.553767e-03 
2.142168e-10 1.556729e-03 
2.146527e-10 1.558294e-03 
2.150885e-10 1.558403e-03 
2.155244e-10 1.557003e-03 
2.159602e-10 1.554048e-03 
2.163961e-10 1.549494e-03 
2.168319e-10 1.543303e-03 
2.172677e-10 1.535444e-03 
2.177036e-10 1.525891e-03 
2.181394e-10 1.514624e-03 
2.185753e-10 1.501630e-03 
2.190111e-10 1.486901e-03 
2.194470e-10 1.470437e-03 
2.198828e-10 1.452243e-03 
2.203186e-10 1.432331e-03 
2.207545e-10 1.410720e-03 
2.211903e-10 1.387435e-03 
2.216262e-10 1.362506e-03 
2.220620e-10 1.335971e-03 
2.224979e-10 1.307873e-03 
2.229337e-10 1.278260e-03 
2.233695e-10 1.247187e-03 
2.238054e-10 1.214713e-03 
2.242412e-10 1.180902e-03 
2.246771e-10 1.145823e-03 
2.251129e-10 1.109548e-03 
2.255488e-10 1.072155e-03 
2.259846e-10 1.033724e-03 
2.264204e-10 9.943377e-04 
2.268563e-10 9.540824e-04 
2.272921e-10 9.130464e-04 
2.277280e-10 8.713198e-04 
2.281638e-10 8.289944e-04 
2.285997e-10 7.861629e-04 
2.290355e-10 7.429188e-04 
2.294713e-10 6.993559e-04 
2.299072e-10 6.555680e-04 
2.303430e-10 6.116484e-04 
2.307789e-10 5.676897e-04 
2.312147e-10 5.237834e-04 
2.316506e-10 4.800195e-04 
2.320864e-10 4.364865e-04 
2.325222e-10 3.932706e-04 
2.329581e-10 3.504559e-04 
2.333939e-10 3.081240e-04 
2.338298e-10 2.663538e-04 
2.342656e-10 2.252212e-04 
2.347015e-10 1.847988e-04 
2.351373e-10 1.451563e-04 
2.355731e-10 1.063597e-04 
2.360090e-10 6.847147e-05 
2.364448e-10 3.155045e-05 
2.368807e-10 -4.348260e-06 
2.373165e-10 -3.917341e-05 
2.377524e-10 -7.287763e-05 
2.381882e-10 -1.054175e-04 
2.386241e-10 -1.367534e-04 
2.390599e-10 -1.668498e-04 
2.394957e-10 -1.956752e-04 
2.399316e-10 -2.232018e-04 
2.403674e-10 -2.494058e-04 
2.408033e-10 -2.742673e-04 
2.412391e-10 -2.977701e-04 
2.416750e-10 -3.199020e-04 
2.421108e-10 -3.406540e-04 
2.425466e-10 -3.600212e-04 
2.429825e-10 -3.780019e-04 
2.434183e-10 -3.945978e-04 
2.438542e-10 -4.098140e-04 
2.442900e-10 -4.236589e-04 
2.447259e-10 -4.361437e-04 
2.451617e-10 -4.472828e-04 
2.455975e-10 -4.570933e-04 
2.460334e-10 -4.655951e-04 
2.464692e-10 -4.728105e-04 
2.469051e-10 -4.787646e-04 
2.473409e-10 -4.834843e-04 
2.477768e-10 -4.869991e-04 
2.482126e-10 -4.893403e-04 
2.486484e-10 -4.905410e-04 
2.490843e-10 -4.906363e-04 
2.495201e-10 -4.896625e-04 
2.499560e-10 -4.876576e-04 
2.503918e-10 -4.846608e-04 
2.508277e-10 -4.807125e-04 
2.512635e-10 -4.758539e-04 
2.516993e-10 -4.701274e-04 
2.521352e-10 -4.635757e-04 
2.525710e-10 -4.562424e-04 
2.530069e-10 -4.481714e-04 
2.534427e-10 -4.394069e-04 
2.538786e-10 -4.299934e-04 
2.543144e-10 -4.199754e-04 
2.547502e-10 -4.093972e-04 
2.551861e-10 -3.983033e-04 
2.556219e-10 -3.867375e-04 
2.560578e-10 -3.747436e-04 
2.564936e-10 -3.623647e-04 
2.569295e-10 -3.496435e-04 
2.573653e-10 -3.366219e-04 
2.578011e-10 -3.233413e-04 
2.582370e-10 -3.098421e-04 
2.586728e-10 -2.961639e-04 
2.591087e-10 -2.823455e-04 
2.595445e-10 -2.684245e-04 
2.599804e-10 -2.544376e-04 
2.604162e-10 -2.404206e-04 
2.608520e-10 -2.264078e-04 
2.612879e-10 -2.124326e-04 
2.617237e-10 -1.985271e-04 
2.621596e-10 -1.847224e-04 
2.625954e-10 -1.710481e-04 
2.630313e-10 -1.575326e-04 
2.634671e-10 -1.442030e-04 
2.639029e-10 -1.310852e-04 
2.643388e-10 -1.182038e-04 
2.647746e-10 -1.055819e-04 
2.652105e-10 -9.324146e-05 
2.656463e-10 -8.120296e-05 
2.660822e-10 -6.948563e-05 
2.665180e-10 -5.810734e-05 
2.669538e-10 -4.708461e-05 
2.673897e-10 -3.643264e-05 
2.678255e-10 -2.616529e-05 
2.682614e-10 -1.629511e-05 
2.686972e-10 -6.833308e-06 
2.691331e-10 2.210183e-06 
2.695689e-10 1.082674e-05 
2.700047e-10 1.900902e-05 
2.704406e-10 2.675093e-05 
2.708764e-10 3.404765e-05 
2.713123e-10 4.089554e-05 
2.717481e-10 4.729222e-05 
2.721840e-10 5.323645e-05 
2.726198e-10 5.872816e-05 
2.730556e-10 6.376841e-05 
2.734915e-10 6.835934e-05 
2.739273e-10 7.250417e-05 
2.743632e-10 7.620714e-05 
2.747990e-10 7.947350e-05 
2.752349e-10 8.230945e-05 
2.756707e-10 8.472209e-05 
2.761066e-10 8.671943e-05 
2.765424e-10 8.831029e-05 
2.769782e-10 8.950427e-05 
2.774141e-10 9.031175e-05 
2.778499e-10 9.074377e-05 
2.782858e-10 9.081204e-05 
2.787216e-10 9.052888e-05 
2.791575e-10 8.990715e-05 
2.795933e-10 8.896022e-05 
2.800291e-10 8.770192e-05 
2.804650e-10 8.614650e-05 
2.809008e-10 8.430855e-05 
2.813367e-10 8.220299e-05 
2.817725e-10 7.984501e-05 
2.822084e-10 7.725001e-05 
2.826442e-10 7.443357e-05 
2.830800e-10 7.141141e-05 
2.835159e-10 6.819934e-05 
2.839517e-10 6.481320e-05 
2.843876e-10 6.126887e-05 
2.848234e-10 5.758217e-05 
2.852593e-10 5.376886e-05 
2.856951e-10 4.984460e-05 
2.861309e-10 4.582491e-05 
2.865668e-10 4.172513e-05 
2.870026e-10 3.756039e-05 
2.874385e-10 3.334559e-05 
2.878743e-10 2.909537e-05 
2.883102e-10 2.482406e-05 
2.887460e-10 2.054565e-05 
2.891818e-10 1.627381e-05 
2.896177e-10 1.202181e-05 
2.900535e-10 7.802516e-06 
2.904894e-10 3.628367e-06 
2.909252e-10 -4.886541e-07 
2.913611e-10 -4.537040e-06 
2.917969e-10 -8.505787e-06 
2.922327e-10 -1.238441e-05 
2.926686e-10 -1.616297e-05 
2.931044e-10 -1.983210e-05 
2.935403e-10 -2.338300e-05 
2.939761e-10 -2.680748e-05 
2.944120e-10 -3.009798e-05 
2.948478e-10 -3.324755e-05 
2.952836e-10 -3.624993e-05 
2.957195e-10 -3.909947e-05 
2.961553e-10 -4.179125e-05 
2.965912e-10 -4.432100e-05 
2.970270e-10 -4.668514e-05 
2.974629e-10 -4.888080e-05 
2.978987e-10 -5.090581e-05 
2.983345e-10 -5.275869e-05 
2.987704e-10 -5.443866e-05 
2.992062e-10 -5.594563e-05 
2.996421e-10 -5.728019e-05 
3.000779e-10 -5.844359e-05 
3.005138e-10 -5.943774e-05 
3.009496e-10 -6.026520e-05 
3.013854e-10 -6.092910e-05 
3.018213e-10 -6.143318e-05 
3.022571e-10 -6.178174e-05 
3.026930e-10 -6.197959e-05 
3.031288e-10 -6.203202e-05 
3.035647e-10 -6.194478e-05 
3.040005e-10 -6.172399e-05 
3.044363e-10 -6.137617e-05 
3.048722e-10 -6.090812e-05 
3.053080e-10 -6.032690e-05 
3.057439e-10 -5.963979e-05 
3.061797e-10 -5.885421e-05 
3.066156e-10 -5.797768e-05 
3.070514e-10 -5.701777e-05 
3.074872e-10 -5.598203e-05 
3.079231e-10 -5.487794e-05 
3.083589e-10 -5.371287e-05 
3.087948e-10 -5.249399e-05 
3.092306e-10 -5.122828e-05 
3.096665e-10 -4.992239e-05 
3.101023e-10 -4.858269e-05 
3.105381e-10 -4.721515e-05 
3.109740e-10 -4.582535e-05 
3.114098e-10 -4.441842e-05 
3.118457e-10 -4.299898e-05 
3.122815e-10 -4.157118e-05 
3.127174e-10 -4.013863e-05 
3.131532e-10 -3.870436e-05 
3.135890e-10 -3.727088e-05 
3.140249e-10 -3.584011e-05 
3.144607e-10 -3.441338e-05 
3.148966e-10 -3.299148e-05 
3.153324e-10 -3.157464e-05 
3.157683e-10 -3.016252e-05 
3.162041e-10 -2.875428e-05 
3.166400e-10 -2.734857e-05 
3.170758e-10 -2.594358e-05 
3.175116e-10 -2.453705e-05 
3.179475e-10 -2.312635e-05 
3.183833e-10 -2.170849e-05 
3.188192e-10 -2.028016e-05 
3.192550e-10 -1.883781e-05 
3.196909e-10 -1.737769e-05 
3.201267e-10 -1.589589e-05 
3.205625e-10 -1.438843e-05 
3.209984e-10 -1.285127e-05 
3.214342e-10 -1.128040e-05 
3.218701e-10 -9.671906e-06 
3.223059e-10 -8.021982e-06 
3.227418e-10 -6.327028e-06 
3.231776e-10 -4.583687e-06 
3.236134e-10 -2.788892e-06 
3.240493e-10 -9.399222e-07 
3.244851e-10 9.655579e-07 
3.249210e-10 2.929454e-06 
3.253568e-10 4.953207e-06 
3.257927e-10 7.037759e-06 
3.262285e-10 9.183523e-06 
3.266643e-10 1.139036e-05 
3.271002e-10 1.365758e-05 
3.275360e-10 1.598388e-05 
3.279719e-10 1.836739e-05 
3.284077e-10 2.080565e-05 
3.288436e-10 2.329559e-05 
3.292794e-10 2.583358e-05 
3.297152e-10 2.841542e-05 
3.301511e-10 3.103634e-05 
3.305869e-10 3.369107e-05 
3.310228e-10 3.637382e-05 
3.314586e-10 3.907835e-05 
3.318945e-10 4.179796e-05 
3.323303e-10 4.452559e-05 
3.327661e-10 4.725381e-05 
3.332020e-10 4.997489e-05 
3.336378e-10 5.268083e-05 
3.340737e-10 5.536344e-05 
3.345095e-10 5.801435e-05 
3.349454e-10 6.062512e-05 
3.353812e-10 6.318721e-05 
3.358170e-10 6.569213e-05 
3.362529e-10 6.813140e-05 
3.366887e-10 7.049669e-05 
3.371246e-10 7.277978e-05 
3.375604e-10 7.497270e-05 
3.379963e-10 7.706771e-05 
3.384321e-10 7.905738e-05 
3.388679e-10 8.093463e-05 
3.393038e-10 8.269276e-05 
3.397396e-10 8.432551e-05 
3.401755e-10 8.582705e-05 
3.406113e-10 8.719207e-05 
3.410472e-10 8.841577e-05 
3.414830e-10 8.949389e-05 
3.419188e-10 9.042274e-05 
3.423547e-10 9.119920e-05 
3.427905e-10 9.182075e-05 
3.432264e-10 9.228546e-05 
3.436622e-10 9.259201e-05 
3.440981e-10 9.273970e-05 
3.445339e-10 9.272839e-05 
3.449697e-10 9.255858e-05 
3.454056e-10 9.223131e-05 
3.458414e-10 9.174821e-05 
3.462773e-10 9.111145e-05 
3.467131e-10 9.032372e-05 
3.471490e-10 8.938824e-05 
3.475848e-10 8.830867e-05 
3.480206e-10 8.708913e-05 
3.484565e-10 8.573416e-05 
3.488923e-10 8.424867e-05 
3.493282e-10 8.263791e-05 
3.497640e-10 8.090744e-05 
3.501999e-10 7.906309e-05 
3.506357e-10 7.711093e-05 
3.510715e-10 7.505719e-05 
3.515074e-10 7.290829e-05 
3.519432e-10 7.067071e-05 
3.523791e-10 6.835103e-05 
3.528149e-10 6.595587e-05 
3.532508e-10 6.349181e-05 
3.536866e-10 6.096541e-05 
3.541224e-10 5.838312e-05 
3.545583e-10 5.575132e-05 
3.549941e-10 5.307618e-05 
3.554300e-10 5.036373e-05 
3.558658e-10 4.761978e-05 
3.563017e-10 4.484989e-05 
3.567375e-10 4.205937e-05 
3.571734e-10 3.925325e-05 
3.576092e-10 3.643622e-05 
3.580450e-10 3.361269e-05 
3.584809e-10 3.078670e-05 
3.589167e-10 2.796196e-05 
3.593526e-10 2.514180e-05 
3.597884e-10 2.232919e-05 
3.602243e-10 1.952674e-05 
3.606601e-10 1.673668e-05 
3.610959e-10 1.396084e-05 
3.615318e-10 1.120071e-05 
3.619676e-10 8.457395e-06 
3.624035e-10 5.731659e-06 
3.628393e-10 3.023901e-06 
3.632752e-10 3.341853e-07 
3.637110e-10 -2.337748e-06 
3.641468e-10 -4.992470e-06 
3.645827e-10 -7.630844e-06 
3.650185e-10 -1.025401e-05 
3.654544e-10 -1.286337e-05 
3.658902e-10 -1.546054e-05 
3.663261e-10 -1.804739e-05 
3.667619e-10 -2.062595e-05 
3.671977e-10 -2.319843e-05 
3.676336e-10 -2.576719e-05 
3.680694e-10 -2.833472e-05 
3.685053e-10 -3.090359e-05 
3.689411e-10 -3.347646e-05 
3.693770e-10 -3.605604e-05 
3.698128e-10 -3.864506e-05 
3.702486e-10 -4.124627e-05 
3.706845e-10 -4.386238e-05 
3.711203e-10 -4.649609e-05 
3.715562e-10 -4.915000e-05 
3.719920e-10 -5.182665e-05 
3.724279e-10 -5.452847e-05 
3.728637e-10 -5.725776e-05 
3.732995e-10 -6.001669e-05 
3.737354e-10 -6.280726e-05 
3.741712e-10 -6.563129e-05 
3.746071e-10 -6.849043e-05 
3.750429e-10 -7.138609e-05 
3.754788e-10 -7.431950e-05 
3.759146e-10 -7.729162e-05 
3.763504e-10 -8.030321e-05 
3.767863e-10 -8.335476e-05 
3.772221e-10 -8.644650e-05 
3.776580e-10 -8.957841e-05 
3.780938e-10 -9.275021e-05 
3.785297e-10 -9.596133e-05 
3.789655e-10 -9.921096e-05 
3.794013e-10 -1.024980e-04 
3.798372e-10 -1.058211e-04 
3.802730e-10 -1.091786e-04 
3.807089e-10 -1.125686e-04 
3.811447e-10 -1.159890e-04 
3.815806e-10 -1.194374e-04 
3.820164e-10 -1.229112e-04 
3.824522e-10 -1.264075e-04 
3.828881e-10 -1.299232e-04 
3.833239e-10 -1.334552e-04 
3.837598e-10 -1.369998e-04 
3.841956e-10 -1.405536e-04 
3.846315e-10 -1.441126e-04 
3.850673e-10 -1.476730e-04 
3.855031e-10 -1.512306e-04 
3.859390e-10 -1.547814e-04 
3.863748e-10 -1.583209e-04 
3.868107e-10 -1.618450e-04 
3.872465e-10 -1.653491e-04 
3.876824e-10 -1.688288e-04 
3.881182e-10 -1.722797e-04 
3.885540e-10 -1.756973e-04 
3.889899e-10 -1.790770e-04 
3.894257e-10 -1.824146e-04 
3.898616e-10 -1.857056e-04 
3.902974e-10 -1.889455e-04 
3.907333e-10 -1.921303e-04 
3.911691e-10 -1.952555e-04 
3.916049e-10 -1.983171e-04 
3.920408e-10 -2.013111e-04 
3.924766e-10 -2.042334e-04 
3.929125e-10 -2.070803e-04 
3.933483e-10 -2.098478e-04 
3.937842e-10 -2.125324e-04 
3.942200e-10 -2.151304e-04 
3.946559e-10 -2.176383e-04 
3.950917e-10 -2.200526e-04 
3.955275e-10 -2.223699e-04 
3.959634e-10 -2.245869e-04 
3.963992e-10 -2.267002e-04 
3.968351e-10 -2.287066e-04 
3.972709e-10 -2.306027e-04 
3.977068e-10 -2.323852e-04 
3.981426e-10 -2.340508e-04 
3.985784e-10 -2.355961e-04 
3.990143e-10 -2.370175e-04 
3.994501e-10 -2.383116e-04 
3.998860e-10 -2.394746e-04 
4.003218e-10 -2.405028e-04 
4.007577e-10 -2.413924e-04 
4.011935e-10 -2.421392e-04 
4.016293e-10 -2.427390e-04 
4.020652e-10 -2.431875e-04 
4.025010e-10 -2.434802e-04 
4.029369e-10 -2.436124e-04 
4.033727e-10 -2.435792e-04 
4.038086e-10 -2.433758e-04 
4.042444e-10 -2.429970e-04 
4.046802e-10 -2.424376e-04 
4.051161e-10 -2.416924e-04 
4.055519e-10 -2.407559e-04 
4.059878e-10 -2.396227e-04 
4.064236e-10 -2.382876e-04 
4.068595e-10 -2.367452e-04 
4.072953e-10 -2.349902e-04 
4.077311e-10 -2.330176e-04 
4.081670e-10 -2.308225e-04 
4.086028e-10 -2.284003e-04 
4.090387e-10 -2.257466e-04 
4.094745e-10 -2.228576e-04 
4.099104e-10 -2.197297e-04 
4.103462e-10 -2.163599e-04 
4.107820e-10 -2.127459e-04 
4.112179e-10 -2.088858e-04 
4.116537e-10 -2.047786e-04 
4.120896e-10 -2.004239e-04 
4.125254e-10 -1.958222e-04 
4.129613e-10 -1.909749e-04 
4.133971e-10 -1.858840e-04 
4.138329e-10 -1.805530e-04 
4.142688e-10 -1.749859e-04 
4.147046e-10 -1.691880e-04 
4.151405e-10 -1.631655e-04 
4.155763e-10 -1.569258e-04 
4.160122e-10 -1.504772e-04 
4.164480e-10 -1.438292e-04 
4.168838e-10 -1.369923e-04 
4.173197e-10 -1.299781e-04 
4.177555e-10 -1.227992e-04 
4.181914e-10 -1.154689e-04 
4.186272e-10 -1.080019e-04 
4.190631e-10 -1.004134e-04 
4.194989e-10 -9.271949e-05 
4.199347e-10 -8.493705e-05 
4.203706e-10 -7.708356e-05 
4.208064e-10 -6.917706e-05 
4.212423e-10 -6.123606e-05 
4.216781e-10 -5.327943e-05 
4.221140e-10 -4.532630e-05 
4.225498e-10 -3.739596e-05 
4.229856e-10 -2.950776e-05 
4.234215e-10 -2.168095e-05 
4.238573e-10 -1.393461e-05 
4.242932e-10 -6.287555e-06 
4.247290e-10 1.241832e-06 
4.251649e-10 8.635661e-06 
4.256007e-10 1.587665e-05 
4.260365e-10 2.294824e-05 
4.264724e-10 2.983465e-05 
4.269082e-10 3.652101e-05 
4.273441e-10 4.299340e-05 
4.277799e-10 4.923893e-05 
4.282158e-10 5.524583e-05 
4.286516e-10 6.100345e-05 
4.290874e-10 6.650236e-05 
4.295233e-10 7.173433e-05 
4.299591e-10 7.669238e-05 
4.303950e-10 8.137081e-05 
4.308308e-10 8.576514e-05 
4.312667e-10 8.987216e-05 
4.317025e-10 9.368990e-05 
4.321383e-10 9.721757e-05 
4.325742e-10 1.004556e-04 
4.330100e-10 1.034054e-04 
4.334459e-10 1.060696e-04 
4.338817e-10 1.084518e-04 
4.343176e-10 1.105564e-04 
4.347534e-10 1.123890e-04 
4.351893e-10 1.139555e-04 
4.356251e-10 1.152630e-04 
4.360609e-10 1.163189e-04 
4.364968e-10 1.171313e-04 
4.369326e-10 1.177086e-04 
4.373685e-10 1.180598e-04 
4.378043e-10 1.181940e-04 
4.382402e-10 1.181206e-04 
4.386760e-10 1.178491e-04 
4.391118e-10 1.173890e-04 
4.395477e-10 1.167500e-04 
4.399835e-10 1.159415e-04 
4.404194e-10 1.149728e-04 
4.408552e-10 1.138531e-04 
4.412911e-10 1.125912e-04 
4.417269e-10 1.111959e-04 
4.421627e-10 1.096754e-04 
4.425986e-10 1.080376e-04 
4.430344e-10 1.062903e-04 
4.434703e-10 1.044406e-04 
4.439061e-10 1.024954e-04 
4.443420e-10 1.004611e-04 
4.447778e-10 9.834403e-05 
4.452136e-10 9.614977e-05 
4.456495e-10 9.388376e-05 
4.460853e-10 9.155109e-05 
4.465212e-10 8.915652e-05 
4.469570e-10 8.670458e-05 
4.473929e-10 8.419951e-05 
4.478287e-10 8.164537e-05 
4.482645e-10 7.904605e-05 
4.487004e-10 7.640527e-05 
4.491362e-10 7.372667e-05 
4.495721e-10 7.101380e-05 
4.500079e-10 6.827018e-05 
4.504438e-10 6.549931e-05 
4.508796e-10 6.270474e-05 
4.513154e-10 5.989002e-05 
4.517513e-10 5.705882e-05 
4.521871e-10 5.421485e-05 
4.526230e-10 5.136197e-05 
4.530588e-10 4.850412e-05 
4.534947e-10 4.564539e-05 
4.539305e-10 4.279000e-05 
4.543663e-10 3.994230e-05 
4.548022e-10 3.710674e-05 
4.552380e-10 3.428791e-05 
4.556739e-10 3.149052e-05 
4.561097e-10 2.871934e-05 
4.565456e-10 2.597923e-05 
4.569814e-10 2.327509e-05 
4.574172e-10 2.061187e-05 
4.578531e-10 1.799447e-05 
4.582889e-10 1.542781e-05 
4.587248e-10 1.291673e-05 
4.591606e-10 1.046597e-05 
4.595965e-10 8.080161e-06 
4.600323e-10 5.763780e-06 
4.604681e-10 3.521114e-06 
4.609040e-10 1.356239e-06 
4.613398e-10 -7.270158e-07 
4.617757e-10 -2.725093e-06 
4.622115e-10 -4.634733e-06 
4.626474e-10 -6.452996e-06 
4.630832e-10 -8.177287e-06 
4.635190e-10 -9.805370e-06 
4.639549e-10 -1.133538e-05 
4.643907e-10 -1.276586e-05 
4.648266e-10 -1.409573e-05 
4.652624e-10 -1.532431e-05 
4.656983e-10 -1.645133e-05 
4.661341e-10 -1.747695e-05 
4.665699e-10 -1.840169e-05 
4.670058e-10 -1.922648e-05 
4.674416e-10 -1.995262e-05 
4.678775e-10 -2.058180e-05 
4.683133e-10 -2.111604e-05 
4.687492e-10 -2.155769e-05 
4.691850e-10 -2.190941e-05 
4.696208e-10 -2.217416e-05 
4.700567e-10 -2.235514e-05 
4.704925e-10 -2.245579e-05 
4.709284e-10 -2.247974e-05 
4.713642e-10 -2.243081e-05 
4.718001e-10 -2.231296e-05 
4.722359e-10 -2.213025e-05 
4.726717e-10 -2.188683e-05 
4.731076e-10 -2.158688e-05 
4.735434e-10 -2.123462e-05 
4.739793e-10 -2.083424e-05 
4.744151e-10 -2.038990e-05 
4.748510e-10 -1.990568e-05 
4.752868e-10 -1.938556e-05 
4.757227e-10 -1.883340e-05 
4.761585e-10 -1.825292e-05 
4.765943e-10 -1.764764e-05 
4.770302e-10 -1.702092e-05 
4.774660e-10 -1.637591e-05 
4.779019e-10 -1.571550e-05 
4.783377e-10 -1.504238e-05 
4.787736e-10 -1.435896e-05 
4.792094e-10 -1.366741e-05 
4.796452e-10 -1.296963e-05 
4.800811e-10 -1.226724e-05 
4.805169e-10 -1.156158e-05 
4.809528e-10 -1.085373e-05 
4.813886e-10 -1.014449e-05 
4.818245e-10 -9.434409e-06 
4.822603e-10 -8.723750e-06 
4.826961e-10 -8.012545e-06 
4.831320e-10 -7.300577e-06 
4.835678e-10 -6.587405e-06 
4.840037e-10 -5.872374e-06 
4.844395e-10 -5.154632e-06 
4.848754e-10 -4.433147e-06 
4.853112e-10 -3.706727e-06 
4.857470e-10 -2.974035e-06 
4.861829e-10 -2.233619e-06 
4.866187e-10 -1.483922e-06 
4.870546e-10 -7.233129e-07 
4.874904e-10 4.989550e-08 
4.879263e-10 8.374238e-07 
4.883621e-10 1.641003e-06 
4.887979e-10 2.462353e-06 
4.892338e-10 3.303161e-06 
4.896696e-10 4.165059e-06 
4.901055e-10 5.049607e-06 
4.905413e-10 5.958271e-06 
4.909772e-10 6.892405e-06 
4.914130e-10 7.853238e-06 
4.918488e-10 8.841854e-06 
4.922847e-10 9.859183e-06 
4.927205e-10 1.090599e-05 
4.931564e-10 1.198285e-05 
4.935922e-10 1.309016e-05 
4.940281e-10 1.422815e-05 
4.944639e-10 1.539681e-05 
4.948997e-10 1.659596e-05 
4.953356e-10 1.782524e-05 
4.957714e-10 1.908406e-05 
4.962073e-10 2.037166e-05 
4.966431e-10 2.168711e-05 
4.970790e-10 2.302929e-05 
4.975148e-10 2.439693e-05 
4.979506e-10 2.578859e-05 
4.983865e-10 2.720273e-05 
4.988223e-10 2.863765e-05 
4.992582e-10 3.009157e-05 
4.996940e-10 3.156262e-05 
5.001299e-10 3.304887e-05 
5.005657e-10 3.454832e-05 
5.010015e-10 3.605897e-05 
5.014374e-10 3.757879e-05 
5.018732e-10 3.910579e-05 
5.023091e-10 4.063799e-05 
5.027449e-10 4.217346e-05 
5.031808e-10 4.371037e-05 
5.036166e-10 4.524695e-05 
5.040524e-10 4.678156e-05 
5.044883e-10 4.831269e-05 
5.049241e-10 4.983894e-05 
5.053600e-10 5.135908e-05 
5.057958e-10 5.287207e-05 
5.062317e-10 5.437699e-05 
5.066675e-10 5.587315e-05 
5.071033e-10 5.736003e-05 
5.075392e-10 5.883731e-05 
5.079750e-10 6.030484e-05 
5.084109e-10 6.176270e-05 
5.088467e-10 6.321115e-05 
5.092826e-10 6.465062e-05 
5.097184e-10 6.608175e-05 
5.101542e-10 6.750532e-05 
5.105901e-10 6.892231e-05 
5.110259e-10 7.033384e-05 
5.114618e-10 7.174114e-05 
5.118976e-10 7.314561e-05 
5.123335e-10 7.454872e-05 
5.127693e-10 7.595205e-05 
5.132052e-10 7.735726e-05 
5.136410e-10 7.876605e-05 
5.140768e-10 8.018014e-05 
5.145127e-10 8.160132e-05 
5.149485e-10 8.303131e-05 
5.153844e-10 8.447186e-05 
5.158202e-10 8.592465e-05 
5.162561e-10 8.739130e-05 
5.166919e-10 8.887337e-05 
5.171277e-10 9.037231e-05 
5.175636e-10 9.188946e-05 
5.179994e-10 9.342603e-05 
5.184353e-10 9.498310e-05 
5.188711e-10 9.656159e-05 
5.193070e-10 9.816225e-05 
5.197428e-10 9.978568e-05 
5.201786e-10 1.014323e-04 
5.206145e-10 1.031022e-04 
5.210503e-10 1.047956e-04 
5.214862e-10 1.065123e-04 
5.219220e-10 1.082518e-04 
5.223579e-10 1.100137e-04 
5.227937e-10 1.117971e-04 
5.232295e-10 1.136012e-04 
5.236654e-10 1.154249e-04 
5.241012e-10 1.172669e-04 
5.245371e-10 1.191257e-04 
5.249729e-10 1.209998e-04 
5.254088e-10 1.228874e-04 
5.258446e-10 1.247867e-04 
5.262804e-10 1.266956e-04 
5.267163e-10 1.286121e-04 
5.271521e-10 1.305341e-04 
5.275880e-10 1.324593e-04 
5.280238e-10 1.343854e-04 
5.284597e-10 1.363101e-04 
5.288955e-10 1.382310e-04 
5.293313e-10 1.401459e-04 
5.297672e-10 1.420523e-04 
5.302030e-10 1.439480e-04 
5.306389e-10 1.458308e-04 
5.310747e-10 1.476984e-04 
5.315106e-10 1.495487e-04 
5.319464e-10 1.513798e-04 
5.323822e-10 1.531897e-04 
5.328181e-10 1.549766e-04 
5.332539e-10 1.567390e-04 
5.336898e-10 1.584753e-04 
5.341256e-10 1.601841e-04 
5.345615e-10 1.618644e-04 
5.349973e-10 1.635151e-04 
5.354331e-10 1.651354e-04 
5.358690e-10 1.667248e-04 
5.363048e-10 1.682828e-04 
5.367407e-10 1.698092e-04 
5.371765e-10 1.713040e-04 
5.376124e-10 1.727675e-04 
5.380482e-10 1.742000e-04 
5.384840e-10 1.756022e-04 
5.389199e-10 1.769749e-04 
5.393557e-10 1.783191e-04 
5.397916e-10 1.796361e-04 
5.402274e-10 1.809274e-04 
5.406633e-10 1.821945e-04 
5.410991e-10 1.834393e-04 
5.415349e-10 1.846637e-04 
5.419708e-10 1.858699e-04 
5.424066e-10 1.870602e-04 
5.428425e-10 1.882371e-04 
5.432783e-10 1.894031e-04 
5.437142e-10 1.905609e-04 
5.441500e-10 1.917135e-04 
5.445858e-10 1.928636e-04 
5.450217e-10 1.940144e-04 
5.454575e-10 1.951688e-04 
5.458934e-10 1.963301e-04 
5.463292e-10 1.975013e-04 
5.467651e-10 1.986857e-04 
5.472009e-10 1.998865e-04 
5.476367e-10 2.011069e-04 
5.480726e-10 2.023500e-04 
5.485084e-10 2.036191e-04 
5.489443e-10 2.049171e-04 
5.493801e-10 2.062471e-04 
5.498160e-10 2.076121e-04 
5.502518e-10 2.090149e-04 
5.506876e-10 2.104581e-04 
5.511235e-10 2.119444e-04 
5.515593e-10 2.134763e-04 
5.519952e-10 2.150559e-04 
5.524310e-10 2.166855e-04 
5.528669e-10 2.183669e-04 
5.533027e-10 2.201019e-04 
5.537386e-10 2.218919e-04 
5.541744e-10 2.237382e-04 
5.546102e-10 2.256419e-04 
5.550461e-10 2.276038e-04 
5.554819e-10 2.296243e-04 
5.559178e-10 2.317038e-04 
5.563536e-10 2.338422e-04 
5.567895e-10 2.360392e-04 
5.572253e-10 2.382943e-04 
5.576611e-10 2.406064e-04 
5.580970e-10 2.429744e-04 
5.585328e-10 2.453968e-04 
5.589687e-10 2.478717e-04 
5.594045e-10 2.503969e-04 
5.598404e-10 2.529700e-04 
5.602762e-10 2.555882e-04 
5.607120e-10 2.582484e-04 
5.611479e-10 2.609471e-04 
5.615837e-10 2.636805e-04 
5.620196e-10 2.664446e-04 
5.624554e-10 2.692350e-04 
5.628913e-10 2.720471e-04 
5.633271e-10 2.748759e-04 
5.637629e-10 2.777161e-04 
5.641988e-10 2.805623e-04 
5.646346e-10 2.834086e-04 
5.650705e-10 2.862492e-04 
5.655063e-10 2.890776e-04 
5.659422e-10 2.918876e-04 
5.663780e-10 2.946723e-04 
5.668138e-10 2.974252e-04 
5.672497e-10 3.001390e-04 
5.676855e-10 3.028068e-04 
5.681214e-10 3.054213e-04 
5.685572e-10 3.079751e-04 
5.689931e-10 3.104610e-04 
5.694289e-10 3.128713e-04 
5.698647e-10 3.151986e-04 
5.703006e-10 3.174356e-04 
5.707364e-10 3.195746e-04 
5.711723e-10 3.216082e-04 
5.716081e-10 3.235292e-04 
5.720440e-10 3.253302e-04 
5.724798e-10 3.270041e-04 
5.729156e-10 3.285438e-04 
5.733515e-10 3.299425e-04 
5.737873e-10 3.311934e-04 
5.742232e-10 3.322901e-04 
5.746590e-10 3.332263e-04 
5.750949e-10 3.339958e-04 
5.755307e-10 3.345928e-04 
5.759665e-10 3.350118e-04 
5.764024e-10 3.352474e-04 
5.768382e-10 3.352946e-04 
5.772741e-10 3.351487e-04 
5.777099e-10 3.348051e-04 
5.781458e-10 3.342599e-04 
5.785816e-10 3.335091e-04 
5.790174e-10 3.325493e-04 
5.794533e-10 3.313773e-04 
5.798891e-10 3.299902e-04 
5.803250e-10 3.283856e-04 
5.807608e-10 3.265613e-04 
5.811967e-10 3.245154e-04 
5.816325e-10 3.222465e-04 
5.820683e-10 3.197534e-04 
5.825042e-10 3.170352e-04 
5.829400e-10 3.140914e-04 
5.833759e-10 3.109220e-04 
5.838117e-10 3.075270e-04 
5.842476e-10 3.039070e-04 
5.846834e-10 3.000628e-04 
5.851192e-10 2.959955e-04 
5.855551e-10 2.917068e-04 
5.859909e-10 2.871983e-04 
5.864268e-10 2.824722e-04 
5.868626e-10 2.775311e-04 
5.872985e-10 2.723776e-04 
5.877343e-10 2.670149e-04 
5.881701e-10 2.614465e-04 
5.886060e-10 2.556760e-04 
5.890418e-10 2.497076e-04 
5.894777e-10 2.435456e-04 
5.899135e-10 2.371947e-04 
5.903494e-10 2.306598e-04 
5.907852e-10 2.239464e-04 
5.912211e-10 2.170599e-04 
5.916569e-10 2.100063e-04 
5.920927e-10 2.027917e-04 
5.925286e-10 1.954224e-04 
5.929644e-10 1.879053e-04 
5.934003e-10 1.802473e-04 
5.938361e-10 1.724554e-04 
5.942720e-10 1.645371e-04 
5.947078e-10 1.565001e-04 
5.951436e-10 1.483521e-04 
5.955795e-10 1.401010e-04 
5.960153e-10 1.317551e-04 
5.964512e-10 1.233226e-04 
5.968870e-10 1.148118e-04 
5.973229e-10 1.062313e-04 
5.977587e-10 9.758962e-05 
5.981945e-10 8.889535e-05 
5.986304e-10 8.015715e-05 
5.990662e-10 7.138365e-05 
5.995021e-10 6.258350e-05 
5.999379e-10 5.376531e-05 
6.003738e-10 4.493764e-05 
6.008096e-10 3.610896e-05 
6.012454e-10 2.728768e-05 
6.016813e-10 1.848208e-05 
6.021171e-10 9.700345e-06 
6.025530e-10 9.505139e-07 
6.029888e-10 -7.759513e-06 
6.034247e-10 -1.642198e-05 
6.038605e-10 -2.502931e-05 
6.042963e-10 -3.357405e-05 
6.047322e-10 -4.204895e-05 
6.051680e-10 -5.044690e-05 
6.056039e-10 -5.876096e-05 
6.060397e-10 -6.698434e-05 
6.064756e-10 -7.511042e-05 
6.069114e-10 -8.313271e-05 
6.073472e-10 -9.104487e-05 
6.077831e-10 -9.884067e-05 
6.082189e-10 -1.065140e-04 
6.086548e-10 -1.140589e-04 
6.090906e-10 -1.214694e-04 
6.095265e-10 -1.287397e-04 
6.099623e-10 -1.358641e-04 
6.103981e-10 -1.428368e-04 
6.108340e-10 -1.496523e-04 
6.112698e-10 -1.563048e-04 
6.117057e-10 -1.627888e-04 
6.121415e-10 -1.690988e-04 
6.125774e-10 -1.752292e-04 
6.130132e-10 -1.811745e-04 
6.134490e-10 -1.869292e-04 
6.138849e-10 -1.924879e-04 
6.143207e-10 -1.978451e-04 
6.147566e-10 -2.029954e-04 
6.151924e-10 -2.079335e-04 
6.156283e-10 -2.126541e-04 
6.160641e-10 -2.171520e-04 
6.164999e-10 -2.214222e-04 
6.169358e-10 -2.254596e-04 
6.173716e-10 -2.292594e-04 
6.178075e-10 -2.328171e-04 
6.182433e-10 -2.361280e-04 
6.186792e-10 -2.391881e-04 
6.191150e-10 -2.419934e-04 
6.195508e-10 -2.445401e-04 
6.199867e-10 -2.468250e-04 
6.204225e-10 -2.488450e-04 
6.208584e-10 -2.505974e-04 
6.212942e-10 -2.520801e-04 
6.217301e-10 -2.532912e-04 
6.221659e-10 -2.542293e-04 
6.226017e-10 -2.548936e-04 
6.230376e-10 -2.552837e-04 
6.234734e-10 -2.553997e-04 
6.239093e-10 -2.552421e-04 
6.243451e-10 -2.548123e-04 
6.247810e-10 -2.541117e-04 
6.252168e-10 -2.531428e-04 
6.256526e-10 -2.519081e-04 
6.260885e-10 -2.504110e-04 
6.265243e-10 -2.486554e-04 
6.269602e-10 -2.466453e-04 
6.273960e-10 -2.443858e-04 
6.278319e-10 -2.418819e-04 
6.282677e-10 -2.391394e-04 
6.287035e-10 -2.361642e-04 
6.291394e-10 -2.329630e-04 
6.295752e-10 -2.295424e-04 
6.300111e-10 -2.259095e-04 
6.304469e-10 -2.220718e-04 
6.308828e-10 -2.180368e-04 
6.313186e-10 -2.138123e-04 
6.317545e-10 -2.094063e-04 
6.321903e-10 -2.048268e-04 
6.326261e-10 -2.000821e-04 
6.330620e-10 -1.951803e-04 
6.334978e-10 -1.901296e-04 
6.339337e-10 -1.849383e-04 
6.343695e-10 -1.796145e-04 
6.348054e-10 -1.741663e-04 
6.352412e-10 -1.686018e-04 
6.356770e-10 -1.629288e-04 
6.361129e-10 -1.571550e-04 
6.365487e-10 -1.512883e-04 
6.369846e-10 -1.453360e-04 
6.374204e-10 -1.393055e-04 
6.378563e-10 -1.332041e-04 
6.382921e-10 -1.270389e-04 
6.387279e-10 -1.208169e-04 
6.391638e-10 -1.145451e-04 
6.395996e-10 -1.082301e-04 
6.400355e-10 -1.018788e-04 
6.404713e-10 -9.549797e-05 
6.409072e-10 -8.909423e-05 
6.413430e-10 -8.267436e-05 
6.417788e-10 -7.624514e-05 
6.422147e-10 -6.981343e-05 
6.426505e-10 -6.338620e-05 
6.430864e-10 -5.697056e-05 
6.435222e-10 -5.057378e-05 
6.439581e-10 -4.420334e-05 
6.443939e-10 -3.786691e-05 
6.448297e-10 -3.157240e-05 
6.452656e-10 -2.532800e-05 
6.457014e-10 -1.914212e-05 
6.461373e-10 -1.302348e-05 
6.465731e-10 -6.981055e-06 
6.470090e-10 -1.024110e-06 
6.474448e-10 4.837835e-06 
6.478806e-10 1.059501e-05 
6.483165e-10 1.623740e-05 
6.487523e-10 2.175480e-05 
6.491882e-10 2.713681e-05 
6.496240e-10 3.237293e-05 
6.500599e-10 3.745253e-05 
6.504957e-10 4.236496e-05 
6.509315e-10 4.709956e-05 
6.513674e-10 5.164576e-05 
6.518032e-10 5.599312e-05 
6.522391e-10 6.013138e-05 
6.526749e-10 6.405056e-05 
6.531108e-10 6.774103e-05 
6.535466e-10 7.119355e-05 
6.539824e-10 7.439936e-05 
6.544183e-10 7.735029e-05 
6.548541e-10 8.003875e-05 
6.552900e-10 8.245789e-05 
6.557258e-10 8.460160e-05 
6.561617e-10 8.646460e-05 
6.565975e-10 8.804250e-05 
6.570333e-10 8.933186e-05 
6.574692e-10 9.033022e-05 
6.579050e-10 9.103613e-05 
6.583409e-10 9.144925e-05 
6.587767e-10 9.157029e-05 
6.592126e-10 9.140109e-05 
6.596484e-10 9.094463e-05 
6.600842e-10 9.020499e-05 
6.605201e-10 8.918737e-05 
6.609559e-10 8.789811e-05 
6.613918e-10 8.634460e-05 
6.618276e-10 8.453530e-05 
6.622635e-10 8.247968e-05 
6.626993e-10 8.018817e-05 
6.631351e-10 7.767212e-05 
6.635710e-10 7.494373e-05 
6.640068e-10 7.201599e-05 
6.644427e-10 6.890259e-05 
6.648785e-10 6.561785e-05 
6.653144e-10 6.217664e-05 
6.657502e-10 5.859430e-05 
6.661860e-10 5.488654e-05 
6.666219e-10 5.106935e-05 
6.670577e-10 4.715892e-05 
6.674936e-10 4.317151e-05 
6.679294e-10 3.912344e-05 
6.683653e-10 3.503090e-05 
6.688011e-10 3.090993e-05 
6.692369e-10 2.677633e-05 
6.696728e-10 2.264554e-05 
6.701086e-10 1.853260e-05 
6.705445e-10 1.445207e-05 
6.709803e-10 1.041795e-05 
6.714162e-10 6.443649e-06 
6.718520e-10 2.541894e-06 
6.722879e-10 -1.275295e-06 
6.727237e-10 -4.996652e-06 
6.731595e-10 -8.611700e-06 
6.735954e-10 -1.211078e-05 
6.740312e-10 -1.548506e-05 
6.744671e-10 -1.872658e-05 
6.749029e-10 -2.182821e-05 
6.753388e-10 -2.478371e-05 
6.757746e-10 -2.758768e-05 
6.762104e-10 -3.023556e-05 
6.766463e-10 -3.272364e-05 
6.770821e-10 -3.504899e-05 
6.775180e-10 -3.720949e-05 
6.779538e-10 -3.920376e-05 
6.783897e-10 -4.103115e-05 
6.788255e-10 -4.269169e-05 
6.792613e-10 -4.418609e-05 
6.796972e-10 -4.551563e-05 
6.801330e-10 -4.668219e-05 
6.805689e-10 -4.768817e-05 
6.810047e-10 -4.853649e-05 
6.814406e-10 -4.923047e-05 
6.818764e-10 -4.977389e-05 
6.823122e-10 -5.017089e-05 
6.827481e-10 -5.042592e-05 
6.831839e-10 -5.054378e-05 
6.836198e-10 -5.052949e-05 
6.840556e-10 -5.038836e-05 
6.844915e-10 -5.012588e-05 
6.849273e-10 -4.974773e-05 
6.853631e-10 -4.925978e-05 
6.857990e-10 -4.866802e-05 
6.862348e-10 -4.797860e-05 
6.866707e-10 -4.719778e-05 
6.871065e-10 -4.633192e-05 
6.875424e-10 -4.538749e-05 
6.879782e-10 -4.437107e-05 
6.884140e-10 -4.328933e-05 
6.888499e-10 -4.214903e-05 
6.892857e-10 -4.095704e-05 
6.897216e-10 -3.972031e-05 
6.901574e-10 -3.844591e-05 
6.905933e-10 -3.714102e-05 
6.910291e-10 -3.581293e-05 
6.914649e-10 -3.446903e-05 
6.919008e-10 -3.311687e-05 
6.923366e-10 -3.176409e-05 
6.927725e-10 -3.041851e-05 
6.932083e-10 -2.908803e-05 
6.936442e-10 -2.778074e-05 
6.940800e-10 -2.650482e-05 
6.945158e-10 -2.526861e-05 
6.949517e-10 -2.408057e-05 
6.953875e-10 -2.294929e-05 
6.958234e-10 -2.188345e-05 
6.962592e-10 -2.089187e-05 
6.966951e-10 -1.998342e-05 
6.971309e-10 -1.916706e-05 
6.975667e-10 -1.845178e-05 
6.980026e-10 -1.784661e-05 
6.984384e-10 -1.736058e-05 
6.988743e-10 -1.700269e-05 
6.993101e-10 -1.678189e-05 
6.997460e-10 -1.670703e-05 
7.001818e-10 -1.678685e-05 
7.006176e-10 -1.702992e-05 
7.010535e-10 -1.744464e-05 
7.014893e-10 -1.803913e-05 
7.019252e-10 -1.882128e-05 
7.023610e-10 -1.979865e-05 
7.027969e-10 -2.097844e-05 
7.032327e-10 -2.236747e-05 
7.036685e-10 -2.397212e-05 
7.041044e-10 -2.579829e-05 
7.045402e-10 -2.785138e-05 
7.049761e-10 -3.013622e-05 
7.054119e-10 -3.265709e-05 
7.058478e-10 -3.541763e-05 
7.062836e-10 -3.842082e-05 
7.067194e-10 -4.166899e-05 
7.071553e-10 -4.516374e-05 
7.075911e-10 -4.890595e-05 
7.080270e-10 -5.289575e-05 
7.084628e-10 -5.713250e-05 
7.088987e-10 -6.161478e-05 
7.093345e-10 -6.634039e-05 
7.097704e-10 -7.130630e-05 
7.102062e-10 -7.650871e-05 
7.106420e-10 -8.194300e-05 
7.110779e-10 -8.760376e-05 
7.115137e-10 -9.348477e-05 
7.119496e-10 -9.957905e-05 
7.123854e-10 -1.058789e-04 
7.128213e-10 -1.123757e-04 
7.132571e-10 -1.190603e-04 
7.136929e-10 -1.259228e-04 
7.141288e-10 -1.329525e-04 
7.145646e-10 -1.401383e-04 
7.150005e-10 -1.474683e-04 
7.154363e-10 -1.549300e-04 
7.158722e-10 -1.625106e-04 
7.163080e-10 -1.701965e-04 
7.167438e-10 -1.779739e-04 
7.171797e-10 -1.858286e-04 
7.176155e-10 -1.937457e-04 
7.180514e-10 -2.017105e-04 
7.184872e-10 -2.097076e-04 
7.189231e-10 -2.177217e-04 
7.193589e-10 -2.257371e-04 
7.197947e-10 -2.337381e-04 
7.202306e-10 -2.417091e-04 
7.206664e-10 -2.496341e-04 
7.211023e-10 -2.574976e-04 
7.215381e-10 -2.652837e-04 
7.219740e-10 -2.729772e-04 
7.224098e-10 -2.805625e-04 
7.228456e-10 -2.880246e-04 
7.232815e-10 -2.953488e-04 
7.237173e-10 -3.025204e-04 
7.241532e-10 -3.095255e-04 
7.245890e-10 -3.163501e-04 
7.250249e-10 -3.229811e-04 
7.254607e-10 -3.294056e-04 
7.258965e-10 -3.356112e-04 
7.263324e-10 -3.415861e-04 
7.267682e-10 -3.473192e-04 
7.272041e-10 -3.527996e-04 
7.276399e-10 -3.580175e-04 
7.280758e-10 -3.629632e-04 
7.285116e-10 -3.676280e-04 
7.289474e-10 -3.720038e-04 
7.293833e-10 -3.760830e-04 
7.298191e-10 -3.798588e-04 
7.302550e-10 -3.833251e-04 
7.306908e-10 -3.864763e-04 
7.311267e-10 -3.893077e-04 
7.315625e-10 -3.918152e-04 
7.319983e-10 -3.939951e-04 
7.324342e-10 -3.958449e-04 
7.328700e-10 -3.973621e-04 
7.333059e-10 -3.985455e-04 
7.337417e-10 -3.993939e-04 
7.341776e-10 -3.999073e-04 
7.346134e-10 -4.000857e-04 
7.350492e-10 -3.999302e-04 
7.354851e-10 -3.994422e-04 
7.359209e-10 -3.986237e-04 
7.363568e-10 -3.974771e-04 
7.367926e-10 -3.960054e-04 
7.372285e-10 -3.942123e-04 
7.376643e-10 -3.921015e-04 
7.381001e-10 -3.896775e-04 
7.385360e-10 -3.869452e-04 
7.389718e-10 -3.839097e-04 
7.394077e-10 -3.805767e-04 
7.398435e-10 -3.769522e-04 
7.402794e-10 -3.730425e-04 
7.407152e-10 -3.688543e-04 
7.411510e-10 -3.643947e-04 
7.415869e-10 -3.596709e-04 
7.420227e-10 -3.546906e-04 
7.424586e-10 -3.494617e-04 
7.428944e-10 -3.439924e-04 
7.433303e-10 -3.382913e-04 
7.437661e-10 -3.323671e-04 
7.442019e-10 -3.262287e-04 
7.446378e-10 -3.198854e-04 
7.450736e-10 -3.133468e-04 
7.455095e-10 -3.066225e-04 
7.459453e-10 -2.997226e-04 
7.463812e-10 -2.926572e-04 
7.468170e-10 -2.854368e-04 
7.472528e-10 -2.780720e-04 
7.476887e-10 -2.705737e-04 
7.481245e-10 -2.629530e-04 
7.485604e-10 -2.552210e-04 
7.489962e-10 -2.473893e-04 
7.494321e-10 -2.394694e-04 
7.498679e-10 -2.314731e-04 
7.503038e-10 -2.234124e-04 
7.507396e-10 -2.152992e-04 
7.511754e-10 -2.071459e-04 
7.516113e-10 -1.989645e-04 
7.520471e-10 -1.907676e-04 
7.524830e-10 -1.825675e-04 
7.529188e-10 -1.743766e-04 
7.533547e-10 -1.662074e-04 
7.537905e-10 -1.580722e-04 
7.542263e-10 -1.499835e-04 
7.546622e-10 -1.419535e-04 
7.550980e-10 -1.339943e-04 
7.555339e-10 -1.261180e-04 
7.559697e-10 -1.183364e-04 
7.564056e-10 -1.106610e-04 
7.568414e-10 -1.031031e-04 
7.572772e-10 -9.567378e-05 
7.577131e-10 -8.838373e-05 
7.581489e-10 -8.124324e-05 
7.585848e-10 -7.426220e-05 
7.590206e-10 -6.745008e-05 
7.594565e-10 -6.081584e-05 
7.598923e-10 -5.436795e-05 
7.603281e-10 -4.811431e-05 
7.607640e-10 -4.206227e-05 
7.611998e-10 -3.621856e-05 
7.616357e-10 -3.058927e-05 
7.620715e-10 -2.517988e-05 
7.625074e-10 -1.999515e-05 
7.629432e-10 -1.503918e-05 
7.633790e-10 -1.031536e-05 
7.638149e-10 -5.826353e-06 
7.642507e-10 -1.574121e-06 
7.646866e-10 2.440116e-06 
7.651224e-10 6.215863e-06 
7.655583e-10 9.753349e-06 
7.659941e-10 1.305352e-05 
7.664299e-10 1.611805e-05 
7.668658e-10 1.894928e-05 
7.673016e-10 2.155026e-05 
7.677375e-10 2.392469e-05 
7.681733e-10 2.607693e-05 
7.686092e-10 2.801194e-05 
7.690450e-10 2.973528e-05 
7.694808e-10 3.125306e-05 
7.699167e-10 3.257194e-05 
7.703525e-10 3.369907e-05 
7.707884e-10 3.464206e-05 
7.712242e-10 3.540893e-05 
7.716601e-10 3.600811e-05 
7.720959e-10 3.644837e-05 
7.725317e-10 3.673878e-05 
7.729676e-10 3.688868e-05 
7.734034e-10 3.690764e-05 
7.738393e-10 3.680541e-05 
7.742751e-10 3.659187e-05 
7.747110e-10 3.627701e-05 
7.751468e-10 3.587090e-05 
7.755826e-10 3.538360e-05 
7.760185e-10 3.482516e-05 
7.764543e-10 3.420558e-05 
7.768902e-10 3.353475e-05 
7.773260e-10 3.282245e-05 
7.777619e-10 3.207827e-05 
7.781977e-10 3.131162e-05 
7.786335e-10 3.053166e-05 
7.790694e-10 2.974731e-05 
7.795052e-10 2.896719e-05 
7.799411e-10 2.819959e-05 
7.803769e-10 2.745249e-05 
7.808128e-10 2.673348e-05 
7.812486e-10 2.604978e-05 
7.816844e-10 2.540820e-05 
7.821203e-10 2.481512e-05 
7.825561e-10 2.427652e-05 
7.829920e-10 2.379788e-05 
7.834278e-10 2.338427e-05 
7.838637e-10 2.304026e-05 
7.842995e-10 2.276995e-05 
7.847353e-10 2.257697e-05 
7.851712e-10 2.246445e-05 
7.856070e-10 2.243504e-05 
7.860429e-10 2.249092e-05 
7.864787e-10 2.263376e-05 
7.869146e-10 2.286477e-05 
7.873504e-10 2.318467e-05 
7.877862e-10 2.359372e-05 
7.882221e-10 2.409173e-05 
7.886579e-10 2.467805e-05 
7.890938e-10 2.535158e-05 
7.895296e-10 2.611082e-05 
7.899655e-10 2.695385e-05 
7.904013e-10 2.787836e-05 
7.908372e-10 2.888163e-05 
7.912730e-10 2.996063e-05 
7.917088e-10 3.111194e-05 
7.921447e-10 3.233184e-05 
7.925805e-10 3.361632e-05 
7.930164e-10 3.496105e-05 
7.934522e-10 3.636146e-05 
7.938881e-10 3.781275e-05 
7.943239e-10 3.930989e-05 
7.947597e-10 4.084765e-05 
7.951956e-10 4.242065e-05 
7.956314e-10 4.402332e-05 
7.960673e-10 4.565002e-05 
7.965031e-10 4.729495e-05 
7.969390e-10 4.895227e-05 
7.973748e-10 5.061606e-05 
7.978106e-10 5.228037e-05 
7.982465e-10 5.393923e-05 
7.986823e-10 5.558667e-05 
7.991182e-10 5.721676e-05 
7.995540e-10 5.882359e-05 
7.999899e-10 6.040134e-05 
8.004257e-10 6.194426e-05 
8.008615e-10 6.344667e-05 
8.012974e-10 6.490305e-05 
8.017332e-10 6.630798e-05 
8.021691e-10 6.765618e-05 
8.026049e-10 6.894253e-05 
8.030408e-10 7.016210e-05 
8.034766e-10 7.131011e-05 
8.039124e-10 7.238198e-05 
8.043483e-10 7.337334e-05 
8.047841e-10 7.428003e-05 
8.052200e-10 7.509810e-05 
8.056558e-10 7.582382e-05 
8.060917e-10 7.645372e-05 
8.065275e-10 7.698454e-05 
8.069633e-10 7.741329e-05 
8.073992e-10 7.773722e-05 
8.078350e-10 7.795384e-05 
8.082709e-10 7.806092e-05 
8.087067e-10 7.805651e-05 
8.091426e-10 7.793891e-05 
8.095784e-10 7.770672e-05 
8.100142e-10 7.735880e-05 
8.104501e-10 7.689432e-05 
8.108859e-10 7.631270e-05 
8.113218e-10 7.561370e-05 
8.117576e-10 7.479732e-05 
8.121935e-10 7.386391e-05 
8.126293e-10 7.281410e-05 
8.130651e-10 7.164882e-05 
8.135010e-10 7.036933e-05 
8.139368e-10 6.897716e-05 
8.143727e-10 6.747421e-05 
8.148085e-10 6.586264e-05 
8.152444e-10 6.414497e-05 
8.156802e-10 6.232399e-05 
8.161160e-10 6.040285e-05 
8.165519e-10 5.838498e-05 
8.169877e-10 5.627414e-05 
8.174236e-10 5.407438e-05 
8.178594e-10 5.179008e-05 
8.182953e-10 4.942590e-05 
8.187311e-10 4.698677e-05 
8.191669e-10 4.447795e-05 
8.196028e-10 4.190492e-05 
8.200386e-10 3.927344e-05 
8.204745e-10 3.658954e-05 
8.209103e-10 3.385944e-05 
8.213462e-10 3.108961e-05 
8.217820e-10 2.828668e-05 
8.222178e-10 2.545750e-05 
8.226537e-10 2.260904e-05 
8.230895e-10 1.974844e-05 
8.235254e-10 1.688291e-05 
8.239612e-10 1.401979e-05 
8.243971e-10 1.116644e-05 
8.248329e-10 8.330291e-06 
8.252687e-10 5.518754e-06 
8.257046e-10 2.739228e-06 
8.261404e-10 -9.381619e-10 
8.265763e-10 -2.694475e-06 
8.270121e-10 -5.334223e-06 
8.274480e-10 -7.913158e-06 
8.278838e-10 -1.042442e-05 
8.283197e-10 -1.286135e-05 
8.287555e-10 -1.521749e-05 
8.291913e-10 -1.748666e-05 
8.296272e-10 -1.966292e-05 
8.300630e-10 -2.174064e-05 
8.304989e-10 -2.371452e-05 
8.309347e-10 -2.557958e-05 
8.313706e-10 -2.733120e-05 
8.318064e-10 -2.896514e-05 
8.322422e-10 -3.047756e-05 
8.326781e-10 -3.186500e-05 
8.331139e-10 -3.312444e-05 
8.335498e-10 -3.425325e-05 
8.339856e-10 -3.524927e-05 
8.344215e-10 -3.611073e-05 
8.348573e-10 -3.683633e-05 
8.352931e-10 -3.742518e-05 
8.357290e-10 -3.787683e-05 
8.361648e-10 -3.819127e-05 
8.366007e-10 -3.836889e-05 
8.370365e-10 -3.841050e-05 
8.374724e-10 -3.831733e-05 
8.379082e-10 -3.809096e-05 
8.383440e-10 -3.773338e-05 
8.387799e-10 -3.724694e-05 
8.392157e-10 -3.663432e-05 
8.396516e-10 -3.589855e-05 
8.400874e-10 -3.504295e-05 
8.405233e-10 -3.407115e-05 
8.409591e-10 -3.298705e-05 
8.413949e-10 -3.179481e-05 
8.418308e-10 -3.049882e-05 
8.422666e-10 -2.910369e-05 
8.427025e-10 -2.761424e-05 
8.431383e-10 -2.603545e-05 
8.435742e-10 -2.437248e-05 
8.440100e-10 -2.263063e-05 
8.444458e-10 -2.081531e-05 
8.448817e-10 -1.893208e-05 
8.453175e-10 -1.698655e-05 
8.457534e-10 -1.498444e-05 
8.461892e-10 -1.293154e-05 
8.466251e-10 -1.083367e-05 
8.470609e-10 -8.696713e-06 
8.474967e-10 -6.526570e-06 
8.479326e-10 -4.329167e-06 
8.483684e-10 -2.110440e-06 
8.488043e-10 1.236775e-07 
8.492401e-10 2.367257e-06 
8.496760e-10 4.614386e-06 
8.501118e-10 6.859179e-06 
8.505476e-10 9.095779e-06 
8.509835e-10 1.131837e-05 
8.514193e-10 1.352117e-05 
8.518552e-10 1.569847e-05 
8.522910e-10 1.784461e-05 
8.527269e-10 1.995400e-05 
8.531627e-10 2.202111e-05 
8.535985e-10 2.404052e-05 
8.540344e-10 2.600689e-05 
8.544702e-10 2.791498e-05 
8.549061e-10 2.975966e-05 
8.553419e-10 3.153594e-05 
8.557778e-10 3.323895e-05 
8.562136e-10 3.486396e-05 
8.566494e-10 3.640643e-05 
8.570853e-10 3.786196e-05 
8.575211e-10 3.922637e-05 
8.579570e-10 4.049565e-05 
8.583928e-10 4.166603e-05 
8.588287e-10 4.273399e-05 
8.592645e-10 4.369622e-05 
8.597003e-10 4.454970e-05 
8.601362e-10 4.529171e-05 
8.605720e-10 4.591980e-05 
8.610079e-10 4.643184e-05 
8.614437e-10 4.682604e-05 
8.618796e-10 4.710096e-05 
8.623154e-10 4.725550e-05 
8.627512e-10 4.728894e-05 
8.631871e-10 4.720094e-05 
8.636229e-10 4.699154e-05 
8.640588e-10 4.666121e-05 
8.644946e-10 4.621078e-05 
8.649305e-10 4.564151e-05 
8.653663e-10 4.495509e-05 
8.658021e-10 4.415358e-05 
8.662380e-10 4.323947e-05 
8.666738e-10 4.221565e-05 
8.671097e-10 4.108539e-05 
8.675455e-10 3.985235e-05 
8.679814e-10 3.852057e-05 
8.684172e-10 3.709443e-05 
8.688531e-10 3.557865e-05 
8.692889e-10 3.397826e-05 
8.697247e-10 3.229858e-05 
8.701606e-10 3.054523e-05 
8.705964e-10 2.872402e-05 
8.710323e-10 2.684100e-05 
8.714681e-10 2.490241e-05 
8.719040e-10 2.291463e-05 
8.723398e-10 2.088415e-05 
8.727756e-10 1.881754e-05 
8.732115e-10 1.672145e-05 
8.736473e-10 1.460250e-05 
8.740832e-10 1.246734e-05 
8.745190e-10 1.032252e-05 
8.749549e-10 8.174538e-06 
8.753907e-10 6.029747e-06 
8.758265e-10 3.894361e-06 
8.762624e-10 1.774411e-06 
8.766982e-10 -3.242858e-07 
8.771341e-10 -2.396146e-06 
8.775699e-10 -4.435850e-06 
8.780058e-10 -6.438358e-06 
8.784416e-10 -8.398936e-06 
8.788774e-10 -1.031317e-05 
8.793133e-10 -1.217697e-05 
8.797491e-10 -1.398661e-05 
8.801850e-10 -1.573869e-05 
8.806208e-10 -1.743020e-05 
8.810567e-10 -1.905846e-05 
8.814925e-10 -2.062116e-05 
8.819283e-10 -2.211636e-05 
8.823642e-10 -2.354244e-05 
8.828000e-10 -2.489816e-05 
8.832359e-10 -2.618258e-05 
8.836717e-10 -2.739508e-05 
8.841076e-10 -2.853534e-05 
8.845434e-10 -2.960335e-05 
8.849792e-10 -3.059932e-05 
8.854151e-10 -3.152373e-05 
8.858509e-10 -3.237728e-05 
8.862868e-10 -3.316087e-05 
8.867226e-10 -3.387557e-05 
8.871585e-10 -3.452260e-05 
8.875943e-10 -3.510332e-05 
8.880301e-10 -3.561920e-05 
8.884660e-10 -3.607177e-05 
8.889018e-10 -3.646266e-05 
8.893377e-10 -3.679352e-05 
8.897735e-10 -3.706602e-05 
8.902094e-10 -3.728184e-05 
8.906452e-10 -3.744265e-05 
8.910810e-10 -3.755009e-05 
8.915169e-10 -3.760577e-05 
8.919527e-10 -3.761124e-05 
8.923886e-10 -3.756798e-05 
8.928244e-10 -3.747744e-05 
8.932603e-10 -3.734095e-05 
8.936961e-10 -3.715979e-05 
8.941319e-10 -3.693518e-05 
8.945678e-10 -3.666823e-05 
8.950036e-10 -3.635999e-05 
8.954395e-10 -3.601147e-05 
8.958753e-10 -3.562357e-05 
8.963112e-10 -3.519716e-05 
8.967470e-10 -3.473307e-05 
8.971828e-10 -3.423207e-05 
8.976187e-10 -3.369493e-05 
8.980545e-10 -3.312237e-05 
8.984904e-10 -3.251513e-05 
8.989262e-10 -3.187395e-05 
8.993621e-10 -3.119958e-05 
8.997979e-10 -3.049279e-05 
9.002337e-10 -2.975442e-05 
9.006696e-10 -2.898532e-05 
9.011054e-10 -2.818641e-05 
9.015413e-10 -2.735869e-05 
9.019771e-10 -2.650322e-05 
9.024130e-10 -2.562113e-05 
9.028488e-10 -2.471363e-05 
9.032846e-10 -2.378202e-05 
9.037205e-10 -2.282769e-05 
9.041563e-10 -2.185211e-05 
9.045922e-10 -2.085681e-05 
9.050280e-10 -1.984342e-05 
9.054639e-10 -1.881364e-05 
9.058997e-10 -1.776922e-05 
9.063356e-10 -1.671198e-05 
9.067714e-10 -1.564378e-05 
9.072072e-10 -1.456650e-05 
9.076431e-10 -1.348208e-05 
9.080789e-10 -1.239242e-05 
9.085148e-10 -1.129946e-05 
9.089506e-10 -1.020510e-05 
9.093865e-10 -9.111200e-06 
9.098223e-10 -8.019596e-06 
9.102581e-10 -6.932047e-06 
9.106940e-10 -5.850239e-06 
9.111298e-10 -4.775771e-06 
9.115657e-10 -3.710142e-06 
9.120015e-10 -2.654736e-06 
9.124374e-10 -1.610816e-06 
9.128732e-10 -5.795110e-07 
9.133090e-10 4.381873e-07 
9.137449e-10 1.441433e-06 
9.141807e-10 2.429530e-06 
9.146166e-10 3.401933e-06 
9.150524e-10 4.358248e-06 
9.154883e-10 5.298231e-06 
9.159241e-10 6.221784e-06 
9.163599e-10 7.128950e-06 
9.167958e-10 8.019905e-06 
9.172316e-10 8.894948e-06 
9.176675e-10 9.754492e-06 
9.181033e-10 1.059905e-05 
9.185392e-10 1.142921e-05 
9.189750e-10 1.224565e-05 
9.194108e-10 1.304909e-05 
9.198467e-10 1.384029e-05 
9.202825e-10 1.462003e-05 
9.207184e-10 1.538908e-05 
9.211542e-10 1.614820e-05 
9.215901e-10 1.689812e-05 
9.220259e-10 1.763950e-05 
9.224617e-10 1.837295e-05 
9.228976e-10 1.909898e-05 
9.233334e-10 1.981799e-05 
9.237693e-10 2.053026e-05 
9.242051e-10 2.123597e-05 
9.246410e-10 2.193513e-05 
9.250768e-10 2.262761e-05 
9.255126e-10 2.331313e-05 
9.259485e-10 2.399123e-05 
9.263843e-10 2.466130e-05 
9.268202e-10 2.532258e-05 
9.272560e-10 2.597413e-05 
9.276919e-10 2.661485e-05 
9.281277e-10 2.724350e-05 
9.285635e-10 2.785870e-05 
9.289994e-10 2.845894e-05 
9.294352e-10 2.904258e-05 
9.298711e-10 2.960789e-05 
9.303069e-10 3.015306e-05 
9.307428e-10 3.067620e-05 
9.311786e-10 3.117536e-05 
9.316144e-10 3.164860e-05 
9.320503e-10 3.209394e-05 
9.324861e-10 3.250942e-05 
9.329220e-10 3.289313e-05 
9.333578e-10 3.324320e-05 
9.337937e-10 3.355784e-05 
9.342295e-10 3.383538e-05 
9.346653e-10 3.407425e-05 
9.351012e-10 3.427303e-05 
9.355370e-10 3.443043e-05 
9.359729e-10 3.454537e-05 
9.364087e-10 3.461693e-05 
9.368446e-10 3.464439e-05 
9.372804e-10 3.462726e-05 
9.377162e-10 3.456523e-05 
9.381521e-10 3.445824e-05 
9.385879e-10 3.430645e-05 
9.390238e-10 3.411025e-05 
9.394596e-10 3.387024e-05 
9.398955e-10 3.358728e-05 
9.403313e-10 3.326241e-05 
9.407671e-10 3.289690e-05 
9.412030e-10 3.249221e-05 
9.416388e-10 3.205000e-05 
9.420747e-10 3.157209e-05 
9.425105e-10 3.106049e-05 
9.429464e-10 3.051732e-05 
9.433822e-10 2.994486e-05 
9.438180e-10 2.934546e-05 
9.442539e-10 2.872160e-05 
9.446897e-10 2.807581e-05 
9.451256e-10 2.741067e-05 
9.455614e-10 2.672879e-05 
9.459973e-10 2.603281e-05 
9.464331e-10 2.532534e-05 
9.468690e-10 2.460898e-05 
9.473048e-10 2.388627e-05 
9.477406e-10 2.315971e-05 
9.481765e-10 2.243171e-05 
9.486123e-10 2.170460e-05 
9.490482e-10 2.098060e-05 
9.494840e-10 2.026183e-05 
9.499199e-10 1.955027e-05 
9.503557e-10 1.884779e-05 
9.507915e-10 1.815610e-05 
9.512274e-10 1.747679e-05 
9.516632e-10 1.681131e-05 
9.520991e-10 1.616095e-05 
9.525349e-10 1.552686e-05 
9.529708e-10 1.491007e-05 
9.534066e-10 1.431145e-05 
9.538424e-10 1.373174e-05 
9.542783e-10 1.317157e-05 
9.547141e-10 1.263144e-05 
9.551500e-10 1.211175e-05 
9.555858e-10 1.161278e-05 
9.560217e-10 1.113473e-05 
9.564575e-10 1.067774e-05 
9.568933e-10 1.024184e-05 
9.573292e-10 9.827019e-06 
9.577650e-10 9.433227e-06 
9.582009e-10 9.060361e-06 
9.586367e-10 8.708290e-06 
9.590726e-10 8.376868e-06 
9.595084e-10 8.065934e-06 
9.599442e-10 7.775331e-06 
9.603801e-10 7.504901e-06 
9.608159e-10 7.254505e-06 
9.612518e-10 7.024018e-06 
9.616876e-10 6.813340e-06 
9.621235e-10 6.622402e-06 
9.625593e-10 6.451160e-06 
9.629951e-10 6.299607e-06 
9.634310e-10 6.167769e-06 
9.638668e-10 6.055704e-06 
9.643027e-10 5.963504e-06 
9.647385e-10 5.891292e-06 
9.651744e-10 5.839218e-06 
9.656102e-10 5.807457e-06 
9.660460e-10 5.796204e-06 
9.664819e-10 5.805669e-06 
9.669177e-10 5.836073e-06 
9.673536e-10 5.887636e-06 
9.677894e-10 5.960580e-06 
9.682253e-10 6.055115e-06 
9.686611e-10 6.171433e-06 
9.690969e-10 6.309705e-06 
9.695328e-10 6.470068e-06 
9.699686e-10 6.652623e-06 
9.704045e-10 6.857424e-06 
9.708403e-10 7.084475e-06 
9.712762e-10 7.333722e-06 
9.717120e-10 7.605045e-06 
9.721478e-10 7.898256e-06 
9.725837e-10 8.213090e-06 
9.730195e-10 8.549207e-06 
9.734554e-10 8.906179e-06 
9.738912e-10 9.283495e-06 
9.743271e-10 9.680554e-06 
9.747629e-10 1.009666e-05 
9.751987e-10 1.053104e-05 
9.756346e-10 1.098281e-05 
9.760704e-10 1.145100e-05 
9.765063e-10 1.193455e-05 
9.769421e-10 1.243233e-05 
9.773780e-10 1.294309e-05 
9.778138e-10 1.346551e-05 
9.782496e-10 1.399821e-05 
9.786855e-10 1.453972e-05 
9.791213e-10 1.508849e-05 
9.795572e-10 1.564293e-05 
9.799930e-10 1.620138e-05 
9.804289e-10 1.676214e-05 
9.808647e-10 1.732345e-05 
9.813005e-10 1.788355e-05 
9.817364e-10 1.844063e-05 
9.821722e-10 1.899286e-05 
9.826081e-10 1.953842e-05 
9.830439e-10 2.007549e-05 
9.834798e-10 2.060225e-05 
9.839156e-10 2.111691e-05 
9.843514e-10 2.161771e-05 
9.847873e-10 2.210294e-05 
9.852231e-10 2.257092e-05 
9.856590e-10 2.302005e-05 
9.860948e-10 2.344878e-05 
9.865307e-10 2.385564e-05 
9.869665e-10 2.423927e-05 
9.874024e-10 2.459837e-05 
9.878382e-10 2.493176e-05 
9.882740e-10 2.523837e-05 
9.887099e-10 2.551724e-05 
9.891457e-10 2.576752e-05 
9.895816e-10 2.598850e-05 
9.900174e-10 2.617960e-05 
9.904533e-10 2.634036e-05 
9.908891e-10 2.647046e-05 
9.913249e-10 2.656973e-05 
9.917608e-10 2.663810e-05 
9.921966e-10 2.667569e-05 
9.926325e-10 2.668271e-05 
9.930683e-10 2.665952e-05 
9.935042e-10 2.660662e-05 
9.939400e-10 2.652461e-05 
9.943758e-10 2.641424e-05 
9.948117e-10 2.627635e-05 
9.952475e-10 2.611189e-05 
9.956834e-10 2.592192e-05 
9.961192e-10 2.570758e-05 
9.965551e-10 2.547008e-05 
9.969909e-10 2.521073e-05 
9.974267e-10 2.493088e-05 
9.978626e-10 2.463191e-05 
9.982984e-10 2.431527e-05 
9.987343e-10 2.398240e-05 
9.991701e-10 2.363478e-05 
9.996060e-10 2.327387e-05 
