0 0 
4.358430e-13 0 
8.716860e-13 0 
1.307529e-12 0 
1.743372e-12 0 
2.179215e-12 0 
2.615058e-12 0 
3.050901e-12 0 
3.486744e-12 0 
3.922587e-12 0 
4.358430e-12 0 
4.794273e-12 0 
5.230116e-12 0 
5.665959e-12 0 
6.101802e-12 0 
6.537645e-12 0 
6.973488e-12 0 
7.409331e-12 0 
7.845174e-12 0 
8.281017e-12 0 
8.716860e-12 0 
9.152703e-12 0 
9.588546e-12 0 
1.002439e-11 0 
1.046023e-11 0 
1.089608e-11 0 
1.133192e-11 0 
1.176776e-11 0 
1.220360e-11 0 
1.263945e-11 0 
1.307529e-11 0 
1.351113e-11 0 
1.394698e-11 0 
1.438282e-11 0 
1.481866e-11 0 
1.525451e-11 0 
1.569035e-11 0 
1.612619e-11 0 
1.656203e-11 0 
1.699788e-11 0 
1.743372e-11 0 
1.786956e-11 0 
1.830541e-11 0 
1.874125e-11 0 
1.917709e-11 0 
1.961294e-11 0 
2.004878e-11 0 
2.048462e-11 0 
2.092046e-11 0 
2.135631e-11 0 
2.179215e-11 0 
2.222799e-11 0 
2.266384e-11 0 
2.309968e-11 0 
2.353552e-11 0 
2.397137e-11 0 
2.440721e-11 0 
2.484305e-11 0 
2.527889e-11 0 
2.571474e-11 0 
2.615058e-11 0 
2.658642e-11 0 
2.702227e-11 0 
2.745811e-11 0 
2.789395e-11 0 
2.832980e-11 0 
2.876564e-11 0 
2.920148e-11 0 
2.963733e-11 0 
3.007317e-11 0 
3.050901e-11 0 
3.094485e-11 0 
3.138070e-11 0 
3.181654e-11 0 
3.225238e-11 0 
3.268823e-11 0 
3.312407e-11 0 
3.355991e-11 0 
3.399576e-11 0 
3.443160e-11 0 
3.486744e-11 0 
3.530328e-11 0 
3.573913e-11 0 
3.617497e-11 0 
3.661081e-11 0 
3.704666e-11 0 
3.748250e-11 0 
3.791834e-11 0 
3.835419e-11 0 
3.879003e-11 0 
3.922587e-11 0 
3.966171e-11 0 
4.009756e-11 0 
4.053340e-11 0 
4.096924e-11 0 
4.140509e-11 0 
4.184093e-11 0 
4.227677e-11 0 
4.271262e-11 0 
4.314846e-11 0 
4.358430e-11 0 
4.402014e-11 0 
4.445599e-11 0 
4.489183e-11 0 
4.532767e-11 0 
4.576352e-11 3.393014e-170 
4.619936e-11 6.962526e-168 
4.663520e-11 9.199248e-91 
4.707105e-11 1.215845e-88 
4.750689e-11 8.358711e-87 
4.794273e-11 -6.948466e-75 
4.837857e-11 3.136371e-70 
4.881442e-11 4.741550e-69 
4.925026e-11 4.473155e-67 
4.968610e-11 6.655697e-66 
5.012195e-11 3.043835e-64 
5.055779e-11 4.415875e-63 
5.099363e-11 1.206865e-61 
5.142948e-11 1.613811e-60 
5.186532e-11 3.051053e-59 
5.230116e-11 3.659863e-58 
5.273700e-11 5.261377e-57 
5.317285e-11 5.629959e-56 
5.360869e-11 6.548569e-55 
5.404453e-11 6.266822e-54 
5.448038e-11 6.151791e-53 
5.491622e-11 5.291571e-52 
5.535206e-11 4.515680e-51 
5.578791e-11 3.511636e-50 
5.622375e-11 2.661262e-49 
5.665959e-11 1.882408e-48 
5.709543e-11 1.286731e-47 
5.753128e-11 8.329111e-47 
5.796712e-11 5.194986e-46 
5.840296e-11 3.095570e-45 
5.883881e-11 1.777255e-44 
5.927465e-11 9.802805e-44 
5.971049e-11 5.216336e-43 
6.014634e-11 2.676712e-42 
6.058218e-11 1.327488e-41 
6.101802e-11 6.366025e-41 
6.145387e-11 2.956047e-40 
6.188971e-11 1.330138e-39 
6.232555e-11 5.805707e-39 
6.276139e-11 2.459985e-38 
6.319724e-11 1.012696e-37 
6.363308e-11 4.053351e-37 
6.406892e-11 1.578486e-36 
6.450477e-11 5.984725e-36 
6.494061e-11 2.210515e-35 
6.537645e-11 7.958719e-35 
6.581230e-11 2.794691e-34 
6.624814e-11 9.576199e-34 
6.668398e-11 3.203595e-33 
6.711982e-11 1.046820e-32 
6.755567e-11 3.342656e-32 
6.799151e-11 1.043474e-31 
6.842735e-11 3.185803e-31 
6.886320e-11 9.516368e-31 
6.929904e-11 2.782270e-30 
6.973488e-11 7.964459e-30 
7.017073e-11 2.232999e-29 
7.060657e-11 6.133888e-29 
7.104241e-11 1.651324e-28 
7.147825e-11 4.358190e-28 
7.191410e-11 1.127926e-27 
7.234994e-11 2.863344e-27 
7.278578e-11 7.131788e-27 
7.322163e-11 1.743270e-26 
7.365747e-11 4.182897e-26 
7.409331e-11 9.854566e-26 
7.452916e-11 2.280045e-25 
7.496500e-11 5.181911e-25 
7.540084e-11 1.157094e-24 
7.583668e-11 2.539037e-24 
7.627253e-11 5.476177e-24 
7.670837e-11 1.161125e-23 
7.714421e-11 2.420786e-23 
7.758006e-11 4.963533e-23 
7.801590e-11 1.001066e-22 
7.845174e-11 1.986327e-22 
7.888759e-11 3.878228e-22 
7.932343e-11 7.452275e-22 
7.975927e-11 1.409598e-21 
8.019511e-11 2.625011e-21 
8.063096e-11 4.813660e-21 
8.106680e-11 8.693780e-21 
8.150264e-11 1.546724e-20 
8.193849e-11 2.711262e-20 
8.237433e-11 4.683507e-20 
8.281017e-11 7.974460e-20 
8.324602e-11 1.338611e-19 
8.368186e-11 2.215784e-19 
8.411770e-11 3.617608e-19 
8.455354e-11 5.826972e-19 
8.498939e-11 9.261978e-19 
8.542523e-11 1.453189e-18 
8.586107e-11 2.251245e-18 
8.629692e-11 3.444594e-18 
8.673276e-11 5.207242e-18 
8.716860e-11 7.780005e-18 
8.760445e-11 1.149240e-17 
8.804029e-11 1.679056e-17 
8.847613e-11 2.427264e-17 
8.891198e-11 3.473347e-17 
8.934782e-11 4.922083e-17 
8.978366e-11 6.910620e-17 
9.021950e-11 9.617382e-17 
9.065535e-11 1.327329e-16 
9.109119e-11 1.817591e-16 
9.152703e-11 2.470737e-16 
9.196288e-11 3.335699e-16 
9.239872e-11 4.474999e-16 
9.283456e-11 5.968385e-16 
9.327041e-11 7.917440e-16 
9.370625e-11 1.045141e-15 
9.414209e-11 1.373455e-15 
9.457793e-11 1.797546e-15 
9.501378e-11 2.343872e-15 
9.544962e-11 3.045962e-15 
9.588546e-11 3.946255e-15 
9.632131e-11 5.098404e-15 
9.675715e-11 6.570154e-15 
9.719299e-11 8.446923e-15 
9.762884e-11 1.083627e-14 
9.806468e-11 1.387344e-14 
9.850052e-11 1.772822e-14 
9.893636e-11 2.261351e-14 
9.937221e-11 2.879580e-14 
9.980805e-11 3.660824e-14 
1.002439e-10 4.646664e-14 
1.006797e-10 5.888930e-14 
1.011156e-10 7.452127e-14 
1.015514e-10 9.416419e-14 
1.019873e-10 1.188129e-13 
1.024231e-10 1.497001e-13 
1.028590e-10 1.883511e-13 
1.032948e-10 2.366505e-13 
1.037306e-10 2.969233e-13 
1.041665e-10 3.720340e-13 
1.046023e-10 4.655057e-13 
1.050382e-10 5.816663e-13 
1.054740e-10 7.258234e-13 
1.059099e-10 9.044772e-13 
1.063457e-10 1.125576e-12 
1.067815e-10 1.398826e-12 
1.072174e-10 1.736058e-12 
1.076532e-10 2.151677e-12 
1.080891e-10 2.663193e-12 
1.085249e-10 3.291858e-12 
1.089608e-10 4.063425e-12 
1.093966e-10 5.009061e-12 
1.098324e-10 6.166424e-12 
1.102683e-10 7.580943e-12 
1.107041e-10 9.307349e-12 
1.111400e-10 1.141147e-11 
1.115758e-10 1.397236e-11 
1.120117e-10 1.708483e-11 
1.124475e-10 2.086240e-11 
1.128833e-10 2.544077e-11 
1.133192e-10 3.098195e-11 
1.137550e-10 3.767902e-11 
1.141909e-10 4.576176e-11 
1.146267e-10 5.550320e-11 
1.150626e-10 6.722728e-11 
1.154984e-10 8.131770e-11 
1.159342e-10 9.822829e-11 
1.163701e-10 1.184950e-10 
1.168059e-10 1.427496e-10 
1.172418e-10 1.717362e-10 
1.176776e-10 2.063289e-10 
1.181135e-10 2.475539e-10 
1.185493e-10 2.966134e-10 
1.189851e-10 3.549137e-10 
1.194210e-10 4.240976e-10 
1.198568e-10 5.060806e-10 
1.202927e-10 6.030928e-10 
1.207285e-10 7.177265e-10 
1.211644e-10 8.529903e-10 
1.216002e-10 1.012370e-09 
1.220360e-10 1.199897e-09 
1.224719e-10 1.420229e-09 
1.229077e-10 1.678734e-09 
1.233436e-10 1.981592e-09 
1.237794e-10 2.335905e-09 
1.242153e-10 2.749822e-09 
1.246511e-10 3.232672e-09 
1.250869e-10 3.795128e-09 
1.255228e-10 4.449366e-09 
1.259586e-10 5.209266e-09 
1.263945e-10 6.090614e-09 
1.268303e-10 7.111338e-09 
1.272662e-10 8.291759e-09 
1.277020e-10 9.654873e-09 
1.281378e-10 1.122666e-08 
1.285737e-10 1.303640e-08 
1.290095e-10 1.511706e-08 
1.294454e-10 1.750567e-08 
1.298812e-10 2.024378e-08 
1.303171e-10 2.337785e-08 
1.307529e-10 2.695981e-08 
1.311887e-10 3.104757e-08 
1.316246e-10 3.570555e-08 
1.320604e-10 4.100533e-08 
1.324963e-10 4.702623e-08 
1.329321e-10 5.385601e-08 
1.333680e-10 6.159152e-08 
1.338038e-10 7.033947e-08 
1.342396e-10 8.021718e-08 
1.346755e-10 9.135329e-08 
1.351113e-10 1.038886e-07 
1.355472e-10 1.179769e-07 
1.359830e-10 1.337856e-07 
1.364189e-10 1.514968e-07 
1.368547e-10 1.713076e-07 
1.372905e-10 1.934316e-07 
1.377264e-10 2.180987e-07 
1.381622e-10 2.455565e-07 
1.385981e-10 2.760703e-07 
1.390339e-10 3.099240e-07 
1.394698e-10 3.474201e-07 
1.399056e-10 3.888802e-07 
1.403415e-10 4.346449e-07 
1.407773e-10 4.850735e-07 
1.412131e-10 5.405441e-07 
1.416490e-10 6.014523e-07 
1.420848e-10 6.682107e-07 
1.425207e-10 7.412476e-07 
1.429565e-10 8.210053e-07 
1.433924e-10 9.079380e-07 
1.438282e-10 1.002509e-06 
1.442640e-10 1.105189e-06 
1.446999e-10 1.216450e-06 
1.451357e-10 1.336765e-06 
1.455716e-10 1.466598e-06 
1.460074e-10 1.606404e-06 
1.464433e-10 1.756619e-06 
1.468791e-10 1.917654e-06 
1.473149e-10 2.089888e-06 
1.477508e-10 2.273660e-06 
1.481866e-10 2.469256e-06 
1.486225e-10 2.676903e-06 
1.490583e-10 2.896753e-06 
1.494942e-10 3.128874e-06 
1.499300e-10 3.373237e-06 
1.503658e-10 3.629698e-06 
1.508017e-10 3.897986e-06 
1.512375e-10 4.177685e-06 
1.516734e-10 4.468217e-06 
1.521092e-10 4.768824e-06 
1.525451e-10 5.078551e-06 
1.529809e-10 5.396220e-06 
1.534167e-10 5.720416e-06 
1.538526e-10 6.049464e-06 
1.542884e-10 6.381406e-06 
1.547243e-10 6.713979e-06 
1.551601e-10 7.044596e-06 
1.555960e-10 7.370319e-06 
1.560318e-10 7.687842e-06 
1.564676e-10 7.993467e-06 
1.569035e-10 8.283083e-06 
1.573393e-10 8.552149e-06 
1.577752e-10 8.795671e-06 
1.582110e-10 9.008190e-06 
1.586469e-10 9.183762e-06 
1.590827e-10 9.315951e-06 
1.595185e-10 9.397813e-06 
1.599544e-10 9.421893e-06 
1.603902e-10 9.380218e-06 
1.608261e-10 9.264302e-06 
1.612619e-10 9.065145e-06 
1.616978e-10 8.773244e-06 
1.621336e-10 8.378610e-06 
1.625694e-10 7.870784e-06 
1.630053e-10 7.238862e-06 
1.634411e-10 6.471533e-06 
1.638770e-10 5.557111e-06 
1.643128e-10 4.483586e-06 
1.647487e-10 3.238676e-06 
1.651845e-10 1.809888e-06 
1.656203e-10 1.845895e-07 
1.660562e-10 -1.649914e-06 
1.664920e-10 -3.706292e-06 
1.669279e-10 -5.997093e-06 
1.673637e-10 -8.534637e-06 
1.677996e-10 -1.133091e-05 
1.682354e-10 -1.439742e-05 
1.686712e-10 -1.774509e-05 
1.691071e-10 -2.138411e-05 
1.695429e-10 -2.532377e-05 
1.699788e-10 -2.957233e-05 
1.704146e-10 -3.413684e-05 
1.708505e-10 -3.902295e-05 
1.712863e-10 -4.423477e-05 
1.717221e-10 -4.977464e-05 
1.721580e-10 -5.564301e-05 
1.725938e-10 -6.183814e-05 
1.730297e-10 -6.835600e-05 
1.734655e-10 -7.519002e-05 
1.739014e-10 -8.233092e-05 
1.743372e-10 -8.976648e-05 
1.747730e-10 -9.748136e-05 
1.752089e-10 -1.054569e-04 
1.756447e-10 -1.136710e-04 
1.760806e-10 -1.220977e-04 
1.765164e-10 -1.307075e-04 
1.769523e-10 -1.394666e-04 
1.773881e-10 -1.483371e-04 
1.778240e-10 -1.572769e-04 
1.782598e-10 -1.662395e-04 
1.786956e-10 -1.751738e-04 
1.791315e-10 -1.840241e-04 
1.795673e-10 -1.927302e-04 
1.800032e-10 -2.012271e-04 
1.804390e-10 -2.094451e-04 
1.808749e-10 -2.173101e-04 
1.813107e-10 -2.247432e-04 
1.817465e-10 -2.316610e-04 
1.821824e-10 -2.379758e-04 
1.826182e-10 -2.435955e-04 
1.830541e-10 -2.484243e-04 
1.834899e-10 -2.523622e-04 
1.839258e-10 -2.553060e-04 
1.843616e-10 -2.571489e-04 
1.847974e-10 -2.577816e-04 
1.852333e-10 -2.570920e-04 
1.856691e-10 -2.549660e-04 
1.861050e-10 -2.512879e-04 
1.865408e-10 -2.459408e-04 
1.869767e-10 -2.388072e-04 
1.874125e-10 -2.297697e-04 
1.878483e-10 -2.187114e-04 
1.882842e-10 -2.055166e-04 
1.887200e-10 -1.900717e-04 
1.891559e-10 -1.722654e-04 
1.895917e-10 -1.519900e-04 
1.900276e-10 -1.291419e-04 
1.904634e-10 -1.036223e-04 
1.908992e-10 -7.533806e-05 
1.913351e-10 -4.420262e-05 
1.917709e-10 -1.013670e-05 
1.922068e-10 2.693086e-05 
1.926426e-10 6.706220e-05 
1.930785e-10 1.103097e-04 
1.935143e-10 1.567151e-04 
1.939501e-10 2.063087e-04 
1.943860e-10 2.591085e-04 
1.948218e-10 3.151197e-04 
1.952577e-10 3.743335e-04 
1.956935e-10 4.367268e-04 
1.961294e-10 5.022612e-04 
1.965652e-10 5.708828e-04 
1.970010e-10 6.425210e-04 
1.974369e-10 7.170885e-04 
1.978727e-10 7.944805e-04 
1.983086e-10 8.745744e-04 
1.987444e-10 9.572294e-04 
1.991803e-10 1.042286e-03 
1.996161e-10 1.129567e-03 
2.000519e-10 1.218875e-03 
2.004878e-10 1.309995e-03 
2.009236e-10 1.402692e-03 
2.013595e-10 1.496713e-03 
2.017953e-10 1.591786e-03 
2.022312e-10 1.687622e-03 
2.026670e-10 1.783912e-03 
2.031028e-10 1.880332e-03 
2.035387e-10 1.976539e-03 
2.039745e-10 2.072176e-03 
2.044104e-10 2.166870e-03 
2.048462e-10 2.260234e-03 
2.052821e-10 2.351865e-03 
2.057179e-10 2.441351e-03 
2.061537e-10 2.528267e-03 
2.065896e-10 2.612178e-03 
2.070254e-10 2.692642e-03 
2.074613e-10 2.769209e-03 
2.078971e-10 2.841421e-03 
2.083330e-10 2.908819e-03 
2.087688e-10 2.970941e-03 
2.092046e-10 3.027323e-03 
2.096405e-10 3.077502e-03 
2.100763e-10 3.121020e-03 
2.105122e-10 3.157421e-03 
2.109480e-10 3.186258e-03 
2.113839e-10 3.207092e-03 
2.118197e-10 3.219493e-03 
2.122555e-10 3.223045e-03 
2.126914e-10 3.217347e-03 
2.131272e-10 3.202014e-03 
2.135631e-10 3.176679e-03 
2.139989e-10 3.140997e-03 
2.144348e-10 3.094644e-03 
2.148706e-10 3.037322e-03 
2.153064e-10 2.968759e-03 
2.157423e-10 2.888709e-03 
2.161781e-10 2.796960e-03 
2.166140e-10 2.693328e-03 
2.170498e-10 2.577663e-03 
2.174857e-10 2.449852e-03 
2.179215e-10 2.309816e-03 
2.183574e-10 2.157513e-03 
2.187932e-10 1.992942e-03 
2.192290e-10 1.816139e-03 
2.196649e-10 1.627184e-03 
2.201007e-10 1.426196e-03 
2.205366e-10 1.213337e-03 
2.209724e-10 9.888111e-04 
2.214083e-10 7.528671e-04 
2.218441e-10 5.057958e-04 
2.222799e-10 2.479319e-04 
2.227158e-10 -2.034685e-05 
2.231516e-10 -2.986195e-04 
2.235875e-10 -5.864224e-04 
2.240233e-10 -8.832504e-04 
2.244592e-10 -1.188556e-03 
2.248950e-10 -1.501754e-03 
2.253308e-10 -1.822217e-03 
2.257667e-10 -2.149280e-03 
2.262025e-10 -2.482245e-03 
2.266384e-10 -2.820375e-03 
2.270742e-10 -3.162903e-03 
2.275101e-10 -3.509027e-03 
2.279459e-10 -3.857920e-03 
2.283817e-10 -4.208726e-03 
2.288176e-10 -4.560563e-03 
2.292534e-10 -4.912530e-03 
2.296893e-10 -5.263702e-03 
2.301251e-10 -5.613139e-03 
2.305610e-10 -5.959888e-03 
2.309968e-10 -6.302980e-03 
2.314326e-10 -6.641442e-03 
2.318685e-10 -6.974291e-03 
2.323043e-10 -7.300544e-03 
2.327402e-10 -7.619215e-03 
2.331760e-10 -7.929324e-03 
2.336119e-10 -8.229894e-03 
2.340477e-10 -8.519960e-03 
2.344835e-10 -8.798567e-03 
2.349194e-10 -9.064777e-03 
2.353552e-10 -9.317667e-03 
2.357911e-10 -9.556339e-03 
2.362269e-10 -9.779915e-03 
2.366628e-10 -9.987547e-03 
2.370986e-10 -1.017841e-02 
2.375344e-10 -1.035173e-02 
2.379703e-10 -1.050673e-02 
2.384061e-10 -1.064272e-02 
2.388420e-10 -1.075900e-02 
2.392778e-10 -1.085495e-02 
2.397137e-10 -1.092997e-02 
2.401495e-10 -1.098352e-02 
2.405853e-10 -1.101509e-02 
2.410212e-10 -1.102424e-02 
2.414570e-10 -1.101057e-02 
2.418929e-10 -1.097373e-02 
2.423287e-10 -1.091343e-02 
2.427646e-10 -1.082942e-02 
2.432004e-10 -1.072152e-02 
2.436362e-10 -1.058961e-02 
2.440721e-10 -1.043360e-02 
2.445079e-10 -1.025349e-02 
2.449438e-10 -1.004930e-02 
2.453796e-10 -9.821152e-03 
2.458155e-10 -9.569184e-03 
2.462513e-10 -9.293612e-03 
2.466871e-10 -8.994702e-03 
2.471230e-10 -8.672778e-03 
2.475588e-10 -8.328219e-03 
2.479947e-10 -7.961458e-03 
2.484305e-10 -7.572980e-03 
2.488664e-10 -7.163326e-03 
2.493022e-10 -6.733084e-03 
2.497380e-10 -6.282896e-03 
2.501739e-10 -5.813451e-03 
2.506097e-10 -5.325485e-03 
2.510456e-10 -4.819781e-03 
2.514814e-10 -4.297166e-03 
2.519173e-10 -3.758508e-03 
2.523531e-10 -3.204717e-03 
2.527889e-10 -2.636743e-03 
2.532248e-10 -2.055572e-03 
2.536606e-10 -1.462226e-03 
2.540965e-10 -8.577595e-04 
2.545323e-10 -2.432584e-04 
2.549682e-10 3.801615e-04 
2.554040e-10 1.011357e-03 
2.558398e-10 1.649161e-03 
2.562757e-10 2.292382e-03 
2.567115e-10 2.939807e-03 
2.571474e-10 3.590205e-03 
2.575832e-10 4.242330e-03 
2.580191e-10 4.894919e-03 
2.584549e-10 5.546698e-03 
2.588908e-10 6.196382e-03 
2.593266e-10 6.842678e-03 
2.597624e-10 7.484289e-03 
2.601983e-10 8.119913e-03 
2.606341e-10 8.748248e-03 
2.610700e-10 9.367992e-03 
2.615058e-10 9.977846e-03 
2.619417e-10 1.057652e-02 
2.623775e-10 1.116273e-02 
2.628133e-10 1.173520e-02 
2.632492e-10 1.229267e-02 
2.636850e-10 1.283389e-02 
2.641209e-10 1.335763e-02 
2.645567e-10 1.386270e-02 
2.649926e-10 1.434790e-02 
2.654284e-10 1.481206e-02 
2.658642e-10 1.525407e-02 
2.663001e-10 1.567281e-02 
2.667359e-10 1.606721e-02 
2.671718e-10 1.643624e-02 
2.676076e-10 1.677890e-02 
2.680435e-10 1.709423e-02 
2.684793e-10 1.738132e-02 
2.689151e-10 1.763930e-02 
2.693510e-10 1.786734e-02 
2.697868e-10 1.806468e-02 
2.702227e-10 1.823060e-02 
2.706585e-10 1.836444e-02 
2.710944e-10 1.846558e-02 
2.715302e-10 1.853350e-02 
2.719660e-10 1.856771e-02 
2.724019e-10 1.856779e-02 
2.728377e-10 1.853339e-02 
2.732736e-10 1.846425e-02 
2.737094e-10 1.836015e-02 
2.741453e-10 1.822096e-02 
2.745811e-10 1.804663e-02 
2.750169e-10 1.783718e-02 
2.754528e-10 1.759270e-02 
2.758886e-10 1.731339e-02 
2.763245e-10 1.699950e-02 
2.767603e-10 1.665138e-02 
2.771962e-10 1.626946e-02 
2.776320e-10 1.585426e-02 
2.780678e-10 1.540638e-02 
2.785037e-10 1.492650e-02 
2.789395e-10 1.441539e-02 
2.793754e-10 1.387392e-02 
2.798112e-10 1.330302e-02 
2.802471e-10 1.270373e-02 
2.806829e-10 1.207715e-02 
2.811187e-10 1.142449e-02 
2.815546e-10 1.074701e-02 
2.819904e-10 1.004607e-02 
2.824263e-10 9.323111e-03 
2.828621e-10 8.579635e-03 
2.832980e-10 7.817226e-03 
2.837338e-10 7.037536e-03 
2.841696e-10 6.242285e-03 
2.846055e-10 5.433258e-03 
2.850413e-10 4.612299e-03 
2.854772e-10 3.781308e-03 
2.859130e-10 2.942240e-03 
2.863489e-10 2.097096e-03 
2.867847e-10 1.247924e-03 
2.872205e-10 3.968062e-04 
2.876564e-10 -4.541367e-04 
2.880922e-10 -1.302757e-03 
2.885281e-10 -2.146885e-03 
2.889639e-10 -2.984329e-03 
2.893998e-10 -3.812889e-03 
2.898356e-10 -4.630356e-03 
2.902714e-10 -5.434522e-03 
2.907073e-10 -6.223184e-03 
2.911431e-10 -6.994150e-03 
2.915790e-10 -7.745246e-03 
2.920148e-10 -8.474321e-03 
2.924507e-10 -9.179256e-03 
2.928865e-10 -9.857966e-03 
2.933223e-10 -1.050841e-02 
2.937582e-10 -1.112859e-02 
2.941940e-10 -1.171658e-02 
2.946299e-10 -1.227049e-02 
2.950657e-10 -1.278851e-02 
2.955016e-10 -1.326890e-02 
2.959374e-10 -1.370999e-02 
2.963733e-10 -1.411020e-02 
2.968091e-10 -1.446804e-02 
2.972449e-10 -1.478209e-02 
2.976808e-10 -1.505107e-02 
2.981166e-10 -1.527375e-02 
2.985525e-10 -1.544903e-02 
2.989883e-10 -1.557592e-02 
2.994242e-10 -1.565353e-02 
2.998600e-10 -1.568108e-02 
3.002958e-10 -1.565794e-02 
3.007317e-10 -1.558354e-02 
3.011675e-10 -1.545749e-02 
3.016034e-10 -1.527947e-02 
3.020392e-10 -1.504932e-02 
3.024751e-10 -1.476697e-02 
3.029109e-10 -1.443251e-02 
3.033467e-10 -1.404611e-02 
3.037826e-10 -1.360809e-02 
3.042184e-10 -1.311888e-02 
3.046543e-10 -1.257902e-02 
3.050901e-10 -1.198919e-02 
3.055260e-10 -1.135015e-02 
3.059618e-10 -1.066280e-02 
3.063976e-10 -9.928123e-03 
3.068335e-10 -9.147226e-03 
3.072693e-10 -8.321304e-03 
3.077052e-10 -7.451647e-03 
3.081410e-10 -6.539640e-03 
3.085769e-10 -5.586749e-03 
3.090127e-10 -4.594524e-03 
3.094485e-10 -3.564584e-03 
3.098844e-10 -2.498623e-03 
3.103202e-10 -1.398392e-03 
3.107561e-10 -2.657025e-04 
3.111919e-10 8.975874e-04 
3.116278e-10 2.089575e-03 
3.120636e-10 3.308321e-03 
3.124994e-10 4.551858e-03 
3.129353e-10 5.818194e-03 
3.133711e-10 7.105324e-03 
3.138070e-10 8.411233e-03 
3.142428e-10 9.733905e-03 
3.146787e-10 1.107133e-02 
3.151145e-10 1.242151e-02 
3.155503e-10 1.378248e-02 
3.159862e-10 1.515227e-02 
3.164220e-10 1.652899e-02 
3.168579e-10 1.791074e-02 
3.172937e-10 1.929571e-02 
3.177296e-10 2.068213e-02 
3.181654e-10 2.206827e-02 
3.186012e-10 2.345251e-02 
3.190371e-10 2.483325e-02 
3.194729e-10 2.620902e-02 
3.199088e-10 2.757841e-02 
3.203446e-10 2.894009e-02 
3.207805e-10 3.029284e-02 
3.212163e-10 3.163553e-02 
3.216521e-10 3.296716e-02 
3.220880e-10 3.428681e-02 
3.225238e-10 3.559369e-02 
3.229597e-10 3.688712e-02 
3.233955e-10 3.816655e-02 
3.238314e-10 3.943154e-02 
3.242672e-10 4.068180e-02 
3.247030e-10 4.191717e-02 
3.251389e-10 4.313760e-02 
3.255747e-10 4.434320e-02 
3.260106e-10 4.553421e-02 
3.264464e-10 4.671103e-02 
3.268823e-10 4.787417e-02 
3.273181e-10 4.902432e-02 
3.277539e-10 5.016230e-02 
3.281898e-10 5.128907e-02 
3.286256e-10 5.240576e-02 
3.290615e-10 5.351361e-02 
3.294973e-10 5.461406e-02 
3.299332e-10 5.570865e-02 
3.303690e-10 5.679910e-02 
3.308048e-10 5.788725e-02 
3.312407e-10 5.897509e-02 
3.316765e-10 6.006478e-02 
3.321124e-10 6.115856e-02 
3.325482e-10 6.225886e-02 
3.329841e-10 6.336820e-02 
3.334199e-10 6.448926e-02 
3.338557e-10 6.562480e-02 
3.342916e-10 6.677772e-02 
3.347274e-10 6.795103e-02 
3.351633e-10 6.914780e-02 
3.355991e-10 7.037124e-02 
3.360350e-10 7.162460e-02 
3.364708e-10 7.291120e-02 
3.369067e-10 7.423445e-02 
3.373425e-10 7.559776e-02 
3.377783e-10 7.700460e-02 
3.382142e-10 7.845844e-02 
3.386500e-10 7.996276e-02 
3.390859e-10 8.152102e-02 
3.395217e-10 8.313664e-02 
3.399576e-10 8.481302e-02 
3.403934e-10 8.655345e-02 
3.408292e-10 8.836117e-02 
3.412651e-10 9.023930e-02 
3.417009e-10 9.219083e-02 
3.421368e-10 9.421862e-02 
3.425726e-10 9.632538e-02 
3.430085e-10 9.851361e-02 
3.434443e-10 1.007856e-01 
3.438801e-10 1.031436e-01 
3.443160e-10 1.055893e-01 
3.447518e-10 1.081245e-01 
3.451877e-10 1.107504e-01 
3.456235e-10 1.134683e-01 
3.460594e-10 1.162790e-01 
3.464952e-10 1.191830e-01 
3.469310e-10 1.221806e-01 
3.473669e-10 1.252718e-01 
3.478027e-10 1.284563e-01 
3.482386e-10 1.317334e-01 
3.486744e-10 1.351025e-01 
3.491103e-10 1.385622e-01 
3.495461e-10 1.421114e-01 
3.499819e-10 1.457483e-01 
3.504178e-10 1.494711e-01 
3.508536e-10 1.532780e-01 
3.512895e-10 1.571666e-01 
3.517253e-10 1.611349e-01 
3.521612e-10 1.651803e-01 
3.525970e-10 1.693004e-01 
3.530328e-10 1.734929e-01 
3.534687e-10 1.777552e-01 
3.539045e-10 1.820851e-01 
3.543404e-10 1.864803e-01 
3.547762e-10 1.909386e-01 
3.552121e-10 1.954582e-01 
3.556479e-10 2.000373e-01 
3.560837e-10 2.046744e-01 
3.565196e-10 2.093685e-01 
3.569554e-10 2.141188e-01 
3.573913e-10 2.189247e-01 
3.578271e-10 2.237863e-01 
3.582630e-10 2.287039e-01 
3.586988e-10 2.336782e-01 
3.591346e-10 2.387104e-01 
3.595705e-10 2.438021e-01 
3.600063e-10 2.489554e-01 
3.604422e-10 2.541726e-01 
3.608780e-10 2.594565e-01 
3.613139e-10 2.648102e-01 
3.617497e-10 2.702371e-01 
3.621855e-10 2.757408e-01 
3.626214e-10 2.813252e-01 
3.630572e-10 2.869942e-01 
3.634931e-10 2.927517e-01 
3.639289e-10 2.986017e-01 
3.643648e-10 3.045479e-01 
3.648006e-10 3.105938e-01 
3.652364e-10 3.167427e-01 
3.656723e-10 3.229972e-01 
3.661081e-10 3.293597e-01 
3.665440e-10 3.358316e-01 
3.669798e-10 3.424138e-01 
3.674157e-10 3.491062e-01 
3.678515e-10 3.559078e-01 
3.682873e-10 3.628164e-01 
3.687232e-10 3.698289e-01 
3.691590e-10 3.769407e-01 
3.695949e-10 3.841461e-01 
3.700307e-10 3.914380e-01 
3.704666e-10 3.988078e-01 
3.709024e-10 4.062456e-01 
3.713382e-10 4.137399e-01 
3.717741e-10 4.212781e-01 
3.722099e-10 4.288456e-01 
3.726458e-10 4.364271e-01 
3.730816e-10 4.440053e-01 
3.735175e-10 4.515622e-01 
3.739533e-10 4.590784e-01 
3.743892e-10 4.665334e-01 
3.748250e-10 4.739059e-01 
3.752608e-10 4.811738e-01 
3.756967e-10 4.883144e-01 
3.761325e-10 4.953047e-01 
3.765684e-10 5.021214e-01 
3.770042e-10 5.087411e-01 
3.774401e-10 5.151407e-01 
3.778759e-10 5.212975e-01 
3.783117e-10 5.271895e-01 
3.787476e-10 5.327954e-01 
3.791834e-10 5.380951e-01 
3.796193e-10 5.430699e-01 
3.800551e-10 5.477025e-01 
3.804910e-10 5.519773e-01 
3.809268e-10 5.558807e-01 
3.813626e-10 5.594012e-01 
3.817985e-10 5.625294e-01 
3.822343e-10 5.652586e-01 
3.826702e-10 5.675843e-01 
3.831060e-10 5.695046e-01 
3.835419e-10 5.710204e-01 
3.839777e-10 5.721351e-01 
3.844135e-10 5.728549e-01 
3.848494e-10 5.731886e-01 
3.852852e-10 5.731476e-01 
3.857211e-10 5.727457e-01 
3.861569e-10 5.719993e-01 
3.865928e-10 5.709267e-01 
3.870286e-10 5.695486e-01 
3.874644e-10 5.678872e-01 
3.879003e-10 5.659664e-01 
3.883361e-10 5.638117e-01 
3.887720e-10 5.614493e-01 
3.892078e-10 5.589064e-01 
3.896437e-10 5.562106e-01 
3.900795e-10 5.533898e-01 
3.905153e-10 5.504714e-01 
3.909512e-10 5.474826e-01 
3.913870e-10 5.444497e-01 
3.918229e-10 5.413978e-01 
3.922587e-10 5.383506e-01 
3.926946e-10 5.353299e-01 
3.931304e-10 5.323555e-01 
3.935662e-10 5.294449e-01 
3.940021e-10 5.266131e-01 
3.944379e-10 5.238721e-01 
3.948738e-10 5.212310e-01 
3.953096e-10 5.186958e-01 
3.957455e-10 5.162693e-01 
3.961813e-10 5.139505e-01 
3.966171e-10 5.117355e-01 
3.970530e-10 5.096165e-01 
3.974888e-10 5.075826e-01 
3.979247e-10 5.056193e-01 
3.983605e-10 5.037088e-01 
3.987964e-10 5.018304e-01 
3.992322e-10 4.999600e-01 
3.996680e-10 4.980710e-01 
4.001039e-10 4.961341e-01 
4.005397e-10 4.941177e-01 
4.009756e-10 4.919882e-01 
4.014114e-10 4.897103e-01 
4.018473e-10 4.872473e-01 
4.022831e-10 4.845615e-01 
4.027189e-10 4.816144e-01 
4.031548e-10 4.783674e-01 
4.035906e-10 4.747818e-01 
4.040265e-10 4.708195e-01 
4.044623e-10 4.664432e-01 
4.048982e-10 4.616168e-01 
4.053340e-10 4.563057e-01 
4.057698e-10 4.504775e-01 
4.062057e-10 4.441018e-01 
4.066415e-10 4.371508e-01 
4.070774e-10 4.295998e-01 
4.075132e-10 4.214271e-01 
4.079491e-10 4.126145e-01 
4.083849e-10 4.031472e-01 
4.088207e-10 3.930145e-01 
4.092566e-10 3.822094e-01 
4.096924e-10 3.707290e-01 
4.101283e-10 3.585747e-01 
4.105641e-10 3.457520e-01 
4.110000e-10 3.322706e-01 
4.114358e-10 3.181443e-01 
4.118716e-10 3.033912e-01 
4.123075e-10 2.880334e-01 
4.127433e-10 2.720969e-01 
4.131792e-10 2.556114e-01 
4.136150e-10 2.386104e-01 
4.140509e-10 2.211306e-01 
4.144867e-10 2.032118e-01 
4.149226e-10 1.848972e-01 
4.153584e-10 1.662320e-01 
4.157942e-10 1.472642e-01 
4.162301e-10 1.280437e-01 
4.166659e-10 1.086223e-01 
4.171018e-10 8.905298e-02 
4.175376e-10 6.939004e-02 
4.179735e-10 4.968846e-02 
4.184093e-10 3.000369e-02 
4.188451e-10 1.039128e-02 
4.192810e-10 -9.093415e-03 
4.197168e-10 -2.839556e-02 
4.201527e-10 -4.746116e-02 
4.205885e-10 -6.623736e-02 
4.210244e-10 -8.467270e-02 
4.214602e-10 -1.027174e-01 
4.218960e-10 -1.203236e-01 
4.223319e-10 -1.374457e-01 
4.227677e-10 -1.540404e-01 
4.232036e-10 -1.700669e-01 
4.236394e-10 -1.854874e-01 
4.240753e-10 -2.002667e-01 
4.245111e-10 -2.143728e-01 
4.249469e-10 -2.277769e-01 
4.253828e-10 -2.404533e-01 
4.258186e-10 -2.523797e-01 
4.262545e-10 -2.635369e-01 
4.266903e-10 -2.739095e-01 
4.271262e-10 -2.834849e-01 
4.275620e-10 -2.922542e-01 
4.279978e-10 -3.002117e-01 
4.284337e-10 -3.073549e-01 
4.288695e-10 -3.136845e-01 
4.293054e-10 -3.192040e-01 
4.297412e-10 -3.239203e-01 
4.301771e-10 -3.278426e-01 
4.306129e-10 -3.309832e-01 
4.310487e-10 -3.333567e-01 
4.314846e-10 -3.349802e-01 
4.319204e-10 -3.358728e-01 
4.323563e-10 -3.360560e-01 
4.327921e-10 -3.355529e-01 
4.332280e-10 -3.343882e-01 
4.336638e-10 -3.325884e-01 
4.340996e-10 -3.301811e-01 
4.345355e-10 -3.271950e-01 
4.349713e-10 -3.236598e-01 
4.354072e-10 -3.196060e-01 
4.358430e-10 -3.150647e-01 
4.362789e-10 -3.100672e-01 
4.367147e-10 -3.046454e-01 
4.371505e-10 -2.988309e-01 
4.375864e-10 -2.926555e-01 
4.380222e-10 -2.861506e-01 
4.384581e-10 -2.793474e-01 
4.388939e-10 -2.722764e-01 
4.393298e-10 -2.649678e-01 
4.397656e-10 -2.574507e-01 
4.402014e-10 -2.497538e-01 
4.406373e-10 -2.419045e-01 
4.410731e-10 -2.339295e-01 
4.415090e-10 -2.258544e-01 
4.419448e-10 -2.177036e-01 
4.423807e-10 -2.095005e-01 
4.428165e-10 -2.012671e-01 
4.432523e-10 -1.930243e-01 
4.436882e-10 -1.847918e-01 
4.441240e-10 -1.765881e-01 
4.445599e-10 -1.684302e-01 
4.449957e-10 -1.603342e-01 
4.454316e-10 -1.523147e-01 
4.458674e-10 -1.443852e-01 
4.463032e-10 -1.365580e-01 
4.467391e-10 -1.288445e-01 
4.471749e-10 -1.212545e-01 
4.476108e-10 -1.137973e-01 
4.480466e-10 -1.064807e-01 
4.484825e-10 -9.931188e-02 
4.489183e-10 -9.229698e-02 
4.493541e-10 -8.544132e-02 
4.497900e-10 -7.874941e-02 
4.502258e-10 -7.222505e-02 
4.506617e-10 -6.587137e-02 
4.510975e-10 -5.969089e-02 
4.515334e-10 -5.368555e-02 
4.519692e-10 -4.785684e-02 
4.524050e-10 -4.220577e-02 
4.528409e-10 -3.673299e-02 
4.532767e-10 -3.143880e-02 
4.537126e-10 -2.632323e-02 
4.541484e-10 -2.138606e-02 
4.545843e-10 -1.662685e-02 
4.550201e-10 -1.204503e-02 
4.554560e-10 -7.639890e-03 
4.558918e-10 -3.410601e-03 
4.563276e-10 6.437255e-04 
4.567635e-10 4.524039e-03 
4.571993e-10 8.231331e-03 
4.576352e-10 1.176662e-02 
4.580710e-10 1.513096e-02 
4.585069e-10 1.832540e-02 
4.589427e-10 2.135103e-02 
4.593785e-10 2.420898e-02 
4.598144e-10 2.690039e-02 
4.602502e-10 2.942646e-02 
4.606861e-10 3.178845e-02 
4.611219e-10 3.398772e-02 
4.615578e-10 3.602569e-02 
4.619936e-10 3.790393e-02 
4.624294e-10 3.962415e-02 
4.628653e-10 4.118820e-02 
4.633011e-10 4.259813e-02 
4.637370e-10 4.385620e-02 
4.641728e-10 4.496488e-02 
4.646087e-10 4.592689e-02 
4.650445e-10 4.674519e-02 
4.654803e-10 4.742303e-02 
4.659162e-10 4.796393e-02 
4.663520e-10 4.837168e-02 
4.667879e-10 4.865040e-02 
4.672237e-10 4.880444e-02 
4.676596e-10 4.883848e-02 
4.680954e-10 4.875743e-02 
4.685312e-10 4.856649e-02 
4.689671e-10 4.827108e-02 
4.694029e-10 4.787684e-02 
4.698388e-10 4.738959e-02 
4.702746e-10 4.681530e-02 
4.707105e-10 4.616010e-02 
4.711463e-10 4.543017e-02 
4.715821e-10 4.463175e-02 
4.720180e-10 4.377109e-02 
4.724538e-10 4.285440e-02 
4.728897e-10 4.188781e-02 
4.733255e-10 4.087733e-02 
4.737614e-10 3.982880e-02 
4.741972e-10 3.874786e-02 
4.746330e-10 3.763989e-02 
4.750689e-10 3.650999e-02 
4.755047e-10 3.536294e-02 
4.759406e-10 3.420318e-02 
4.763764e-10 3.303474e-02 
4.768123e-10 3.186128e-02 
4.772481e-10 3.068603e-02 
4.776839e-10 2.951181e-02 
4.781198e-10 2.834098e-02 
4.785556e-10 2.717547e-02 
4.789915e-10 2.601680e-02 
4.794273e-10 2.486604e-02 
4.798632e-10 2.372390e-02 
4.802990e-10 2.259068e-02 
4.807348e-10 2.146633e-02 
4.811707e-10 2.035050e-02 
4.816065e-10 1.924256e-02 
4.820424e-10 1.814161e-02 
4.824782e-10 1.704660e-02 
4.829141e-10 1.595629e-02 
4.833499e-10 1.486936e-02 
4.837857e-10 1.378445e-02 
4.842216e-10 1.270019e-02 
4.846574e-10 1.161525e-02 
4.850933e-10 1.052842e-02 
4.855291e-10 9.438626e-03 
4.859650e-10 8.345002e-03 
4.864008e-10 7.246905e-03 
4.868366e-10 6.143974e-03 
4.872725e-10 5.036154e-03 
4.877083e-10 3.923730e-03 
4.881442e-10 2.807350e-03 
4.885800e-10 1.688045e-03 
4.890159e-10 5.672398e-04 
4.894517e-10 -5.532386e-04 
4.898875e-10 -1.671160e-03 
4.903234e-10 -2.783897e-03 
4.907592e-10 -3.888436e-03 
4.911951e-10 -4.981394e-03 
4.916309e-10 -6.059043e-03 
4.920668e-10 -7.117338e-03 
4.925026e-10 -8.151948e-03 
4.929385e-10 -9.158300e-03 
4.933743e-10 -1.013162e-02 
4.938101e-10 -1.106696e-02 
4.942460e-10 -1.195929e-02 
4.946818e-10 -1.280351e-02 
4.951177e-10 -1.359451e-02 
4.955535e-10 -1.432724e-02 
4.959894e-10 -1.499677e-02 
4.964252e-10 -1.559832e-02 
4.968610e-10 -1.612732e-02 
4.972969e-10 -1.657948e-02 
4.977327e-10 -1.695085e-02 
4.981686e-10 -1.723783e-02 
4.986044e-10 -1.743725e-02 
4.990403e-10 -1.754641e-02 
4.994761e-10 -1.756311e-02 
4.999119e-10 -1.748569e-02 
5.003478e-10 -1.731307e-02 
5.007836e-10 -1.704477e-02 
5.012195e-10 -1.668093e-02 
5.016553e-10 -1.622234e-02 
5.020912e-10 -1.567044e-02 
5.025270e-10 -1.502734e-02 
5.029628e-10 -1.429581e-02 
5.033987e-10 -1.347928e-02 
5.038345e-10 -1.258184e-02 
5.042704e-10 -1.160825e-02 
5.047062e-10 -1.056387e-02 
5.051421e-10 -9.454673e-03 
5.055779e-10 -8.287224e-03 
5.060137e-10 -7.068634e-03 
5.064496e-10 -5.806538e-03 
5.068854e-10 -4.509052e-03 
5.073213e-10 -3.184735e-03 
5.077571e-10 -1.842544e-03 
5.081930e-10 -4.917915e-04 
5.086288e-10 8.579058e-04 
5.090646e-10 2.196677e-03 
5.095005e-10 3.514448e-03 
5.099363e-10 4.800997e-03 
5.103722e-10 6.046009e-03 
5.108080e-10 7.239130e-03 
5.112439e-10 8.370023e-03 
5.116797e-10 9.428428e-03 
5.121155e-10 1.040422e-02 
5.125514e-10 1.128744e-02 
5.129872e-10 1.206840e-02 
5.134231e-10 1.273769e-02 
5.138589e-10 1.328625e-02 
5.142948e-10 1.370544e-02 
5.147306e-10 1.398703e-02 
5.151664e-10 1.412332e-02 
5.156023e-10 1.410714e-02 
5.160381e-10 1.393192e-02 
5.164740e-10 1.359169e-02 
5.169098e-10 1.308115e-02 
5.173457e-10 1.239572e-02 
5.177815e-10 1.153151e-02 
5.182173e-10 1.048540e-02 
5.186532e-10 9.255048e-03 
5.190890e-10 7.838890e-03 
5.195249e-10 6.236185e-03 
5.199607e-10 4.447008e-03 
5.203966e-10 2.472258e-03 
5.208324e-10 3.136645e-04 
5.212682e-10 -2.026216e-03 
5.217041e-10 -4.544008e-03 
5.221399e-10 -7.235524e-03 
5.225758e-10 -1.009578e-02 
5.230116e-10 -1.311903e-02 
5.234475e-10 -1.629875e-02 
5.238833e-10 -1.962772e-02 
5.243191e-10 -2.309800e-02 
5.247550e-10 -2.670101e-02 
5.251908e-10 -3.042754e-02 
5.256267e-10 -3.426781e-02 
5.260625e-10 -3.821150e-02 
5.264984e-10 -4.224782e-02 
5.269342e-10 -4.636553e-02 
5.273700e-10 -5.055302e-02 
5.278059e-10 -5.479837e-02 
5.282417e-10 -5.908937e-02 
5.286776e-10 -6.341362e-02 
5.291134e-10 -6.775856e-02 
5.295493e-10 -7.211158e-02 
5.299851e-10 -7.645999e-02 
5.304209e-10 -8.079119e-02 
5.308568e-10 -8.509265e-02 
5.312926e-10 -8.935200e-02 
5.317285e-10 -9.355710e-02 
5.321643e-10 -9.769607e-02 
5.326002e-10 -1.017574e-01 
5.330360e-10 -1.057299e-01 
5.334719e-10 -1.096029e-01 
5.339077e-10 -1.133661e-01 
5.343435e-10 -1.170098e-01 
5.347794e-10 -1.205250e-01 
5.352152e-10 -1.239030e-01 
5.356511e-10 -1.271361e-01 
5.360869e-10 -1.302170e-01 
5.365228e-10 -1.331392e-01 
5.369586e-10 -1.358971e-01 
5.373944e-10 -1.384854e-01 
5.378303e-10 -1.409000e-01 
5.382661e-10 -1.431374e-01 
5.387020e-10 -1.451947e-01 
5.391378e-10 -1.470700e-01 
5.395737e-10 -1.487620e-01 
5.400095e-10 -1.502702e-01 
5.404453e-10 -1.515949e-01 
5.408812e-10 -1.527370e-01 
5.413170e-10 -1.536980e-01 
5.417529e-10 -1.544803e-01 
5.421887e-10 -1.550867e-01 
5.426246e-10 -1.555206e-01 
5.430604e-10 -1.557862e-01 
5.434962e-10 -1.558880e-01 
5.439321e-10 -1.558309e-01 
5.443679e-10 -1.556203e-01 
5.448038e-10 -1.552622e-01 
5.452396e-10 -1.547626e-01 
5.456755e-10 -1.541280e-01 
5.461113e-10 -1.533650e-01 
5.465471e-10 -1.524805e-01 
5.469830e-10 -1.514816e-01 
5.474188e-10 -1.503754e-01 
5.478547e-10 -1.491690e-01 
5.482905e-10 -1.478697e-01 
5.487264e-10 -1.464847e-01 
5.491622e-10 -1.450210e-01 
5.495980e-10 -1.434859e-01 
5.500339e-10 -1.418862e-01 
5.504697e-10 -1.402287e-01 
5.509056e-10 -1.385200e-01 
5.513414e-10 -1.367666e-01 
5.517773e-10 -1.349747e-01 
5.522131e-10 -1.331502e-01 
5.526489e-10 -1.312989e-01 
5.530848e-10 -1.294263e-01 
5.535206e-10 -1.275376e-01 
5.539565e-10 -1.256380e-01 
5.543923e-10 -1.237320e-01 
5.548282e-10 -1.218241e-01 
5.552640e-10 -1.199187e-01 
5.556998e-10 -1.180197e-01 
5.561357e-10 -1.161309e-01 
5.565715e-10 -1.142557e-01 
5.570074e-10 -1.123976e-01 
5.574432e-10 -1.105597e-01 
5.578791e-10 -1.087448e-01 
5.583149e-10 -1.069559e-01 
5.587507e-10 -1.051954e-01 
5.591866e-10 -1.034659e-01 
5.596224e-10 -1.017697e-01 
5.600583e-10 -1.001089e-01 
5.604941e-10 -9.848564e-02 
5.609300e-10 -9.690187e-02 
5.613658e-10 -9.535945e-02 
5.618016e-10 -9.386013e-02 
5.622375e-10 -9.240558e-02 
5.626733e-10 -9.099735e-02 
5.631092e-10 -8.963691e-02 
5.635450e-10 -8.832563e-02 
5.639809e-10 -8.706476e-02 
5.644167e-10 -8.585546e-02 
5.648525e-10 -8.469877e-02 
5.652884e-10 -8.359558e-02 
5.657242e-10 -8.254667e-02 
5.661601e-10 -8.155265e-02 
5.665959e-10 -8.061399e-02 
5.670318e-10 -7.973096e-02 
5.674676e-10 -7.890368e-02 
5.679034e-10 -7.813204e-02 
5.683393e-10 -7.741571e-02 
5.687751e-10 -7.675417e-02 
5.692110e-10 -7.614662e-02 
5.696468e-10 -7.559205e-02 
5.700827e-10 -7.508917e-02 
5.705185e-10 -7.463643e-02 
5.709543e-10 -7.423199e-02 
5.713902e-10 -7.387376e-02 
5.718260e-10 -7.355935e-02 
5.722619e-10 -7.328610e-02 
5.726977e-10 -7.305106e-02 
5.731336e-10 -7.285101e-02 
5.735694e-10 -7.268247e-02 
5.740053e-10 -7.254168e-02 
5.744411e-10 -7.242465e-02 
5.748769e-10 -7.232715e-02 
5.753128e-10 -7.224473e-02 
5.757486e-10 -7.217274e-02 
5.761845e-10 -7.210635e-02 
5.766203e-10 -7.204057e-02 
5.770562e-10 -7.197029e-02 
5.774920e-10 -7.189028e-02 
5.779278e-10 -7.179524e-02 
5.783637e-10 -7.167980e-02 
5.787995e-10 -7.153858e-02 
5.792354e-10 -7.136622e-02 
5.796712e-10 -7.115737e-02 
5.801071e-10 -7.090676e-02 
5.805429e-10 -7.060923e-02 
5.809787e-10 -7.025972e-02 
5.814146e-10 -6.985336e-02 
5.818504e-10 -6.938542e-02 
5.822863e-10 -6.885143e-02 
5.827221e-10 -6.824711e-02 
5.831580e-10 -6.756848e-02 
5.835938e-10 -6.681182e-02 
5.840296e-10 -6.597372e-02 
5.844655e-10 -6.505109e-02 
5.849013e-10 -6.404119e-02 
5.853372e-10 -6.294160e-02 
5.857730e-10 -6.175032e-02 
5.862089e-10 -6.046566e-02 
5.866447e-10 -5.908636e-02 
5.870805e-10 -5.761151e-02 
5.875164e-10 -5.604062e-02 
5.879522e-10 -5.437357e-02 
5.883881e-10 -5.261061e-02 
5.888239e-10 -5.075241e-02 
5.892598e-10 -4.879998e-02 
5.896956e-10 -4.675472e-02 
5.901314e-10 -4.461837e-02 
5.905673e-10 -4.239301e-02 
5.910031e-10 -4.008108e-02 
5.914390e-10 -3.768531e-02 
5.918748e-10 -3.520874e-02 
5.923107e-10 -3.265470e-02 
5.927465e-10 -3.002676e-02 
5.931823e-10 -2.732878e-02 
5.936182e-10 -2.456483e-02 
5.940540e-10 -2.173917e-02 
5.944899e-10 -1.885628e-02 
5.949257e-10 -1.592080e-02 
5.953616e-10 -1.293753e-02 
5.957974e-10 -9.911390e-03 
5.962332e-10 -6.847429e-03 
5.966691e-10 -3.750788e-03 
5.971049e-10 -6.266894e-04 
5.975408e-10 2.519581e-03 
5.979766e-10 5.682691e-03 
5.984125e-10 8.857273e-03 
5.988483e-10 1.203794e-02 
5.992841e-10 1.521931e-02 
5.997200e-10 1.839599e-02 
6.001558e-10 2.156263e-02 
6.005917e-10 2.471388e-02 
6.010275e-10 2.784446e-02 
6.014634e-10 3.094912e-02 
6.018992e-10 3.402267e-02 
6.023350e-10 3.705998e-02 
6.027709e-10 4.005599e-02 
6.032067e-10 4.300574e-02 
6.036426e-10 4.590432e-02 
6.040784e-10 4.874693e-02 
6.045143e-10 5.152884e-02 
6.049501e-10 5.424545e-02 
6.053859e-10 5.689223e-02 
6.058218e-10 5.946476e-02 
6.062576e-10 6.195875e-02 
6.066935e-10 6.437001e-02 
6.071293e-10 6.669445e-02 
6.075652e-10 6.892812e-02 
6.080010e-10 7.106721e-02 
6.084368e-10 7.310800e-02 
6.088727e-10 7.504694e-02 
6.093085e-10 7.688062e-02 
6.097444e-10 7.860574e-02 
6.101802e-10 8.021920e-02 
6.106161e-10 8.171802e-02 
6.110519e-10 8.309942e-02 
6.114878e-10 8.436076e-02 
6.119236e-10 8.549961e-02 
6.123594e-10 8.651369e-02 
6.127953e-10 8.740096e-02 
6.132311e-10 8.815954e-02 
6.136670e-10 8.878780e-02 
6.141028e-10 8.928431e-02 
6.145387e-10 8.964787e-02 
6.149745e-10 8.987752e-02 
6.154103e-10 8.997253e-02 
6.158462e-10 8.993245e-02 
6.162820e-10 8.975707e-02 
6.167179e-10 8.944643e-02 
6.171537e-10 8.900089e-02 
6.175896e-10 8.842103e-02 
6.180254e-10 8.770776e-02 
6.184612e-10 8.686224e-02 
6.188971e-10 8.588594e-02 
6.193329e-10 8.478061e-02 
6.197688e-10 8.354831e-02 
6.202046e-10 8.219135e-02 
6.206405e-10 8.071239e-02 
6.210763e-10 7.911431e-02 
6.215121e-10 7.740032e-02 
6.219480e-10 7.557390e-02 
6.223838e-10 7.363878e-02 
6.228197e-10 7.159897e-02 
6.232555e-10 6.945872e-02 
6.236914e-10 6.722255e-02 
6.241272e-10 6.489519e-02 
6.245630e-10 6.248158e-02 
6.249989e-10 5.998689e-02 
6.254347e-10 5.741646e-02 
6.258706e-10 5.477582e-02 
6.263064e-10 5.207064e-02 
6.267423e-10 4.930674e-02 
6.271781e-10 4.649006e-02 
6.276139e-10 4.362665e-02 
6.280498e-10 4.072262e-02 
6.284856e-10 3.778419e-02 
6.289215e-10 3.481757e-02 
6.293573e-10 3.182904e-02 
6.297932e-10 2.882486e-02 
6.302290e-10 2.581128e-02 
6.306648e-10 2.279455e-02 
6.311007e-10 1.978081e-02 
6.315365e-10 1.677619e-02 
6.319724e-10 1.378669e-02 
6.324082e-10 1.081823e-02 
6.328441e-10 7.876605e-03 
6.332799e-10 4.967477e-03 
6.337157e-10 2.096358e-03 
6.341516e-10 -7.314009e-04 
6.345874e-10 -3.510621e-03 
6.350233e-10 -6.236309e-03 
6.354591e-10 -8.903666e-03 
6.358950e-10 -1.150810e-02 
6.363308e-10 -1.404521e-02 
6.367666e-10 -1.651085e-02 
6.372025e-10 -1.890107e-02 
6.376383e-10 -2.121214e-02 
6.380742e-10 -2.344059e-02 
6.385100e-10 -2.558316e-02 
6.389459e-10 -2.763684e-02 
6.393817e-10 -2.959885e-02 
6.398175e-10 -3.146665e-02 
6.402534e-10 -3.323793e-02 
6.406892e-10 -3.491063e-02 
6.411251e-10 -3.648290e-02 
6.415609e-10 -3.795314e-02 
6.419968e-10 -3.931998e-02 
6.424326e-10 -4.058227e-02 
6.428684e-10 -4.173908e-02 
6.433043e-10 -4.278971e-02 
6.437401e-10 -4.373366e-02 
6.441760e-10 -4.457066e-02 
6.446118e-10 -4.530066e-02 
6.450477e-10 -4.592378e-02 
6.454835e-10 -4.644038e-02 
6.459193e-10 -4.685099e-02 
6.463552e-10 -4.715637e-02 
6.467910e-10 -4.735745e-02 
6.472269e-10 -4.745535e-02 
6.476627e-10 -4.745139e-02 
6.480986e-10 -4.734707e-02 
6.485344e-10 -4.714408e-02 
6.489702e-10 -4.684427e-02 
6.494061e-10 -4.644969e-02 
6.498419e-10 -4.596254e-02 
6.502778e-10 -4.538522e-02 
6.507136e-10 -4.472028e-02 
6.511495e-10 -4.397042e-02 
6.515853e-10 -4.313853e-02 
6.520212e-10 -4.222763e-02 
6.524570e-10 -4.124092e-02 
6.528928e-10 -4.018172e-02 
6.533287e-10 -3.905351e-02 
6.537645e-10 -3.785989e-02 
6.542004e-10 -3.660460e-02 
6.546362e-10 -3.529150e-02 
6.550721e-10 -3.392456e-02 
6.555079e-10 -3.250787e-02 
6.559437e-10 -3.104560e-02 
6.563796e-10 -2.954201e-02 
6.568154e-10 -2.800145e-02 
6.572513e-10 -2.642833e-02 
6.576871e-10 -2.482711e-02 
6.581230e-10 -2.320229e-02 
6.585588e-10 -2.155841e-02 
6.589946e-10 -1.990003e-02 
6.594305e-10 -1.823171e-02 
6.598663e-10 -1.655800e-02 
6.603022e-10 -1.488342e-02 
6.607380e-10 -1.321246e-02 
6.611739e-10 -1.154956e-02 
6.616097e-10 -9.899106e-03 
6.620455e-10 -8.265377e-03 
6.624814e-10 -6.652579e-03 
6.629172e-10 -5.064804e-03 
6.633531e-10 -3.506025e-03 
6.637889e-10 -1.980083e-03 
6.642248e-10 -4.906705e-04 
6.646606e-10 9.586749e-04 
6.650964e-10 2.364585e-03 
6.655323e-10 3.723871e-03 
6.659681e-10 5.033530e-03 
6.664040e-10 6.290760e-03 
6.668398e-10 7.492960e-03 
6.672757e-10 8.637744e-03 
6.677115e-10 9.722939e-03 
6.681473e-10 1.074660e-02 
6.685832e-10 1.170700e-02 
6.690190e-10 1.260265e-02 
6.694549e-10 1.343228e-02 
6.698907e-10 1.419487e-02 
6.703266e-10 1.488960e-02 
6.707624e-10 1.551591e-02 
6.711982e-10 1.607344e-02 
6.716341e-10 1.656207e-02 
6.720699e-10 1.698190e-02 
6.725058e-10 1.733324e-02 
6.729416e-10 1.761658e-02 
6.733775e-10 1.783266e-02 
6.738133e-10 1.798238e-02 
6.742491e-10 1.806683e-02 
6.746850e-10 1.808727e-02 
6.751208e-10 1.804516e-02 
6.755567e-10 1.794207e-02 
6.759925e-10 1.777976e-02 
6.764284e-10 1.756009e-02 
6.768642e-10 1.728508e-02 
6.773000e-10 1.695684e-02 
6.777359e-10 1.657760e-02 
6.781717e-10 1.614969e-02 
6.786076e-10 1.567550e-02 
6.790434e-10 1.515753e-02 
6.794793e-10 1.459829e-02 
6.799151e-10 1.400040e-02 
6.803509e-10 1.336649e-02 
6.807868e-10 1.269922e-02 
6.812226e-10 1.200128e-02 
6.816585e-10 1.127539e-02 
6.820943e-10 1.052424e-02 
6.825302e-10 9.750547e-03 
6.829660e-10 8.957004e-03 
6.834018e-10 8.146284e-03 
6.838377e-10 7.321035e-03 
6.842735e-10 6.483873e-03 
6.847094e-10 5.637372e-03 
6.851452e-10 4.784063e-03 
6.855811e-10 3.926424e-03 
6.860169e-10 3.066878e-03 
6.864527e-10 2.207788e-03 
6.868886e-10 1.351450e-03 
6.873244e-10 5.000931e-04 
6.877603e-10 -3.441252e-04 
6.881961e-10 -1.179124e-03 
6.886320e-10 -2.002899e-03 
6.890678e-10 -2.813526e-03 
6.895037e-10 -3.609166e-03 
6.899395e-10 -4.388061e-03 
6.903753e-10 -5.148541e-03 
6.908112e-10 -5.889020e-03 
6.912470e-10 -6.608004e-03 
6.916829e-10 -7.304086e-03 
6.921187e-10 -7.975949e-03 
6.925546e-10 -8.622367e-03 
6.929904e-10 -9.242204e-03 
6.934262e-10 -9.834414e-03 
6.938621e-10 -1.039804e-02 
6.942979e-10 -1.093223e-02 
6.947338e-10 -1.143620e-02 
6.951696e-10 -1.190928e-02 
6.956055e-10 -1.235087e-02 
6.960413e-10 -1.276047e-02 
6.964771e-10 -1.313767e-02 
6.969130e-10 -1.348216e-02 
6.973488e-10 -1.379368e-02 
6.977847e-10 -1.407211e-02 
6.982205e-10 -1.431738e-02 
6.986564e-10 -1.452952e-02 
6.990922e-10 -1.470865e-02 
6.995280e-10 -1.485496e-02 
6.999639e-10 -1.496875e-02 
7.003997e-10 -1.505037e-02 
7.008356e-10 -1.510028e-02 
7.012714e-10 -1.511901e-02 
7.017073e-10 -1.510718e-02 
7.021431e-10 -1.506547e-02 
7.025789e-10 -1.499465e-02 
7.030148e-10 -1.489557e-02 
7.034506e-10 -1.476915e-02 
7.038865e-10 -1.461639e-02 
7.043223e-10 -1.443835e-02 
7.047582e-10 -1.423617e-02 
7.051940e-10 -1.401106e-02 
7.056298e-10 -1.376429e-02 
7.060657e-10 -1.349719e-02 
7.065015e-10 -1.321117e-02 
7.069374e-10 -1.290768e-02 
7.073732e-10 -1.258823e-02 
7.078091e-10 -1.225440e-02 
7.082449e-10 -1.190780e-02 
7.086807e-10 -1.155010e-02 
7.091166e-10 -1.118300e-02 
7.095524e-10 -1.080826e-02 
7.099883e-10 -1.042767e-02 
7.104241e-10 -1.004303e-02 
7.108600e-10 -9.656203e-03 
7.112958e-10 -9.269050e-03 
7.117316e-10 -8.883459e-03 
7.121675e-10 -8.501330e-03 
7.126033e-10 -8.124572e-03 
7.130392e-10 -7.755097e-03 
7.134750e-10 -7.394814e-03 
7.139109e-10 -7.045624e-03 
7.143467e-10 -6.709412e-03 
7.147825e-10 -6.388046e-03 
7.152184e-10 -6.083367e-03 
7.156542e-10 -5.797184e-03 
7.160901e-10 -5.531268e-03 
7.165259e-10 -5.287346e-03 
7.169618e-10 -5.067094e-03 
7.173976e-10 -4.872134e-03 
7.178334e-10 -4.704024e-03 
7.182693e-10 -4.564256e-03 
7.187051e-10 -4.454246e-03 
7.191410e-10 -4.375333e-03 
7.195768e-10 -4.328772e-03 
7.200127e-10 -4.315728e-03 
7.204485e-10 -4.337272e-03 
7.208843e-10 -4.394376e-03 
7.213202e-10 -4.487910e-03 
7.217560e-10 -4.618640e-03 
7.221919e-10 -4.787218e-03 
7.226277e-10 -4.994187e-03 
7.230636e-10 -5.239973e-03 
7.234994e-10 -5.524884e-03 
7.239352e-10 -5.849112e-03 
7.243711e-10 -6.212724e-03 
7.248069e-10 -6.615671e-03 
7.252428e-10 -7.057778e-03 
7.256786e-10 -7.538751e-03 
7.261145e-10 -8.058175e-03 
7.265503e-10 -8.615516e-03 
7.269861e-10 -9.210119e-03 
7.274220e-10 -9.841216e-03 
7.278578e-10 -1.050792e-02 
7.282937e-10 -1.120924e-02 
7.287295e-10 -1.194408e-02 
7.291654e-10 -1.271122e-02 
7.296012e-10 -1.350935e-02 
7.300371e-10 -1.433707e-02 
7.304729e-10 -1.519288e-02 
7.309087e-10 -1.607520e-02 
7.313446e-10 -1.698235e-02 
7.317804e-10 -1.791260e-02 
7.322163e-10 -1.886411e-02 
7.326521e-10 -1.983501e-02 
7.330880e-10 -2.082335e-02 
7.335238e-10 -2.182714e-02 
7.339596e-10 -2.284431e-02 
7.343955e-10 -2.387278e-02 
7.348313e-10 -2.491041e-02 
7.352672e-10 -2.595505e-02 
7.357030e-10 -2.700452e-02 
7.361389e-10 -2.805660e-02 
7.365747e-10 -2.910908e-02 
7.370105e-10 -3.015974e-02 
7.374464e-10 -3.120637e-02 
7.378822e-10 -3.224674e-02 
7.383181e-10 -3.327866e-02 
7.387539e-10 -3.429995e-02 
7.391898e-10 -3.530845e-02 
7.396256e-10 -3.630203e-02 
7.400614e-10 -3.727860e-02 
7.404973e-10 -3.823612e-02 
7.409331e-10 -3.917259e-02 
7.413690e-10 -4.008606e-02 
7.418048e-10 -4.097463e-02 
7.422407e-10 -4.183650e-02 
7.426765e-10 -4.266989e-02 
7.431123e-10 -4.347313e-02 
7.435482e-10 -4.424460e-02 
7.439840e-10 -4.498277e-02 
7.444199e-10 -4.568621e-02 
7.448557e-10 -4.635356e-02 
7.452916e-10 -4.698355e-02 
7.457274e-10 -4.757501e-02 
7.461632e-10 -4.812687e-02 
7.465991e-10 -4.863815e-02 
7.470349e-10 -4.910797e-02 
7.474708e-10 -4.953555e-02 
7.479066e-10 -4.992023e-02 
7.483425e-10 -5.026142e-02 
7.487783e-10 -5.055867e-02 
7.492141e-10 -5.081159e-02 
7.496500e-10 -5.101992e-02 
7.500858e-10 -5.118349e-02 
7.505217e-10 -5.130223e-02 
7.509575e-10 -5.137616e-02 
7.513934e-10 -5.140539e-02 
7.518292e-10 -5.139013e-02 
7.522650e-10 -5.133066e-02 
7.527009e-10 -5.122736e-02 
7.531367e-10 -5.108067e-02 
7.535726e-10 -5.089112e-02 
7.540084e-10 -5.065928e-02 
7.544443e-10 -5.038582e-02 
7.548801e-10 -5.007144e-02 
7.553159e-10 -4.971690e-02 
7.557518e-10 -4.932301e-02 
7.561876e-10 -4.889061e-02 
7.566235e-10 -4.842061e-02 
7.570593e-10 -4.791389e-02 
7.574952e-10 -4.737142e-02 
7.579310e-10 -4.679414e-02 
7.583668e-10 -4.618302e-02 
7.588027e-10 -4.553905e-02 
7.592385e-10 -4.486321e-02 
7.596744e-10 -4.415649e-02 
7.601102e-10 -4.341986e-02 
7.605461e-10 -4.265430e-02 
7.609819e-10 -4.186077e-02 
7.614177e-10 -4.104022e-02 
7.618536e-10 -4.019357e-02 
7.622894e-10 -3.932173e-02 
7.627253e-10 -3.842561e-02 
7.631611e-10 -3.750605e-02 
7.635970e-10 -3.656392e-02 
7.640328e-10 -3.560003e-02 
7.644686e-10 -3.461520e-02 
7.649045e-10 -3.361019e-02 
7.653403e-10 -3.258578e-02 
7.657762e-10 -3.154271e-02 
7.662120e-10 -3.048170e-02 
7.666479e-10 -2.940347e-02 
7.670837e-10 -2.830873e-02 
7.675195e-10 -2.719816e-02 
7.679554e-10 -2.607245e-02 
7.683912e-10 -2.493230e-02 
7.688271e-10 -2.377839e-02 
7.692629e-10 -2.261142e-02 
7.696988e-10 -2.143208e-02 
7.701346e-10 -2.024108e-02 
7.705705e-10 -1.903915e-02 
7.710063e-10 -1.782704e-02 
7.714421e-10 -1.660551e-02 
7.718780e-10 -1.537535e-02 
7.723138e-10 -1.413737e-02 
7.727497e-10 -1.289241e-02 
7.731855e-10 -1.164134e-02 
7.736214e-10 -1.038505e-02 
7.740572e-10 -9.124492e-03 
7.744930e-10 -7.860616e-03 
7.749289e-10 -6.594420e-03 
7.753647e-10 -5.326929e-03 
7.758006e-10 -4.059201e-03 
7.762364e-10 -2.792321e-03 
7.766723e-10 -1.527401e-03 
7.771081e-10 -2.655780e-04 
7.775439e-10 9.919889e-04 
7.779798e-10 2.244123e-03 
7.784156e-10 3.489630e-03 
7.788515e-10 4.727309e-03 
7.792873e-10 5.955949e-03 
7.797232e-10 7.174337e-03 
7.801590e-10 8.381264e-03 
7.805948e-10 9.575528e-03 
7.810307e-10 1.075594e-02 
7.814665e-10 1.192132e-02 
7.819024e-10 1.307054e-02 
7.823382e-10 1.420246e-02 
7.827741e-10 1.531599e-02 
7.832099e-10 1.641010e-02 
7.836457e-10 1.748377e-02 
7.840816e-10 1.853605e-02 
7.845174e-10 1.956603e-02 
7.849533e-10 2.057286e-02 
7.853891e-10 2.155574e-02 
7.858250e-10 2.251395e-02 
7.862608e-10 2.344683e-02 
7.866966e-10 2.435377e-02 
7.871325e-10 2.523425e-02 
7.875683e-10 2.608781e-02 
7.880042e-10 2.691407e-02 
7.884400e-10 2.771269e-02 
7.888759e-10 2.848345e-02 
7.893117e-10 2.922615e-02 
7.897475e-10 2.994069e-02 
7.901834e-10 3.062702e-02 
7.906192e-10 3.128515e-02 
7.910551e-10 3.191517e-02 
7.914909e-10 3.251719e-02 
7.919268e-10 3.309140e-02 
7.923626e-10 3.363804e-02 
7.927984e-10 3.415737e-02 
7.932343e-10 3.464969e-02 
7.936701e-10 3.511536e-02 
7.941060e-10 3.555473e-02 
7.945418e-10 3.596819e-02 
7.949777e-10 3.635615e-02 
7.954135e-10 3.671900e-02 
7.958493e-10 3.705717e-02 
7.962852e-10 3.737108e-02 
7.967210e-10 3.766111e-02 
7.971569e-10 3.792766e-02 
7.975927e-10 3.817110e-02 
7.980286e-10 3.839178e-02 
7.984644e-10 3.859003e-02 
7.989002e-10 3.876612e-02 
7.993361e-10 3.892032e-02 
7.997719e-10 3.905283e-02 
8.002078e-10 3.916384e-02 
8.006436e-10 3.925346e-02 
8.010795e-10 3.932178e-02 
8.015153e-10 3.936885e-02 
8.019511e-10 3.939464e-02 
8.023870e-10 3.939910e-02 
8.028228e-10 3.938213e-02 
8.032587e-10 3.934357e-02 
8.036945e-10 3.928323e-02 
8.041304e-10 3.920088e-02 
8.045662e-10 3.909623e-02 
8.050020e-10 3.896897e-02 
8.054379e-10 3.881876e-02 
8.058737e-10 3.864522e-02 
8.063096e-10 3.844795e-02 
8.067454e-10 3.822653e-02 
8.071813e-10 3.798052e-02 
8.076171e-10 3.770949e-02 
8.080530e-10 3.741298e-02 
8.084888e-10 3.709054e-02 
8.089246e-10 3.674174e-02 
8.093605e-10 3.636613e-02 
8.097963e-10 3.596333e-02 
8.102322e-10 3.553293e-02 
8.106680e-10 3.507458e-02 
8.111039e-10 3.458796e-02 
8.115397e-10 3.407279e-02 
8.119755e-10 3.352884e-02 
8.124114e-10 3.295590e-02 
8.128472e-10 3.235386e-02 
8.132831e-10 3.172264e-02 
8.137189e-10 3.106223e-02 
8.141548e-10 3.037268e-02 
8.145906e-10 2.965410e-02 
8.150264e-10 2.890670e-02 
8.154623e-10 2.813074e-02 
8.158981e-10 2.732655e-02 
8.163340e-10 2.649454e-02 
8.167698e-10 2.563520e-02 
8.172057e-10 2.474909e-02 
8.176415e-10 2.383685e-02 
8.180773e-10 2.289919e-02 
8.185132e-10 2.193689e-02 
8.189490e-10 2.095080e-02 
8.193849e-10 1.994185e-02 
8.198207e-10 1.891102e-02 
8.202566e-10 1.785937e-02 
8.206924e-10 1.678801e-02 
8.211282e-10 1.569812e-02 
8.215641e-10 1.459091e-02 
8.219999e-10 1.346766e-02 
8.224358e-10 1.232970e-02 
8.228716e-10 1.117840e-02 
8.233075e-10 1.001516e-02 
8.237433e-10 8.841417e-03 
8.241791e-10 7.658659e-03 
8.246150e-10 6.468385e-03 
8.250508e-10 5.272125e-03 
8.254867e-10 4.071432e-03 
8.259225e-10 2.867874e-03 
8.263584e-10 1.663038e-03 
8.267942e-10 4.585220e-04 
8.272300e-10 -7.440650e-04 
8.276659e-10 -1.943107e-03 
8.281017e-10 -3.136984e-03 
8.285376e-10 -4.324070e-03 
8.289734e-10 -5.502739e-03 
8.294093e-10 -6.671366e-03 
8.298451e-10 -7.828327e-03 
8.302809e-10 -8.972001e-03 
8.307168e-10 -1.010077e-02 
8.311526e-10 -1.121302e-02 
8.315885e-10 -1.230715e-02 
8.320243e-10 -1.338156e-02 
8.324602e-10 -1.443465e-02 
8.328960e-10 -1.546485e-02 
8.333318e-10 -1.647057e-02 
8.337677e-10 -1.745025e-02 
8.342035e-10 -1.840234e-02 
8.346394e-10 -1.932528e-02 
8.350752e-10 -2.021757e-02 
8.355111e-10 -2.107766e-02 
8.359469e-10 -2.190407e-02 
8.363827e-10 -2.269531e-02 
8.368186e-10 -2.344992e-02 
8.372544e-10 -2.416645e-02 
8.376903e-10 -2.484348e-02 
8.381261e-10 -2.547963e-02 
8.385620e-10 -2.607353e-02 
8.389978e-10 -2.662385e-02 
8.394336e-10 -2.712931e-02 
8.398695e-10 -2.758866e-02 
8.403053e-10 -2.800069e-02 
8.407412e-10 -2.836424e-02 
8.411770e-10 -2.867823e-02 
8.416129e-10 -2.894162e-02 
8.420487e-10 -2.915343e-02 
8.424845e-10 -2.931275e-02 
8.429204e-10 -2.941877e-02 
8.433562e-10 -2.947073e-02 
8.437921e-10 -2.946799e-02 
8.442279e-10 -2.940996e-02 
8.446638e-10 -2.929617e-02 
8.450996e-10 -2.912626e-02 
8.455354e-10 -2.889996e-02 
8.459713e-10 -2.861712e-02 
8.464071e-10 -2.827769e-02 
8.468430e-10 -2.788176e-02 
8.472788e-10 -2.742953e-02 
8.477147e-10 -2.692132e-02 
8.481505e-10 -2.635758e-02 
8.485864e-10 -2.573889e-02 
8.490222e-10 -2.506596e-02 
8.494580e-10 -2.433964e-02 
8.498939e-10 -2.356088e-02 
8.503297e-10 -2.273080e-02 
8.507656e-10 -2.185062e-02 
8.512014e-10 -2.092168e-02 
8.516373e-10 -1.994548e-02 
8.520731e-10 -1.892359e-02 
8.525089e-10 -1.785774e-02 
8.529448e-10 -1.674976e-02 
8.533806e-10 -1.560156e-02 
8.538165e-10 -1.441518e-02 
8.542523e-10 -1.319275e-02 
8.546882e-10 -1.193648e-02 
8.551240e-10 -1.064867e-02 
8.555598e-10 -9.331669e-03 
8.559957e-10 -7.987923e-03 
8.564315e-10 -6.619919e-03 
8.568674e-10 -5.230195e-03 
8.573032e-10 -3.821332e-03 
8.577391e-10 -2.395939e-03 
8.581749e-10 -9.566544e-04 
8.586107e-10 4.938725e-04 
8.590466e-10 1.952983e-03 
8.594824e-10 3.418022e-03 
8.599183e-10 4.886339e-03 
8.603541e-10 6.355306e-03 
8.607900e-10 7.822315e-03 
8.612258e-10 9.284791e-03 
8.616616e-10 1.074020e-02 
8.620975e-10 1.218604e-02 
8.625333e-10 1.361988e-02 
8.629692e-10 1.503932e-02 
8.634050e-10 1.644204e-02 
8.638409e-10 1.782578e-02 
8.642767e-10 1.918834e-02 
8.647125e-10 2.052759e-02 
8.651484e-10 2.184149e-02 
8.655842e-10 2.312807e-02 
8.660201e-10 2.438544e-02 
8.664559e-10 2.561177e-02 
8.668918e-10 2.680533e-02 
8.673276e-10 2.796448e-02 
8.677634e-10 2.908765e-02 
8.681993e-10 3.017334e-02 
8.686351e-10 3.122015e-02 
8.690710e-10 3.222675e-02 
8.695068e-10 3.319190e-02 
8.699427e-10 3.411443e-02 
8.703785e-10 3.499324e-02 
8.708143e-10 3.582734e-02 
8.712502e-10 3.661577e-02 
8.716860e-10 3.735768e-02 
8.721219e-10 3.805228e-02 
8.725577e-10 3.869886e-02 
8.729936e-10 3.929676e-02 
8.734294e-10 3.984544e-02 
8.738652e-10 4.034437e-02 
8.743011e-10 4.079314e-02 
8.747369e-10 4.119140e-02 
8.751728e-10 4.153886e-02 
8.756086e-10 4.183532e-02 
8.760445e-10 4.208064e-02 
8.764803e-10 4.227476e-02 
8.769161e-10 4.241771e-02 
8.773520e-10 4.250958e-02 
8.777878e-10 4.255056e-02 
8.782237e-10 4.254092e-02 
8.786595e-10 4.248100e-02 
8.790954e-10 4.237125e-02 
8.795312e-10 4.221221e-02 
8.799670e-10 4.200450e-02 
8.804029e-10 4.174884e-02 
8.808387e-10 4.144606e-02 
8.812746e-10 4.109710e-02 
8.817104e-10 4.070298e-02 
8.821463e-10 4.026483e-02 
8.825821e-10 3.978392e-02 
8.830179e-10 3.926160e-02 
8.834538e-10 3.869933e-02 
8.838896e-10 3.809870e-02 
8.843255e-10 3.746141e-02 
8.847613e-10 3.678924e-02 
8.851972e-10 3.608413e-02 
8.856330e-10 3.534810e-02 
8.860688e-10 3.458327e-02 
8.865047e-10 3.379188e-02 
8.869405e-10 3.297626e-02 
8.873764e-10 3.213884e-02 
8.878122e-10 3.128214e-02 
8.882481e-10 3.040876e-02 
8.886839e-10 2.952139e-02 
8.891198e-10 2.862277e-02 
8.895556e-10 2.771573e-02 
8.899914e-10 2.680311e-02 
8.904273e-10 2.588784e-02 
8.908631e-10 2.497286e-02 
8.912990e-10 2.406114e-02 
8.917348e-10 2.315566e-02 
8.921707e-10 2.225942e-02 
8.926065e-10 2.137537e-02 
8.930423e-10 2.050649e-02 
8.934782e-10 1.965568e-02 
8.939140e-10 1.882583e-02 
8.943499e-10 1.801976e-02 
8.947857e-10 1.724021e-02 
8.952216e-10 1.648985e-02 
8.956574e-10 1.577126e-02 
8.960932e-10 1.508692e-02 
8.965291e-10 1.443917e-02 
8.969649e-10 1.383027e-02 
8.974008e-10 1.326230e-02 
8.978366e-10 1.273722e-02 
8.982725e-10 1.225683e-02 
8.987083e-10 1.182280e-02 
8.991441e-10 1.143658e-02 
8.995800e-10 1.109950e-02 
9.000158e-10 1.081268e-02 
9.004517e-10 1.057708e-02 
9.008875e-10 1.039348e-02 
9.013234e-10 1.026245e-02 
9.017592e-10 1.018439e-02 
9.021950e-10 1.015953e-02 
9.026309e-10 1.018789e-02 
9.030667e-10 1.026933e-02 
9.035026e-10 1.040352e-02 
9.039384e-10 1.058995e-02 
9.043743e-10 1.082796e-02 
9.048101e-10 1.111671e-02 
9.052459e-10 1.145521e-02 
9.056818e-10 1.184232e-02 
9.061176e-10 1.227677e-02 
9.065535e-10 1.275713e-02 
9.069893e-10 1.328187e-02 
9.074252e-10 1.384933e-02 
9.078610e-10 1.445777e-02 
9.082968e-10 1.510533e-02 
9.087327e-10 1.579008e-02 
9.091685e-10 1.651000e-02 
9.096044e-10 1.726303e-02 
9.100402e-10 1.804703e-02 
9.104761e-10 1.885983e-02 
9.109119e-10 1.969922e-02 
9.113477e-10 2.056298e-02 
9.117836e-10 2.144885e-02 
9.122194e-10 2.235457e-02 
9.126553e-10 2.327789e-02 
9.130911e-10 2.421655e-02 
9.135270e-10 2.516831e-02 
9.139628e-10 2.613096e-02 
9.143986e-10 2.710229e-02 
9.148345e-10 2.808015e-02 
9.152703e-10 2.906241e-02 
9.157062e-10 3.004697e-02 
9.161420e-10 3.103179e-02 
9.165779e-10 3.201484e-02 
9.170137e-10 3.299418e-02 
9.174495e-10 3.396788e-02 
9.178854e-10 3.493407e-02 
9.183212e-10 3.589093e-02 
9.187571e-10 3.683668e-02 
9.191929e-10 3.776959e-02 
9.196288e-10 3.868799e-02 
9.200646e-10 3.959022e-02 
9.205004e-10 4.047470e-02 
9.209363e-10 4.133987e-02 
9.213721e-10 4.218423e-02 
9.218080e-10 4.300629e-02 
9.222438e-10 4.380463e-02 
9.226797e-10 4.457785e-02 
9.231155e-10 4.532459e-02 
9.235513e-10 4.604352e-02 
9.239872e-10 4.673336e-02 
9.244230e-10 4.739284e-02 
9.248589e-10 4.802075e-02 
9.252947e-10 4.861590e-02 
9.257306e-10 4.917712e-02 
9.261664e-10 4.970332e-02 
9.266023e-10 5.019339e-02 
9.270381e-10 5.064631e-02 
9.274739e-10 5.106107e-02 
9.279098e-10 5.143671e-02 
9.283456e-10 5.177232e-02 
9.287815e-10 5.206702e-02 
9.292173e-10 5.232000e-02 
9.296532e-10 5.253051e-02 
9.300890e-10 5.269782e-02 
9.305248e-10 5.282131e-02 
9.309607e-10 5.290037e-02 
9.313965e-10 5.293450e-02 
9.318324e-10 5.292326e-02 
9.322682e-10 5.286626e-02 
9.327041e-10 5.276322e-02 
9.331399e-10 5.261391e-02 
9.335757e-10 5.241820e-02 
9.340116e-10 5.217604e-02 
9.344474e-10 5.188747e-02 
9.348833e-10 5.155260e-02 
9.353191e-10 5.117165e-02 
9.357550e-10 5.074492e-02 
9.361908e-10 5.027280e-02 
9.366266e-10 4.975577e-02 
9.370625e-10 4.919440e-02 
9.374983e-10 4.858935e-02 
9.379342e-10 4.794135e-02 
9.383700e-10 4.725124e-02 
9.388059e-10 4.651993e-02 
9.392417e-10 4.574840e-02 
9.396775e-10 4.493772e-02 
9.401134e-10 4.408901e-02 
9.405492e-10 4.320349e-02 
9.409851e-10 4.228241e-02 
9.414209e-10 4.132709e-02 
9.418568e-10 4.033890e-02 
9.422926e-10 3.931926e-02 
9.427284e-10 3.826964e-02 
9.431643e-10 3.719152e-02 
9.436001e-10 3.608642e-02 
9.440360e-10 3.495591e-02 
9.444718e-10 3.380153e-02 
9.449077e-10 3.262487e-02 
9.453435e-10 3.142750e-02 
9.457793e-10 3.021102e-02 
9.462152e-10 2.897699e-02 
9.466510e-10 2.772699e-02 
9.470869e-10 2.646257e-02 
9.475227e-10 2.518526e-02 
9.479586e-10 2.389657e-02 
9.483944e-10 2.259798e-02 
9.488302e-10 2.129094e-02 
9.492661e-10 1.997688e-02 
9.497019e-10 1.865716e-02 
9.501378e-10 1.733313e-02 
9.505736e-10 1.600609e-02 
9.510095e-10 1.467730e-02 
9.514453e-10 1.334796e-02 
9.518811e-10 1.201926e-02 
9.523170e-10 1.069231e-02 
9.527528e-10 9.368209e-03 
9.531887e-10 8.047987e-03 
9.536245e-10 6.732650e-03 
9.540604e-10 5.423158e-03 
9.544962e-10 4.120435e-03 
9.549320e-10 2.825370e-03 
9.553679e-10 1.538816e-03 
9.558037e-10 2.615990e-04 
9.562396e-10 -1.005484e-03 
9.566754e-10 -2.261660e-03 
9.571113e-10 -3.506179e-03 
9.575471e-10 -4.738306e-03 
9.579829e-10 -5.957325e-03 
9.584188e-10 -7.162528e-03 
9.588546e-10 -8.353219e-03 
9.592905e-10 -9.528707e-03 
9.597263e-10 -1.068830e-02 
9.601622e-10 -1.183132e-02 
9.605980e-10 -1.295706e-02 
9.610338e-10 -1.406484e-02 
9.614697e-10 -1.515396e-02 
9.619055e-10 -1.622371e-02 
9.623414e-10 -1.727337e-02 
9.627772e-10 -1.830222e-02 
9.632131e-10 -1.930953e-02 
9.636489e-10 -2.029455e-02 
9.640847e-10 -2.125654e-02 
9.645206e-10 -2.219473e-02 
9.649564e-10 -2.310836e-02 
9.653923e-10 -2.399666e-02 
9.658281e-10 -2.485886e-02 
9.662640e-10 -2.569419e-02 
9.666998e-10 -2.650189e-02 
9.671357e-10 -2.728119e-02 
9.675715e-10 -2.803135e-02 
9.680073e-10 -2.875163e-02 
9.684432e-10 -2.944133e-02 
9.688790e-10 -3.009974e-02 
9.693149e-10 -3.072621e-02 
9.697507e-10 -3.132010e-02 
9.701866e-10 -3.188083e-02 
9.706224e-10 -3.240784e-02 
9.710582e-10 -3.290062e-02 
9.714941e-10 -3.335872e-02 
9.719299e-10 -3.378174e-02 
9.723658e-10 -3.416933e-02 
9.728016e-10 -3.452121e-02 
9.732375e-10 -3.483716e-02 
9.736733e-10 -3.511704e-02 
9.741091e-10 -3.536077e-02 
9.745450e-10 -3.556833e-02 
9.749808e-10 -3.573980e-02 
9.754167e-10 -3.587531e-02 
9.758525e-10 -3.597508e-02 
9.762884e-10 -3.603940e-02 
9.767242e-10 -3.606862e-02 
9.771600e-10 -3.606319e-02 
9.775959e-10 -3.602360e-02 
9.780317e-10 -3.595044e-02 
9.784676e-10 -3.584432e-02 
9.789034e-10 -3.570595e-02 
9.793393e-10 -3.553609e-02 
9.797751e-10 -3.533554e-02 
9.802109e-10 -3.510515e-02 
9.806468e-10 -3.484581e-02 
9.810826e-10 -3.455847e-02 
9.815185e-10 -3.424409e-02 
9.819543e-10 -3.390366e-02 
9.823902e-10 -3.353819e-02 
9.828260e-10 -3.314871e-02 
9.832618e-10 -3.273624e-02 
9.836977e-10 -3.230183e-02 
9.841335e-10 -3.184649e-02 
9.845694e-10 -3.137126e-02 
9.850052e-10 -3.087714e-02 
9.854411e-10 -3.036511e-02 
9.858769e-10 -2.983612e-02 
9.863127e-10 -2.929112e-02 
9.867486e-10 -2.873099e-02 
9.871844e-10 -2.815660e-02 
9.876203e-10 -2.756874e-02 
9.880561e-10 -2.696821e-02 
9.884920e-10 -2.635571e-02 
9.889278e-10 -2.573193e-02 
9.893636e-10 -2.509749e-02 
9.897995e-10 -2.445296e-02 
9.902353e-10 -2.379888e-02 
9.906712e-10 -2.313572e-02 
9.911070e-10 -2.246389e-02 
9.915429e-10 -2.178377e-02 
9.919787e-10 -2.109569e-02 
9.924145e-10 -2.039994e-02 
9.928504e-10 -1.969675e-02 
9.932862e-10 -1.898633e-02 
9.937221e-10 -1.826883e-02 
9.941579e-10 -1.754439e-02 
9.945938e-10 -1.681311e-02 
9.950296e-10 -1.607507e-02 
9.954654e-10 -1.533033e-02 
9.959013e-10 -1.457893e-02 
9.963371e-10 -1.382090e-02 
9.967730e-10 -1.305627e-02 
9.972088e-10 -1.228506e-02 
9.976447e-10 -1.150732e-02 
9.980805e-10 -1.072306e-02 
9.985163e-10 -9.932362e-03 
9.989522e-10 -9.135289e-03 
9.993880e-10 -8.331947e-03 
