0 0 
4.358430e-13 0 
8.716860e-13 0 
1.307529e-12 0 
1.743372e-12 0 
2.179215e-12 0 
2.615058e-12 0 
3.050901e-12 0 
3.486744e-12 0 
3.922587e-12 0 
4.358430e-12 0 
4.794273e-12 0 
5.230116e-12 0 
5.665959e-12 0 
6.101802e-12 0 
6.537645e-12 0 
6.973488e-12 0 
7.409331e-12 0 
7.845174e-12 0 
8.281017e-12 0 
8.716860e-12 0 
9.152703e-12 0 
9.588546e-12 0 
1.002439e-11 0 
1.046023e-11 0 
1.089608e-11 0 
1.133192e-11 0 
1.176776e-11 0 
1.220360e-11 0 
1.263945e-11 0 
1.307529e-11 0 
1.351113e-11 0 
1.394698e-11 0 
1.438282e-11 0 
1.481866e-11 0 
1.525451e-11 0 
1.569035e-11 0 
1.612619e-11 0 
1.656203e-11 0 
1.699788e-11 0 
1.743372e-11 0 
1.786956e-11 0 
1.830541e-11 0 
1.874125e-11 0 
1.917709e-11 0 
1.961294e-11 0 
2.004878e-11 0 
2.048462e-11 0 
2.092046e-11 0 
2.135631e-11 0 
2.179215e-11 0 
2.222799e-11 0 
2.266384e-11 0 
2.309968e-11 0 
2.353552e-11 0 
2.397137e-11 0 
2.440721e-11 0 
2.484305e-11 0 
2.527889e-11 0 
2.571474e-11 0 
2.615058e-11 0 
2.658642e-11 0 
2.702227e-11 0 
2.745811e-11 0 
2.789395e-11 0 
2.832980e-11 0 
2.876564e-11 0 
2.920148e-11 0 
2.963733e-11 0 
3.007317e-11 0 
3.050901e-11 0 
3.094485e-11 0 
3.138070e-11 0 
3.181654e-11 0 
3.225238e-11 0 
3.268823e-11 0 
3.312407e-11 0 
3.355991e-11 0 
3.399576e-11 0 
3.443160e-11 0 
3.486744e-11 0 
3.530328e-11 0 
3.573913e-11 0 
3.617497e-11 0 
3.661081e-11 0 
3.704666e-11 0 
3.748250e-11 0 
3.791834e-11 0 
3.835419e-11 0 
3.879003e-11 0 
3.922587e-11 0 
3.966171e-11 0 
4.009756e-11 0 
4.053340e-11 0 
4.096924e-11 0 
4.140509e-11 0 
4.184093e-11 0 
4.227677e-11 0 
4.271262e-11 0 
4.314846e-11 0 
4.358430e-11 0 
4.402014e-11 0 
4.445599e-11 4.124645e-141 
4.489183e-11 7.965144e-139 
4.532767e-11 3.968893e-44 
4.576352e-11 1.755117e-42 
4.619936e-11 5.827974e-41 
4.663520e-11 1.235646e-39 
4.707105e-11 2.115246e-38 
4.750689e-11 2.885258e-37 
4.794273e-11 3.345865e-36 
4.837857e-11 3.332999e-35 
4.881442e-11 2.922068e-34 
4.925026e-11 2.281579e-33 
4.968610e-11 1.605999e-32 
5.012195e-11 1.028471e-31 
5.055779e-11 6.039370e-31 
5.099363e-11 3.273692e-30 
5.142948e-11 1.647465e-29 
5.186532e-11 7.735641e-29 
5.230116e-11 3.403931e-28 
5.273700e-11 1.409140e-27 
5.317285e-11 5.507012e-27 
5.360869e-11 2.038022e-26 
5.404453e-11 7.162087e-26 
5.448038e-11 2.396057e-25 
5.491622e-11 7.648356e-25 
5.535206e-11 2.334261e-24 
5.578791e-11 6.824308e-24 
5.622375e-11 1.914447e-23 
5.665959e-11 5.161669e-23 
5.709543e-11 1.339463e-22 
5.753128e-11 3.350028e-22 
5.796712e-11 8.085098e-22 
5.840296e-11 1.885148e-21 
5.883881e-11 4.251102e-21 
5.927465e-11 9.281058e-21 
5.971049e-11 1.963604e-20 
6.014634e-11 4.029688e-20 
6.058218e-11 8.028494e-20 
6.101802e-11 1.554223e-19 
6.145387e-11 2.925978e-19 
6.188971e-11 5.361213e-19 
6.232555e-11 9.568466e-19 
6.276139e-11 1.664800e-18 
6.319724e-11 2.826046e-18 
6.363308e-11 4.684434e-18 
6.406892e-11 7.588727e-18 
6.450477e-11 1.202543e-17 
6.494061e-11 1.865748e-17 
6.537645e-11 2.836906e-17 
6.581230e-11 4.231702e-17 
6.624814e-11 6.199017e-17 
6.668398e-11 8.927902e-17 
6.711982e-11 1.265601e-16 
6.755567e-11 1.768020e-16 
6.799151e-11 2.437014e-16 
6.842735e-11 3.318629e-16 
6.886320e-11 4.470372e-16 
6.929904e-11 5.964362e-16 
6.973488e-11 7.891480e-16 
7.017073e-11 1.036676e-15 
7.060657e-11 1.353634e-15 
7.104241e-11 1.758627e-15 
7.147825e-11 2.275361e-15 
7.191410e-11 2.934036e-15 
7.234994e-11 3.773072e-15 
7.278578e-11 4.841246e-15 
7.322163e-11 6.200342e-15 
7.365747e-11 7.928413e-15 
7.409331e-11 1.012382e-14 
7.452916e-11 1.291020e-14 
7.496500e-11 1.644263e-14 
7.540084e-11 2.091523e-14 
7.583668e-11 2.657052e-14 
7.627253e-11 3.371096e-14 
7.670837e-11 4.271320e-14 
7.714421e-11 5.404557e-14 
7.758006e-11 6.828950e-14 
7.801590e-11 8.616579e-14 
7.845174e-11 1.085668e-13 
7.888759e-11 1.365953e-13 
7.932343e-11 1.716126e-13 
7.975927e-11 2.152961e-13 
8.019511e-11 2.697095e-13 
8.063096e-11 3.373878e-13 
8.106680e-11 4.214399e-13 
8.150264e-11 5.256725e-13 
8.193849e-11 6.547390e-13 
8.237433e-11 8.143187e-13 
8.281017e-11 1.011331e-12 
8.324602e-11 1.254195e-12 
8.368186e-11 1.553133e-12 
8.411770e-11 1.920542e-12 
8.455354e-11 2.371428e-12 
8.498939e-11 2.923929e-12 
8.542523e-11 3.599927e-12 
8.586107e-11 4.425787e-12 
8.629692e-11 5.433213e-12 
8.673276e-11 6.660274e-12 
8.716860e-11 8.152607e-12 
8.760445e-11 9.964825e-12 
8.804029e-11 1.216218e-11 
8.847613e-11 1.482250e-11 
8.891198e-11 1.803848e-11 
8.934782e-11 2.192029e-11 
8.978366e-11 2.659871e-11 
9.021950e-11 3.222869e-11 
9.065535e-11 3.899351e-11 
9.109119e-11 4.710959e-11 
9.152703e-11 5.683207e-11 
9.196288e-11 6.846121e-11 
9.239872e-11 8.234978e-11 
9.283456e-11 9.891153e-11 
9.327041e-11 1.186309e-10 
9.370625e-11 1.420741e-10 
9.414209e-11 1.699017e-10 
9.457793e-11 2.028834e-10 
9.501378e-11 2.419139e-10 
9.544962e-11 2.880318e-10 
9.588546e-11 3.424406e-10 
9.632131e-11 4.065322e-10 
9.675715e-11 4.819139e-10 
9.719299e-11 5.704380e-10 
9.762884e-11 6.742360e-10 
9.806468e-11 7.957554e-10 
9.850052e-11 9.378023e-10 
9.893636e-11 1.103588e-09 
9.937221e-11 1.296779e-09 
9.980805e-11 1.521560e-09 
1.002439e-10 1.782687e-09 
1.006797e-10 2.085570e-09 
1.011156e-10 2.436338e-09 
1.015514e-10 2.841930e-09 
1.019873e-10 3.310184e-09 
1.024231e-10 3.849940e-09 
1.028590e-10 4.471144e-09 
1.032948e-10 5.184969e-09 
1.037306e-10 6.003943e-09 
1.041665e-10 6.942085e-09 
1.046023e-10 8.015049e-09 
1.050382e-10 9.240289e-09 
1.054740e-10 1.063722e-08 
1.059099e-10 1.222740e-08 
1.063457e-10 1.403472e-08 
1.067815e-10 1.608559e-08 
1.072174e-10 1.840919e-08 
1.076532e-10 2.103763e-08 
1.080891e-10 2.400623e-08 
1.085249e-10 2.735374e-08 
1.089608e-10 3.112259e-08 
1.093966e-10 3.535912e-08 
1.098324e-10 4.011389e-08 
1.102683e-10 4.544191e-08 
1.107041e-10 5.140293e-08 
1.111400e-10 5.806170e-08 
1.115758e-10 6.548826e-08 
1.120117e-10 7.375821e-08 
1.124475e-10 8.295298e-08 
1.128833e-10 9.316014e-08 
1.133192e-10 1.044736e-07 
1.137550e-10 1.169940e-07 
1.141909e-10 1.308288e-07 
1.146267e-10 1.460926e-07 
1.150626e-10 1.629075e-07 
1.154984e-10 1.814034e-07 
1.159342e-10 2.017177e-07 
1.163701e-10 2.239963e-07 
1.168059e-10 2.483934e-07 
1.172418e-10 2.750716e-07 
1.176776e-10 3.042026e-07 
1.181135e-10 3.359671e-07 
1.185493e-10 3.705552e-07 
1.189851e-10 4.081667e-07 
1.194210e-10 4.490116e-07 
1.198568e-10 4.933103e-07 
1.202927e-10 5.412940e-07 
1.207285e-10 5.932057e-07 
1.211644e-10 6.493004e-07 
1.216002e-10 7.098462e-07 
1.220360e-10 7.751252e-07 
1.224719e-10 8.454345e-07 
1.229077e-10 9.210879e-07 
1.233436e-10 1.002417e-06 
1.237794e-10 1.089774e-06 
1.242153e-10 1.183532e-06 
1.246511e-10 1.284090e-06 
1.250869e-10 1.391874e-06 
1.255228e-10 1.507343e-06 
1.259586e-10 1.630988e-06 
1.263945e-10 1.763343e-06 
1.268303e-10 1.904984e-06 
1.272662e-10 2.056539e-06 
1.277020e-10 2.218692e-06 
1.281378e-10 2.392191e-06 
1.285737e-10 2.577858e-06 
1.290095e-10 2.776594e-06 
1.294454e-10 2.989391e-06 
1.298812e-10 3.217342e-06 
1.303171e-10 3.461654e-06 
1.307529e-10 3.723658e-06 
1.311887e-10 4.004825e-06 
1.316246e-10 4.306779e-06 
1.320604e-10 4.631312e-06 
1.324963e-10 4.980402e-06 
1.329321e-10 5.356230e-06 
1.333680e-10 5.761198e-06 
1.338038e-10 6.197947e-06 
1.342396e-10 6.669377e-06 
1.346755e-10 7.178670e-06 
1.351113e-10 7.729307e-06 
1.355472e-10 8.325091e-06 
1.359830e-10 8.970169e-06 
1.364189e-10 9.669051e-06 
1.368547e-10 1.042663e-05 
1.372905e-10 1.124821e-05 
1.377264e-10 1.213952e-05 
1.381622e-10 1.310673e-05 
1.385981e-10 1.415646e-05 
1.390339e-10 1.529583e-05 
1.394698e-10 1.653242e-05 
1.399056e-10 1.787433e-05 
1.403415e-10 1.933017e-05 
1.407773e-10 2.090904e-05 
1.412131e-10 2.262056e-05 
1.416490e-10 2.447487e-05 
1.420848e-10 2.648259e-05 
1.425207e-10 2.865483e-05 
1.429565e-10 3.100316e-05 
1.433924e-10 3.353960e-05 
1.438282e-10 3.627655e-05 
1.442640e-10 3.922679e-05 
1.446999e-10 4.240342e-05 
1.451357e-10 4.581978e-05 
1.455716e-10 4.948942e-05 
1.460074e-10 5.342600e-05 
1.464433e-10 5.764323e-05 
1.468791e-10 6.215476e-05 
1.473149e-10 6.697409e-05 
1.477508e-10 7.211444e-05 
1.481866e-10 7.758867e-05 
1.486225e-10 8.340912e-05 
1.490583e-10 8.958745e-05 
1.494942e-10 9.613455e-05 
1.499300e-10 1.030603e-04 
1.503658e-10 1.103736e-04 
1.508017e-10 1.180818e-04 
1.512375e-10 1.261911e-04 
1.516734e-10 1.347057e-04 
1.521092e-10 1.436281e-04 
1.525451e-10 1.529588e-04 
1.529809e-10 1.626960e-04 
1.534167e-10 1.728354e-04 
1.538526e-10 1.833701e-04 
1.542884e-10 1.942904e-04 
1.547243e-10 2.055834e-04 
1.551601e-10 2.172330e-04 
1.555960e-10 2.292197e-04 
1.560318e-10 2.415205e-04 
1.564676e-10 2.541084e-04 
1.569035e-10 2.669526e-04 
1.573393e-10 2.800182e-04 
1.577752e-10 2.932660e-04 
1.582110e-10 3.066527e-04 
1.586469e-10 3.201303e-04 
1.590827e-10 3.336467e-04 
1.595185e-10 3.471449e-04 
1.599544e-10 3.605637e-04 
1.603902e-10 3.738372e-04 
1.608261e-10 3.868953e-04 
1.612619e-10 3.996631e-04 
1.616978e-10 4.120618e-04 
1.621336e-10 4.240084e-04 
1.625694e-10 4.354160e-04 
1.630053e-10 4.461937e-04 
1.634411e-10 4.562475e-04 
1.638770e-10 4.654801e-04 
1.643128e-10 4.737914e-04 
1.647487e-10 4.810787e-04 
1.651845e-10 4.872374e-04 
1.656203e-10 4.921613e-04 
1.660562e-10 4.957430e-04 
1.664920e-10 4.978744e-04 
1.669279e-10 4.984476e-04 
1.673637e-10 4.973551e-04 
1.677996e-10 4.944903e-04 
1.682354e-10 4.897487e-04 
1.686712e-10 4.830281e-04 
1.691071e-10 4.742292e-04 
1.695429e-10 4.632568e-04 
1.699788e-10 4.500198e-04 
1.704146e-10 4.344325e-04 
1.708505e-10 4.164153e-04 
1.712863e-10 3.958947e-04 
1.717221e-10 3.728050e-04 
1.721580e-10 3.470882e-04 
1.725938e-10 3.186952e-04 
1.730297e-10 2.875862e-04 
1.734655e-10 2.537312e-04 
1.739014e-10 2.171110e-04 
1.743372e-10 1.777177e-04 
1.747730e-10 1.355547e-04 
1.752089e-10 9.063785e-05 
1.756447e-10 4.299566e-05 
1.760806e-10 -7.330501e-06 
1.765164e-10 -6.028586e-05 
1.769523e-10 -1.158021e-04 
1.773881e-10 -1.737970e-04 
1.778240e-10 -2.341745e-04 
1.782598e-10 -2.968247e-04 
1.786956e-10 -3.616234e-04 
1.791315e-10 -4.284328e-04 
1.795673e-10 -4.971013e-04 
1.800032e-10 -5.674639e-04 
1.804390e-10 -6.393423e-04 
1.808749e-10 -7.125457e-04 
1.813107e-10 -7.868708e-04 
1.817465e-10 -8.621029e-04 
1.821824e-10 -9.380161e-04 
1.826182e-10 -1.014374e-03 
1.830541e-10 -1.090931e-03 
1.834899e-10 -1.167433e-03 
1.839258e-10 -1.243618e-03 
1.843616e-10 -1.319216e-03 
1.847974e-10 -1.393953e-03 
1.852333e-10 -1.467550e-03 
1.856691e-10 -1.539724e-03 
1.861050e-10 -1.610190e-03 
1.865408e-10 -1.678661e-03 
1.869767e-10 -1.744852e-03 
1.874125e-10 -1.808479e-03 
1.878483e-10 -1.869258e-03 
1.882842e-10 -1.926913e-03 
1.887200e-10 -1.981171e-03 
1.891559e-10 -2.031767e-03 
1.895917e-10 -2.078441e-03 
1.900276e-10 -2.120947e-03 
1.904634e-10 -2.159044e-03 
1.908992e-10 -2.192507e-03 
1.913351e-10 -2.221122e-03 
1.917709e-10 -2.244688e-03 
1.922068e-10 -2.263020e-03 
1.926426e-10 -2.275949e-03 
1.930785e-10 -2.283322e-03 
1.935143e-10 -2.285005e-03 
1.939501e-10 -2.280882e-03 
1.943860e-10 -2.270854e-03 
1.948218e-10 -2.254845e-03 
1.952577e-10 -2.232797e-03 
1.956935e-10 -2.204674e-03 
1.961294e-10 -2.170460e-03 
1.965652e-10 -2.130161e-03 
1.970010e-10 -2.083802e-03 
1.974369e-10 -2.031432e-03 
1.978727e-10 -1.973119e-03 
1.983086e-10 -1.908955e-03 
1.987444e-10 -1.839049e-03 
1.991803e-10 -1.763531e-03 
1.996161e-10 -1.682553e-03 
2.000519e-10 -1.596284e-03 
2.004878e-10 -1.504911e-03 
2.009236e-10 -1.408640e-03 
2.013595e-10 -1.307692e-03 
2.017953e-10 -1.202305e-03 
2.022312e-10 -1.092733e-03 
2.026670e-10 -9.792391e-04 
2.031028e-10 -8.621029e-04 
2.035387e-10 -7.416133e-04 
2.039745e-10 -6.180694e-04 
2.044104e-10 -4.917785e-04 
2.048462e-10 -3.630551e-04 
2.052821e-10 -2.322194e-04 
2.057179e-10 -9.959572e-05 
2.061537e-10 3.448892e-05 
2.065896e-10 1.697062e-04 
2.070254e-10 3.057280e-04 
2.074613e-10 4.422281e-04 
2.078971e-10 5.788832e-04 
2.083330e-10 7.153747e-04 
2.087688e-10 8.513904e-04 
2.092046e-10 9.866252e-04 
2.096405e-10 1.120783e-03 
2.100763e-10 1.253578e-03 
2.105122e-10 1.384736e-03 
2.109480e-10 1.513995e-03 
2.113839e-10 1.641108e-03 
2.118197e-10 1.765842e-03 
2.122555e-10 1.887981e-03 
2.126914e-10 2.007325e-03 
2.131272e-10 2.123693e-03 
2.135631e-10 2.236924e-03 
2.139989e-10 2.346874e-03 
2.144348e-10 2.453422e-03 
2.148706e-10 2.556467e-03 
2.153064e-10 2.655930e-03 
2.157423e-10 2.751754e-03 
2.161781e-10 2.843905e-03 
2.166140e-10 2.932372e-03 
2.170498e-10 3.017166e-03 
2.174857e-10 3.098323e-03 
2.179215e-10 3.175902e-03 
2.183574e-10 3.249986e-03 
2.187932e-10 3.320679e-03 
2.192290e-10 3.388113e-03 
2.196649e-10 3.452440e-03 
2.201007e-10 3.513835e-03 
2.205366e-10 3.572497e-03 
2.209724e-10 3.628647e-03 
2.214083e-10 3.682528e-03 
2.218441e-10 3.734406e-03 
2.222799e-10 3.784565e-03 
2.227158e-10 3.833312e-03 
2.231516e-10 3.880973e-03 
2.235875e-10 3.927894e-03 
2.240233e-10 3.974438e-03 
2.244592e-10 4.020989e-03 
2.248950e-10 4.067946e-03 
2.253308e-10 4.115724e-03 
2.257667e-10 4.164756e-03 
2.262025e-10 4.215488e-03 
2.266384e-10 4.268382e-03 
2.270742e-10 4.323911e-03 
2.275101e-10 4.382562e-03 
2.279459e-10 4.444835e-03 
2.283817e-10 4.511238e-03 
2.288176e-10 4.582292e-03 
2.292534e-10 4.658525e-03 
2.296893e-10 4.740475e-03 
2.301251e-10 4.828687e-03 
2.305610e-10 4.923712e-03 
2.309968e-10 5.026108e-03 
2.314326e-10 5.136439e-03 
2.318685e-10 5.255271e-03 
2.323043e-10 5.383176e-03 
2.327402e-10 5.520727e-03 
2.331760e-10 5.668501e-03 
2.336119e-10 5.827075e-03 
2.340477e-10 5.997026e-03 
2.344835e-10 6.178933e-03 
2.349194e-10 6.373373e-03 
2.353552e-10 6.580921e-03 
2.357911e-10 6.802152e-03 
2.362269e-10 7.037635e-03 
2.366628e-10 7.287938e-03 
2.370986e-10 7.553624e-03 
2.375344e-10 7.835252e-03 
2.379703e-10 8.133375e-03 
2.384061e-10 8.448540e-03 
2.388420e-10 8.781289e-03 
2.392778e-10 9.132156e-03 
2.397137e-10 9.501667e-03 
2.401495e-10 9.890340e-03 
2.405853e-10 1.029869e-02 
2.410212e-10 1.072721e-02 
2.414570e-10 1.117639e-02 
2.418929e-10 1.164673e-02 
2.423287e-10 1.213868e-02 
2.427646e-10 1.265271e-02 
2.432004e-10 1.318928e-02 
2.436362e-10 1.374882e-02 
2.440721e-10 1.433175e-02 
2.445079e-10 1.493850e-02 
2.449438e-10 1.556947e-02 
2.453796e-10 1.622506e-02 
2.458155e-10 1.690564e-02 
2.462513e-10 1.761158e-02 
2.466871e-10 1.834324e-02 
2.471230e-10 1.910097e-02 
2.475588e-10 1.988511e-02 
2.479947e-10 2.069597e-02 
2.484305e-10 2.153387e-02 
2.488664e-10 2.239912e-02 
2.493022e-10 2.329200e-02 
2.497380e-10 2.421280e-02 
2.501739e-10 2.516181e-02 
2.506097e-10 2.613928e-02 
2.510456e-10 2.714548e-02 
2.514814e-10 2.818067e-02 
2.519173e-10 2.924509e-02 
2.523531e-10 3.033900e-02 
2.527889e-10 3.146264e-02 
2.532248e-10 3.261625e-02 
2.536606e-10 3.380008e-02 
2.540965e-10 3.501437e-02 
2.545323e-10 3.625936e-02 
2.549682e-10 3.753531e-02 
2.554040e-10 3.884247e-02 
2.558398e-10 4.018109e-02 
2.562757e-10 4.155144e-02 
2.567115e-10 4.295379e-02 
2.571474e-10 4.438841e-02 
2.575832e-10 4.585560e-02 
2.580191e-10 4.735564e-02 
2.584549e-10 4.888885e-02 
2.588908e-10 5.045553e-02 
2.593266e-10 5.205600e-02 
2.597624e-10 5.369060e-02 
2.601983e-10 5.535964e-02 
2.606341e-10 5.706349e-02 
2.610700e-10 5.880247e-02 
2.615058e-10 6.057694e-02 
2.619417e-10 6.238724e-02 
2.623775e-10 6.423371e-02 
2.628133e-10 6.611669e-02 
2.632492e-10 6.803650e-02 
2.636850e-10 6.999345e-02 
2.641209e-10 7.198784e-02 
2.645567e-10 7.401994e-02 
2.649926e-10 7.608999e-02 
2.654284e-10 7.819819e-02 
2.658642e-10 8.034472e-02 
2.663001e-10 8.252970e-02 
2.667359e-10 8.475321e-02 
2.671718e-10 8.701527e-02 
2.676076e-10 8.931582e-02 
2.680435e-10 9.165475e-02 
2.684793e-10 9.403188e-02 
2.689151e-10 9.644692e-02 
2.693510e-10 9.889952e-02 
2.697868e-10 1.013892e-01 
2.702227e-10 1.039155e-01 
2.706585e-10 1.064777e-01 
2.710944e-10 1.090750e-01 
2.715302e-10 1.117067e-01 
2.719660e-10 1.143717e-01 
2.724019e-10 1.170689e-01 
2.728377e-10 1.197971e-01 
2.732736e-10 1.225551e-01 
2.737094e-10 1.253414e-01 
2.741453e-10 1.281546e-01 
2.745811e-10 1.309929e-01 
2.750169e-10 1.338547e-01 
2.754528e-10 1.367381e-01 
2.758886e-10 1.396413e-01 
2.763245e-10 1.425623e-01 
2.767603e-10 1.454991e-01 
2.771962e-10 1.484496e-01 
2.776320e-10 1.514117e-01 
2.780678e-10 1.543831e-01 
2.785037e-10 1.573618e-01 
2.789395e-10 1.603456e-01 
2.793754e-10 1.633322e-01 
2.798112e-10 1.663196e-01 
2.802471e-10 1.693056e-01 
2.806829e-10 1.722881e-01 
2.811187e-10 1.752653e-01 
2.815546e-10 1.782351e-01 
2.819904e-10 1.811957e-01 
2.824263e-10 1.841454e-01 
2.828621e-10 1.870824e-01 
2.832980e-10 1.900054e-01 
2.837338e-10 1.929128e-01 
2.841696e-10 1.958034e-01 
2.846055e-10 1.986760e-01 
2.850413e-10 2.015294e-01 
2.854772e-10 2.043627e-01 
2.859130e-10 2.071752e-01 
2.863489e-10 2.099659e-01 
2.867847e-10 2.127342e-01 
2.872205e-10 2.154796e-01 
2.876564e-10 2.182013e-01 
2.880922e-10 2.208990e-01 
2.885281e-10 2.235720e-01 
2.889639e-10 2.262199e-01 
2.893998e-10 2.288421e-01 
2.898356e-10 2.314379e-01 
2.902714e-10 2.340066e-01 
2.907073e-10 2.365474e-01 
2.911431e-10 2.390592e-01 
2.915790e-10 2.415410e-01 
2.920148e-10 2.439913e-01 
2.924507e-10 2.464085e-01 
2.928865e-10 2.487908e-01 
2.933223e-10 2.511359e-01 
2.937582e-10 2.534415e-01 
2.941940e-10 2.557048e-01 
2.946299e-10 2.579225e-01 
2.950657e-10 2.600912e-01 
2.955016e-10 2.622070e-01 
2.959374e-10 2.642656e-01 
2.963733e-10 2.662624e-01 
2.968091e-10 2.681924e-01 
2.972449e-10 2.700502e-01 
2.976808e-10 2.718298e-01 
2.981166e-10 2.735253e-01 
2.985525e-10 2.751301e-01 
2.989883e-10 2.766373e-01 
2.994242e-10 2.780400e-01 
2.998600e-10 2.793307e-01 
3.002958e-10 2.805019e-01 
3.007317e-10 2.815457e-01 
3.011675e-10 2.824542e-01 
3.016034e-10 2.832194e-01 
3.020392e-10 2.838332e-01 
3.024751e-10 2.842874e-01 
3.029109e-10 2.845741e-01 
3.033467e-10 2.846852e-01 
3.037826e-10 2.846128e-01 
3.042184e-10 2.843494e-01 
3.046543e-10 2.838874e-01 
3.050901e-10 2.832198e-01 
3.055260e-10 2.823398e-01 
3.059618e-10 2.812410e-01 
3.063976e-10 2.799174e-01 
3.068335e-10 2.783634e-01 
3.072693e-10 2.765743e-01 
3.077052e-10 2.745453e-01 
3.081410e-10 2.722728e-01 
3.085769e-10 2.697534e-01 
3.090127e-10 2.669846e-01 
3.094485e-10 2.639643e-01 
3.098844e-10 2.606912e-01 
3.103202e-10 2.571647e-01 
3.107561e-10 2.533850e-01 
3.111919e-10 2.493527e-01 
3.116278e-10 2.450693e-01 
3.120636e-10 2.405371e-01 
3.124994e-10 2.357589e-01 
3.129353e-10 2.307382e-01 
3.133711e-10 2.254794e-01 
3.138070e-10 2.199873e-01 
3.142428e-10 2.142676e-01 
3.146787e-10 2.083264e-01 
3.151145e-10 2.021705e-01 
3.155503e-10 1.958074e-01 
3.159862e-10 1.892452e-01 
3.164220e-10 1.824922e-01 
3.168579e-10 1.755577e-01 
3.172937e-10 1.684513e-01 
3.177296e-10 1.611829e-01 
3.181654e-10 1.537632e-01 
3.186012e-10 1.462030e-01 
3.190371e-10 1.385138e-01 
3.194729e-10 1.307072e-01 
3.199088e-10 1.227953e-01 
3.203446e-10 1.147906e-01 
3.207805e-10 1.067056e-01 
3.212163e-10 9.855333e-02 
3.216521e-10 9.034695e-02 
3.220880e-10 8.209980e-02 
3.225238e-10 7.382544e-02 
3.229597e-10 6.553752e-02 
3.233955e-10 5.724985e-02 
3.238314e-10 4.897629e-02 
3.242672e-10 4.073074e-02 
3.247030e-10 3.252714e-02 
3.251389e-10 2.437938e-02 
3.255747e-10 1.630133e-02 
3.260106e-10 8.306751e-03 
3.264464e-10 4.092843e-04 
3.268823e-10 -7.377581e-03 
3.273181e-10 -1.504055e-02 
3.277539e-10 -2.256656e-02 
3.281898e-10 -2.994280e-02 
3.286256e-10 -3.715677e-02 
3.290615e-10 -4.419630e-02 
3.294973e-10 -5.104960e-02 
3.299332e-10 -5.770527e-02 
3.303690e-10 -6.415237e-02 
3.308048e-10 -7.038040e-02 
3.312407e-10 -7.637939e-02 
3.316765e-10 -8.213990e-02 
3.321124e-10 -8.765307e-02 
3.325482e-10 -9.291059e-02 
3.329841e-10 -9.790481e-02 
3.334199e-10 -1.026287e-01 
3.338557e-10 -1.070759e-01 
3.342916e-10 -1.112408e-01 
3.347274e-10 -1.151183e-01 
3.351633e-10 -1.187043e-01 
3.355991e-10 -1.219952e-01 
3.360350e-10 -1.249882e-01 
3.364708e-10 -1.276812e-01 
3.369067e-10 -1.300731e-01 
3.373425e-10 -1.321632e-01 
3.377783e-10 -1.339518e-01 
3.382142e-10 -1.354398e-01 
3.386500e-10 -1.366289e-01 
3.390859e-10 -1.375216e-01 
3.395217e-10 -1.381209e-01 
3.399576e-10 -1.384308e-01 
3.403934e-10 -1.384558e-01 
3.408292e-10 -1.382010e-01 
3.412651e-10 -1.376723e-01 
3.417009e-10 -1.368762e-01 
3.421368e-10 -1.358196e-01 
3.425726e-10 -1.345103e-01 
3.430085e-10 -1.329563e-01 
3.434443e-10 -1.311663e-01 
3.438801e-10 -1.291495e-01 
3.443160e-10 -1.269154e-01 
3.447518e-10 -1.244739e-01 
3.451877e-10 -1.218355e-01 
3.456235e-10 -1.190107e-01 
3.460594e-10 -1.160105e-01 
3.464952e-10 -1.128462e-01 
3.469310e-10 -1.095292e-01 
3.473669e-10 -1.060710e-01 
3.478027e-10 -1.024836e-01 
3.482386e-10 -9.877877e-02 
3.486744e-10 -9.496844e-02 
3.491103e-10 -9.106463e-02 
3.495461e-10 -8.707932e-02 
3.499819e-10 -8.302448e-02 
3.504178e-10 -7.891200e-02 
3.508536e-10 -7.475368e-02 
3.512895e-10 -7.056118e-02 
3.517253e-10 -6.634600e-02 
3.521612e-10 -6.211945e-02 
3.525970e-10 -5.789261e-02 
3.530328e-10 -5.367634e-02 
3.534687e-10 -4.948121e-02 
3.539045e-10 -4.531748e-02 
3.543404e-10 -4.119511e-02 
3.547762e-10 -3.712373e-02 
3.552121e-10 -3.311259e-02 
3.556479e-10 -2.917057e-02 
3.560837e-10 -2.530615e-02 
3.565196e-10 -2.152742e-02 
3.569554e-10 -1.784202e-02 
3.573913e-10 -1.425716e-02 
3.578271e-10 -1.077963e-02 
3.582630e-10 -7.415741e-03 
3.586988e-10 -4.171335e-03 
3.591346e-10 -1.051799e-03 
3.595705e-10 1.937963e-03 
3.600063e-10 4.793523e-03 
3.604422e-10 7.510938e-03 
3.608780e-10 1.008675e-02 
3.613139e-10 1.251797e-02 
3.617497e-10 1.480211e-02 
3.621855e-10 1.693716e-02 
3.626214e-10 1.892158e-02 
3.630572e-10 2.075429e-02 
3.634931e-10 2.243470e-02 
3.639289e-10 2.396266e-02 
3.643648e-10 2.533848e-02 
3.648006e-10 2.656292e-02 
3.652364e-10 2.763716e-02 
3.656723e-10 2.856279e-02 
3.661081e-10 2.934183e-02 
3.665440e-10 2.997668e-02 
3.669798e-10 3.047014e-02 
3.674157e-10 3.082535e-02 
3.678515e-10 3.104581e-02 
3.682873e-10 3.113536e-02 
3.687232e-10 3.109814e-02 
3.691590e-10 3.093858e-02 
3.695949e-10 3.066141e-02 
3.700307e-10 3.027157e-02 
3.704666e-10 2.977428e-02 
3.709024e-10 2.917493e-02 
3.713382e-10 2.847910e-02 
3.717741e-10 2.769256e-02 
3.722099e-10 2.682119e-02 
3.726458e-10 2.587099e-02 
3.730816e-10 2.484805e-02 
3.735175e-10 2.375853e-02 
3.739533e-10 2.260860e-02 
3.743892e-10 2.140449e-02 
3.748250e-10 2.015239e-02 
3.752608e-10 1.885846e-02 
3.756967e-10 1.752880e-02 
3.761325e-10 1.616943e-02 
3.765684e-10 1.478630e-02 
3.770042e-10 1.338518e-02 
3.774401e-10 1.197175e-02 
3.778759e-10 1.055151e-02 
3.783117e-10 9.129781e-03 
3.787476e-10 7.711703e-03 
3.791834e-10 6.302211e-03 
3.796193e-10 4.906024e-03 
3.800551e-10 3.527638e-03 
3.804910e-10 2.171318e-03 
3.809268e-10 8.410947e-04 
3.813626e-10 -4.592421e-04 
3.817985e-10 -1.726143e-03 
3.822343e-10 -2.956299e-03 
3.826702e-10 -4.146637e-03 
3.831060e-10 -5.294321e-03 
3.835419e-10 -6.396738e-03 
3.839777e-10 -7.451497e-03 
3.844135e-10 -8.456417e-03 
3.848494e-10 -9.409517e-03 
3.852852e-10 -1.030901e-02 
3.857211e-10 -1.115327e-02 
3.861569e-10 -1.194085e-02 
3.865928e-10 -1.267045e-02 
3.870286e-10 -1.334091e-02 
3.874644e-10 -1.395117e-02 
3.879003e-10 -1.450030e-02 
3.883361e-10 -1.498747e-02 
3.887720e-10 -1.541192e-02 
3.892078e-10 -1.577295e-02 
3.896437e-10 -1.606995e-02 
3.900795e-10 -1.630232e-02 
3.905153e-10 -1.646954e-02 
3.909512e-10 -1.657111e-02 
3.913870e-10 -1.660654e-02 
3.918229e-10 -1.657538e-02 
3.922587e-10 -1.647721e-02 
3.926946e-10 -1.631162e-02 
3.931304e-10 -1.607820e-02 
3.935662e-10 -1.577659e-02 
3.940021e-10 -1.540646e-02 
3.944379e-10 -1.496748e-02 
3.948738e-10 -1.445938e-02 
3.953096e-10 -1.388193e-02 
3.957455e-10 -1.323495e-02 
3.961813e-10 -1.251834e-02 
3.966171e-10 -1.173203e-02 
3.970530e-10 -1.087608e-02 
3.974888e-10 -9.950608e-03 
3.979247e-10 -8.955865e-03 
3.983605e-10 -7.892200e-03 
3.987964e-10 -6.760094e-03 
3.992322e-10 -5.560167e-03 
3.996680e-10 -4.293184e-03 
4.001039e-10 -2.960068e-03 
4.005397e-10 -1.561905e-03 
4.009756e-10 -9.995431e-05 
4.014114e-10 1.424347e-03 
4.018473e-10 3.009378e-03 
4.022831e-10 4.653333e-03 
4.027189e-10 6.354217e-03 
4.031548e-10 8.109843e-03 
4.035906e-10 9.917839e-03 
4.040265e-10 1.177564e-02 
4.044623e-10 1.368051e-02 
4.048982e-10 1.562951e-02 
4.053340e-10 1.761956e-02 
4.057698e-10 1.964739e-02 
4.062057e-10 2.170958e-02 
4.066415e-10 2.380258e-02 
4.070774e-10 2.592267e-02 
4.075132e-10 2.806604e-02 
4.079491e-10 3.022874e-02 
4.083849e-10 3.240674e-02 
4.088207e-10 3.459593e-02 
4.092566e-10 3.679211e-02 
4.096924e-10 3.899104e-02 
4.101283e-10 4.118843e-02 
4.105641e-10 4.337997e-02 
4.110000e-10 4.556134e-02 
4.114358e-10 4.772823e-02 
4.118716e-10 4.987633e-02 
4.123075e-10 5.200139e-02 
4.127433e-10 5.409920e-02 
4.131792e-10 5.616563e-02 
4.136150e-10 5.819660e-02 
4.140509e-10 6.018816e-02 
4.144867e-10 6.213644e-02 
4.149226e-10 6.403770e-02 
4.153584e-10 6.588836e-02 
4.157942e-10 6.768496e-02 
4.162301e-10 6.942420e-02 
4.166659e-10 7.110296e-02 
4.171018e-10 7.271831e-02 
4.175376e-10 7.426751e-02 
4.179735e-10 7.574803e-02 
4.184093e-10 7.715753e-02 
4.188451e-10 7.849392e-02 
4.192810e-10 7.975535e-02 
4.197168e-10 8.094018e-02 
4.201527e-10 8.204704e-02 
4.205885e-10 8.307482e-02 
4.210244e-10 8.402266e-02 
4.214602e-10 8.488998e-02 
4.218960e-10 8.567646e-02 
4.223319e-10 8.638206e-02 
4.227677e-10 8.700704e-02 
4.232036e-10 8.755191e-02 
4.236394e-10 8.801750e-02 
4.240753e-10 8.840489e-02 
4.245111e-10 8.871548e-02 
4.249469e-10 8.895092e-02 
4.253828e-10 8.911316e-02 
4.258186e-10 8.920442e-02 
4.262545e-10 8.922720e-02 
4.266903e-10 8.918427e-02 
4.271262e-10 8.907863e-02 
4.275620e-10 8.891357e-02 
4.279978e-10 8.869259e-02 
4.284337e-10 8.841945e-02 
4.288695e-10 8.809811e-02 
4.293054e-10 8.773276e-02 
4.297412e-10 8.732775e-02 
4.301771e-10 8.688765e-02 
4.306129e-10 8.641717e-02 
4.310487e-10 8.592119e-02 
4.314846e-10 8.540470e-02 
4.319204e-10 8.487284e-02 
4.323563e-10 8.433082e-02 
4.327921e-10 8.378394e-02 
4.332280e-10 8.323759e-02 
4.336638e-10 8.269715e-02 
4.340996e-10 8.216809e-02 
4.345355e-10 8.165583e-02 
4.349713e-10 8.116583e-02 
4.354072e-10 8.070348e-02 
4.358430e-10 8.027415e-02 
4.362789e-10 7.988313e-02 
4.367147e-10 7.953562e-02 
4.371505e-10 7.923674e-02 
4.375864e-10 7.899148e-02 
4.380222e-10 7.880470e-02 
4.384581e-10 7.868110e-02 
4.388939e-10 7.862523e-02 
4.393298e-10 7.864145e-02 
4.397656e-10 7.873393e-02 
4.402014e-10 7.890663e-02 
4.406373e-10 7.916329e-02 
4.410731e-10 7.950744e-02 
4.415090e-10 7.994234e-02 
4.419448e-10 8.047101e-02 
4.423807e-10 8.109620e-02 
4.428165e-10 8.182041e-02 
4.432523e-10 8.264584e-02 
4.436882e-10 8.357442e-02 
4.441240e-10 8.460776e-02 
4.445599e-10 8.574720e-02 
4.449957e-10 8.699376e-02 
4.454316e-10 8.834816e-02 
4.458674e-10 8.981080e-02 
4.463032e-10 9.138177e-02 
4.467391e-10 9.306084e-02 
4.471749e-10 9.484746e-02 
4.476108e-10 9.674078e-02 
4.480466e-10 9.873961e-02 
4.484825e-10 1.008425e-01 
4.489183e-10 1.030475e-01 
4.493541e-10 1.053527e-01 
4.497900e-10 1.077555e-01 
4.502258e-10 1.102533e-01 
4.506617e-10 1.128430e-01 
4.510975e-10 1.155215e-01 
4.515334e-10 1.182850e-01 
4.519692e-10 1.211299e-01 
4.524050e-10 1.240520e-01 
4.528409e-10 1.270471e-01 
4.532767e-10 1.301106e-01 
4.537126e-10 1.332379e-01 
4.541484e-10 1.364240e-01 
4.545843e-10 1.396638e-01 
4.550201e-10 1.429522e-01 
4.554560e-10 1.462838e-01 
4.558918e-10 1.496532e-01 
4.563276e-10 1.530547e-01 
4.567635e-10 1.564829e-01 
4.571993e-10 1.599321e-01 
4.576352e-10 1.633965e-01 
4.580710e-10 1.668706e-01 
4.585069e-10 1.703487e-01 
4.589427e-10 1.738252e-01 
4.593785e-10 1.772945e-01 
4.598144e-10 1.807514e-01 
4.602502e-10 1.841905e-01 
4.606861e-10 1.876065e-01 
4.611219e-10 1.909945e-01 
4.615578e-10 1.943496e-01 
4.619936e-10 1.976671e-01 
4.624294e-10 2.009426e-01 
4.628653e-10 2.041717e-01 
4.633011e-10 2.073506e-01 
4.637370e-10 2.104753e-01 
4.641728e-10 2.135422e-01 
4.646087e-10 2.165482e-01 
4.650445e-10 2.194900e-01 
4.654803e-10 2.223648e-01 
4.659162e-10 2.251701e-01 
4.663520e-10 2.279035e-01 
4.667879e-10 2.305628e-01 
4.672237e-10 2.331462e-01 
4.676596e-10 2.356520e-01 
4.680954e-10 2.380788e-01 
4.685312e-10 2.404252e-01 
4.689671e-10 2.426901e-01 
4.694029e-10 2.448725e-01 
4.698388e-10 2.469717e-01 
4.702746e-10 2.489870e-01 
4.707105e-10 2.509177e-01 
4.711463e-10 2.527633e-01 
4.715821e-10 2.545234e-01 
4.720180e-10 2.561976e-01 
4.724538e-10 2.577853e-01 
4.728897e-10 2.592863e-01 
4.733255e-10 2.607000e-01 
4.737614e-10 2.620260e-01 
4.741972e-10 2.632637e-01 
4.746330e-10 2.644125e-01 
4.750689e-10 2.654717e-01 
4.755047e-10 2.664403e-01 
4.759406e-10 2.673175e-01 
4.763764e-10 2.681021e-01 
4.768123e-10 2.687928e-01 
4.772481e-10 2.693883e-01 
4.776839e-10 2.698869e-01 
4.781198e-10 2.702869e-01 
4.785556e-10 2.705864e-01 
4.789915e-10 2.707832e-01 
4.794273e-10 2.708753e-01 
4.798632e-10 2.708601e-01 
4.802990e-10 2.707351e-01 
4.807348e-10 2.704976e-01 
4.811707e-10 2.701448e-01 
4.816065e-10 2.696738e-01 
4.820424e-10 2.690816e-01 
4.824782e-10 2.683649e-01 
4.829141e-10 2.675207e-01 
4.833499e-10 2.665457e-01 
4.837857e-10 2.654367e-01 
4.842216e-10 2.641904e-01 
4.846574e-10 2.628037e-01 
4.850933e-10 2.612732e-01 
4.855291e-10 2.595959e-01 
4.859650e-10 2.577689e-01 
4.864008e-10 2.557892e-01 
4.868366e-10 2.536540e-01 
4.872725e-10 2.513608e-01 
4.877083e-10 2.489073e-01 
4.881442e-10 2.462913e-01 
4.885800e-10 2.435108e-01 
4.890159e-10 2.405643e-01 
4.894517e-10 2.374504e-01 
4.898875e-10 2.341680e-01 
4.903234e-10 2.307165e-01 
4.907592e-10 2.270955e-01 
4.911951e-10 2.233050e-01 
4.916309e-10 2.193455e-01 
4.920668e-10 2.152177e-01 
4.925026e-10 2.109228e-01 
4.929385e-10 2.064625e-01 
4.933743e-10 2.018388e-01 
4.938101e-10 1.970542e-01 
4.942460e-10 1.921116e-01 
4.946818e-10 1.870144e-01 
4.951177e-10 1.817663e-01 
4.955535e-10 1.763717e-01 
4.959894e-10 1.708352e-01 
4.964252e-10 1.651619e-01 
4.968610e-10 1.593573e-01 
4.972969e-10 1.534274e-01 
4.977327e-10 1.473784e-01 
4.981686e-10 1.412171e-01 
4.986044e-10 1.349506e-01 
4.990403e-10 1.285863e-01 
4.994761e-10 1.221318e-01 
4.999119e-10 1.155953e-01 
5.003478e-10 1.089851e-01 
5.007836e-10 1.023097e-01 
5.012195e-10 9.557801e-02 
5.016553e-10 8.879894e-02 
5.020912e-10 8.198170e-02 
5.025270e-10 7.513561e-02 
5.029628e-10 6.827009e-02 
5.033987e-10 6.139466e-02 
5.038345e-10 5.451887e-02 
5.042704e-10 4.765230e-02 
5.047062e-10 4.080452e-02 
5.051421e-10 3.398503e-02 
5.055779e-10 2.720330e-02 
5.060137e-10 2.046864e-02 
5.064496e-10 1.379027e-02 
5.068854e-10 7.177213e-03 
5.073213e-10 6.383218e-04 
5.077571e-10 -5.817780e-03 
5.081930e-10 -1.218271e-02 
5.086288e-10 -1.844836e-02 
5.090646e-10 -2.460689e-02 
5.095005e-10 -3.065079e-02 
5.099363e-10 -3.657287e-02 
5.103722e-10 -4.236628e-02 
5.108080e-10 -4.802455e-02 
5.112439e-10 -5.354153e-02 
5.116797e-10 -5.891151e-02 
5.121155e-10 -6.412913e-02 
5.125514e-10 -6.918943e-02 
5.129872e-10 -7.408786e-02 
5.134231e-10 -7.882025e-02 
5.138589e-10 -8.338284e-02 
5.142948e-10 -8.777228e-02 
5.147306e-10 -9.198557e-02 
5.151664e-10 -9.602015e-02 
5.156023e-10 -9.987380e-02 
5.160381e-10 -1.035447e-01 
5.164740e-10 -1.070313e-01 
5.169098e-10 -1.103325e-01 
5.173457e-10 -1.134476e-01 
5.177815e-10 -1.163759e-01 
5.182173e-10 -1.191175e-01 
5.186532e-10 -1.216722e-01 
5.190890e-10 -1.240407e-01 
5.195249e-10 -1.262234e-01 
5.199607e-10 -1.282212e-01 
5.203966e-10 -1.300354e-01 
5.208324e-10 -1.316671e-01 
5.212682e-10 -1.331178e-01 
5.217041e-10 -1.343894e-01 
5.221399e-10 -1.354836e-01 
5.225758e-10 -1.364023e-01 
5.230116e-10 -1.371478e-01 
5.234475e-10 -1.377222e-01 
5.238833e-10 -1.381279e-01 
5.243191e-10 -1.383673e-01 
5.247550e-10 -1.384431e-01 
5.251908e-10 -1.383577e-01 
5.256267e-10 -1.381139e-01 
5.260625e-10 -1.377143e-01 
5.264984e-10 -1.371619e-01 
5.269342e-10 -1.364594e-01 
5.273700e-10 -1.356097e-01 
5.278059e-10 -1.346158e-01 
5.282417e-10 -1.334806e-01 
5.286776e-10 -1.322072e-01 
5.291134e-10 -1.307985e-01 
5.295493e-10 -1.292577e-01 
5.299851e-10 -1.275879e-01 
5.304209e-10 -1.257922e-01 
5.308568e-10 -1.238739e-01 
5.312926e-10 -1.218361e-01 
5.317285e-10 -1.196823e-01 
5.321643e-10 -1.174156e-01 
5.326002e-10 -1.150394e-01 
5.330360e-10 -1.125573e-01 
5.334719e-10 -1.099726e-01 
5.339077e-10 -1.072889e-01 
5.343435e-10 -1.045098e-01 
5.347794e-10 -1.016390e-01 
5.352152e-10 -9.868016e-02 
5.356511e-10 -9.563708e-02 
5.360869e-10 -9.251364e-02 
5.365228e-10 -8.931377e-02 
5.369586e-10 -8.604150e-02 
5.373944e-10 -8.270092e-02 
5.378303e-10 -7.929621e-02 
5.382661e-10 -7.583164e-02 
5.387020e-10 -7.231155e-02 
5.391378e-10 -6.874037e-02 
5.395737e-10 -6.512264e-02 
5.400095e-10 -6.146296e-02 
5.404453e-10 -5.776606e-02 
5.408812e-10 -5.403671e-02 
5.413170e-10 -5.027982e-02 
5.417529e-10 -4.650036e-02 
5.421887e-10 -4.270340e-02 
5.426246e-10 -3.889410e-02 
5.430604e-10 -3.507771e-02 
5.434962e-10 -3.125954e-02 
5.439321e-10 -2.744501e-02 
5.443679e-10 -2.363961e-02 
5.448038e-10 -1.984888e-02 
5.452396e-10 -1.607844e-02 
5.456755e-10 -1.233398e-02 
5.461113e-10 -8.621211e-03 
5.465471e-10 -4.945905e-03 
5.469830e-10 -1.313859e-03 
5.474188e-10 2.269110e-03 
5.478547e-10 5.797180e-03 
5.482905e-10 9.264534e-03 
5.487264e-10 1.266537e-02 
5.491622e-10 1.599394e-02 
5.495980e-10 1.924454e-02 
5.500339e-10 2.241152e-02 
5.504697e-10 2.548934e-02 
5.509056e-10 2.847258e-02 
5.513414e-10 3.135591e-02 
5.517773e-10 3.413420e-02 
5.522131e-10 3.680245e-02 
5.526489e-10 3.935587e-02 
5.530848e-10 4.178989e-02 
5.535206e-10 4.410017e-02 
5.539565e-10 4.628262e-02 
5.543923e-10 4.833343e-02 
5.548282e-10 5.024909e-02 
5.552640e-10 5.202642e-02 
5.556998e-10 5.366255e-02 
5.561357e-10 5.515497e-02 
5.565715e-10 5.650155e-02 
5.570074e-10 5.770051e-02 
5.574432e-10 5.875049e-02 
5.578791e-10 5.965051e-02 
5.583149e-10 6.040000e-02 
5.587507e-10 6.099881e-02 
5.591866e-10 6.144720e-02 
5.596224e-10 6.174583e-02 
5.600583e-10 6.189579e-02 
5.604941e-10 6.189856e-02 
5.609300e-10 6.175603e-02 
5.613658e-10 6.147047e-02 
5.618016e-10 6.104452e-02 
5.622375e-10 6.048119e-02 
5.626733e-10 5.978382e-02 
5.631092e-10 5.895607e-02 
5.635450e-10 5.800193e-02 
5.639809e-10 5.692563e-02 
5.644167e-10 5.573167e-02 
5.648525e-10 5.442479e-02 
5.652884e-10 5.300992e-02 
5.657242e-10 5.149215e-02 
5.661601e-10 4.987676e-02 
5.665959e-10 4.816910e-02 
5.670318e-10 4.637465e-02 
5.674676e-10 4.449893e-02 
5.679034e-10 4.254753e-02 
5.683393e-10 4.052603e-02 
5.687751e-10 3.843999e-02 
5.692110e-10 3.629498e-02 
5.696468e-10 3.409647e-02 
5.700827e-10 3.184988e-02 
5.705185e-10 2.956054e-02 
5.709543e-10 2.723367e-02 
5.713902e-10 2.487437e-02 
5.718260e-10 2.248760e-02 
5.722619e-10 2.007819e-02 
5.726977e-10 1.765082e-02 
5.731336e-10 1.521003e-02 
5.735694e-10 1.276017e-02 
5.740053e-10 1.030547e-02 
5.744411e-10 7.849974e-03 
5.748769e-10 5.397599e-03 
5.753128e-10 2.952094e-03 
5.757486e-10 5.170689e-04 
5.761845e-10 -1.904005e-03 
5.766203e-10 -4.307788e-03 
5.770562e-10 -6.691061e-03 
5.774920e-10 -9.050723e-03 
5.779278e-10 -1.138377e-02 
5.783637e-10 -1.368731e-02 
5.787995e-10 -1.595853e-02 
5.792354e-10 -1.819468e-02 
5.796712e-10 -2.039310e-02 
5.801071e-10 -2.255120e-02 
5.805429e-10 -2.466642e-02 
5.809787e-10 -2.673627e-02 
5.814146e-10 -2.875830e-02 
5.818504e-10 -3.073010e-02 
5.822863e-10 -3.264931e-02 
5.827221e-10 -3.451359e-02 
5.831580e-10 -3.632066e-02 
5.835938e-10 -3.806826e-02 
5.840296e-10 -3.975419e-02 
5.844655e-10 -4.137629e-02 
5.849013e-10 -4.293245e-02 
5.853372e-10 -4.442062e-02 
5.857730e-10 -4.583881e-02 
5.862089e-10 -4.718512e-02 
5.866447e-10 -4.845773e-02 
5.870805e-10 -4.965489e-02 
5.875164e-10 -5.077499e-02 
5.879522e-10 -5.181650e-02 
5.883881e-10 -5.277805e-02 
5.888239e-10 -5.365837e-02 
5.892598e-10 -5.445636e-02 
5.896956e-10 -5.517108e-02 
5.901314e-10 -5.580175e-02 
5.905673e-10 -5.634778e-02 
5.910031e-10 -5.680875e-02 
5.914390e-10 -5.718446e-02 
5.918748e-10 -5.747491e-02 
5.923107e-10 -5.768029e-02 
5.927465e-10 -5.780103e-02 
5.931823e-10 -5.783779e-02 
5.936182e-10 -5.779143e-02 
5.940540e-10 -5.766305e-02 
5.944899e-10 -5.745400e-02 
5.949257e-10 -5.716581e-02 
5.953616e-10 -5.680029e-02 
5.957974e-10 -5.635943e-02 
5.962332e-10 -5.584547e-02 
5.966691e-10 -5.526084e-02 
5.971049e-10 -5.460818e-02 
5.975408e-10 -5.389033e-02 
5.979766e-10 -5.311032e-02 
5.984125e-10 -5.227134e-02 
5.988483e-10 -5.137677e-02 
5.992841e-10 -5.043010e-02 
5.997200e-10 -4.943500e-02 
6.001558e-10 -4.839522e-02 
6.005917e-10 -4.731465e-02 
6.010275e-10 -4.619725e-02 
6.014634e-10 -4.504706e-02 
6.018992e-10 -4.386816e-02 
6.023350e-10 -4.266468e-02 
6.027709e-10 -4.144079e-02 
6.032067e-10 -4.020062e-02 
6.036426e-10 -3.894833e-02 
6.040784e-10 -3.768800e-02 
6.045143e-10 -3.642372e-02 
6.049501e-10 -3.515945e-02 
6.053859e-10 -3.389911e-02 
6.058218e-10 -3.264652e-02 
6.062576e-10 -3.140537e-02 
6.066935e-10 -3.017923e-02 
6.071293e-10 -2.897152e-02 
6.075652e-10 -2.778553e-02 
6.080010e-10 -2.662435e-02 
6.084368e-10 -2.549094e-02 
6.088727e-10 -2.438802e-02 
6.093085e-10 -2.331816e-02 
6.097444e-10 -2.228372e-02 
6.101802e-10 -2.128682e-02 
6.106161e-10 -2.032942e-02 
6.110519e-10 -1.941321e-02 
6.114878e-10 -1.853972e-02 
6.119236e-10 -1.771020e-02 
6.123594e-10 -1.692573e-02 
6.127953e-10 -1.618714e-02 
6.132311e-10 -1.549506e-02 
6.136670e-10 -1.484990e-02 
6.141028e-10 -1.425187e-02 
6.145387e-10 -1.370096e-02 
6.149745e-10 -1.319700e-02 
6.154103e-10 -1.273959e-02 
6.158462e-10 -1.232817e-02 
6.162820e-10 -1.196202e-02 
6.167179e-10 -1.164023e-02 
6.171537e-10 -1.136176e-02 
6.175896e-10 -1.112543e-02 
6.180254e-10 -1.092993e-02 
6.184612e-10 -1.077383e-02 
6.188971e-10 -1.065559e-02 
6.193329e-10 -1.057359e-02 
6.197688e-10 -1.052612e-02 
6.202046e-10 -1.051141e-02 
6.206405e-10 -1.052764e-02 
6.210763e-10 -1.057293e-02 
6.215121e-10 -1.064538e-02 
6.219480e-10 -1.074307e-02 
6.223838e-10 -1.086409e-02 
6.228197e-10 -1.100651e-02 
6.232555e-10 -1.116843e-02 
6.236914e-10 -1.134797e-02 
6.241272e-10 -1.154328e-02 
6.245630e-10 -1.175259e-02 
6.249989e-10 -1.197414e-02 
6.254347e-10 -1.220626e-02 
6.258706e-10 -1.244735e-02 
6.263064e-10 -1.269588e-02 
6.267423e-10 -1.295041e-02 
6.271781e-10 -1.320960e-02 
6.276139e-10 -1.347218e-02 
6.280498e-10 -1.373702e-02 
6.284856e-10 -1.400307e-02 
6.289215e-10 -1.426939e-02 
6.293573e-10 -1.453516e-02 
6.297932e-10 -1.479967e-02 
6.302290e-10 -1.506234e-02 
6.306648e-10 -1.532269e-02 
6.311007e-10 -1.558035e-02 
6.315365e-10 -1.583510e-02 
6.319724e-10 -1.608681e-02 
6.324082e-10 -1.633548e-02 
6.328441e-10 -1.658122e-02 
6.332799e-10 -1.682424e-02 
6.337157e-10 -1.706488e-02 
6.341516e-10 -1.730357e-02 
6.345874e-10 -1.754085e-02 
6.350233e-10 -1.777734e-02 
6.354591e-10 -1.801377e-02 
6.358950e-10 -1.825096e-02 
6.363308e-10 -1.848978e-02 
6.367666e-10 -1.873121e-02 
6.372025e-10 -1.897628e-02 
6.376383e-10 -1.922606e-02 
6.380742e-10 -1.948171e-02 
6.385100e-10 -1.974440e-02 
6.389459e-10 -2.001536e-02 
6.393817e-10 -2.029582e-02 
6.398175e-10 -2.058704e-02 
6.402534e-10 -2.089029e-02 
6.406892e-10 -2.120683e-02 
6.411251e-10 -2.153792e-02 
6.415609e-10 -2.188477e-02 
6.419968e-10 -2.224859e-02 
6.424326e-10 -2.263053e-02 
6.428684e-10 -2.303169e-02 
6.433043e-10 -2.345311e-02 
6.437401e-10 -2.389576e-02 
6.441760e-10 -2.436053e-02 
6.446118e-10 -2.484822e-02 
6.450477e-10 -2.535954e-02 
6.454835e-10 -2.589509e-02 
6.459193e-10 -2.645535e-02 
6.463552e-10 -2.704070e-02 
6.467910e-10 -2.765137e-02 
6.472269e-10 -2.828748e-02 
6.476627e-10 -2.894901e-02 
6.480986e-10 -2.963580e-02 
6.485344e-10 -3.034755e-02 
6.489702e-10 -3.108381e-02 
6.494061e-10 -3.184399e-02 
6.498419e-10 -3.262735e-02 
6.502778e-10 -3.343302e-02 
6.507136e-10 -3.425996e-02 
6.511495e-10 -3.510701e-02 
6.515853e-10 -3.597286e-02 
6.520212e-10 -3.685608e-02 
6.524570e-10 -3.775509e-02 
6.528928e-10 -3.866819e-02 
6.533287e-10 -3.959358e-02 
6.537645e-10 -4.052932e-02 
6.542004e-10 -4.147339e-02 
6.546362e-10 -4.242365e-02 
6.550721e-10 -4.337789e-02 
6.555079e-10 -4.433383e-02 
6.559437e-10 -4.528909e-02 
6.563796e-10 -4.624124e-02 
6.568154e-10 -4.718782e-02 
6.572513e-10 -4.812630e-02 
6.576871e-10 -4.905413e-02 
6.581230e-10 -4.996875e-02 
6.585588e-10 -5.086756e-02 
6.589946e-10 -5.174798e-02 
6.594305e-10 -5.260743e-02 
6.598663e-10 -5.344334e-02 
6.603022e-10 -5.425318e-02 
6.607380e-10 -5.503444e-02 
6.611739e-10 -5.578465e-02 
6.616097e-10 -5.650139e-02 
6.620455e-10 -5.718231e-02 
6.624814e-10 -5.782510e-02 
6.629172e-10 -5.842754e-02 
6.633531e-10 -5.898747e-02 
6.637889e-10 -5.950283e-02 
6.642248e-10 -5.997163e-02 
6.646606e-10 -6.039196e-02 
6.650964e-10 -6.076204e-02 
6.655323e-10 -6.108016e-02 
6.659681e-10 -6.134472e-02 
6.664040e-10 -6.155422e-02 
6.668398e-10 -6.170729e-02 
6.672757e-10 -6.180265e-02 
6.677115e-10 -6.183913e-02 
6.681473e-10 -6.181569e-02 
6.685832e-10 -6.173139e-02 
6.690190e-10 -6.158542e-02 
6.694549e-10 -6.137709e-02 
6.698907e-10 -6.110583e-02 
6.703266e-10 -6.077117e-02 
6.707624e-10 -6.037279e-02 
6.711982e-10 -5.991048e-02 
6.716341e-10 -5.938416e-02 
6.720699e-10 -5.879385e-02 
6.725058e-10 -5.813974e-02 
6.729416e-10 -5.742210e-02 
6.733775e-10 -5.664135e-02 
6.738133e-10 -5.579803e-02 
6.742491e-10 -5.489280e-02 
6.746850e-10 -5.392644e-02 
6.751208e-10 -5.289987e-02 
6.755567e-10 -5.181412e-02 
6.759925e-10 -5.067035e-02 
6.764284e-10 -4.946984e-02 
6.768642e-10 -4.821399e-02 
6.773000e-10 -4.690432e-02 
6.777359e-10 -4.554247e-02 
6.781717e-10 -4.413017e-02 
6.786076e-10 -4.266930e-02 
6.790434e-10 -4.116183e-02 
6.794793e-10 -3.960983e-02 
6.799151e-10 -3.801548e-02 
6.803509e-10 -3.638106e-02 
6.807868e-10 -3.470894e-02 
6.812226e-10 -3.300158e-02 
6.816585e-10 -3.126152e-02 
6.820943e-10 -2.949138e-02 
6.825302e-10 -2.769386e-02 
6.829660e-10 -2.587170e-02 
6.834018e-10 -2.402774e-02 
6.838377e-10 -2.216483e-02 
6.842735e-10 -2.028588e-02 
6.847094e-10 -1.839384e-02 
6.851452e-10 -1.649169e-02 
6.855811e-10 -1.458242e-02 
6.860169e-10 -1.266904e-02 
6.864527e-10 -1.075457e-02 
6.868886e-10 -8.841994e-03 
6.873244e-10 -6.934321e-03 
6.877603e-10 -5.034519e-03 
6.881961e-10 -3.145527e-03 
6.886320e-10 -1.270247e-03 
6.890678e-10 5.884654e-04 
6.895037e-10 2.427809e-03 
6.899395e-10 4.245046e-03 
6.903753e-10 6.037507e-03 
6.908112e-10 7.802599e-03 
6.912470e-10 9.537813e-03 
6.916829e-10 1.124073e-02 
6.921187e-10 1.290902e-02 
6.925546e-10 1.454046e-02 
6.929904e-10 1.613293e-02 
6.934262e-10 1.768442e-02 
6.938621e-10 1.919302e-02 
6.942979e-10 2.065696e-02 
6.947338e-10 2.207457e-02 
6.951696e-10 2.344429e-02 
6.956055e-10 2.476470e-02 
6.960413e-10 2.603451e-02 
6.964771e-10 2.725251e-02 
6.969130e-10 2.841765e-02 
6.973488e-10 2.952898e-02 
6.977847e-10 3.058567e-02 
6.982205e-10 3.158702e-02 
6.986564e-10 3.253242e-02 
6.990922e-10 3.342138e-02 
6.995280e-10 3.425352e-02 
6.999639e-10 3.502857e-02 
7.003997e-10 3.574633e-02 
7.008356e-10 3.640672e-02 
7.012714e-10 3.700973e-02 
7.017073e-10 3.755546e-02 
7.021431e-10 3.804407e-02 
7.025789e-10 3.847580e-02 
7.030148e-10 3.885095e-02 
7.034506e-10 3.916990e-02 
7.038865e-10 3.943309e-02 
7.043223e-10 3.964101e-02 
7.047582e-10 3.979418e-02 
7.051940e-10 3.989321e-02 
7.056298e-10 3.993871e-02 
7.060657e-10 3.993136e-02 
7.065015e-10 3.987186e-02 
7.069374e-10 3.976094e-02 
7.073732e-10 3.959936e-02 
7.078091e-10 3.938792e-02 
7.082449e-10 3.912743e-02 
7.086807e-10 3.881872e-02 
7.091166e-10 3.846266e-02 
7.095524e-10 3.806012e-02 
7.099883e-10 3.761199e-02 
7.104241e-10 3.711921e-02 
7.108600e-10 3.658269e-02 
7.112958e-10 3.600340e-02 
7.117316e-10 3.538232e-02 
7.121675e-10 3.472044e-02 
7.126033e-10 3.401878e-02 
7.130392e-10 3.327838e-02 
7.134750e-10 3.250032e-02 
7.139109e-10 3.168567e-02 
7.143467e-10 3.083557e-02 
7.147825e-10 2.995116e-02 
7.152184e-10 2.903362e-02 
7.156542e-10 2.808415e-02 
7.160901e-10 2.710401e-02 
7.165259e-10 2.609448e-02 
7.169618e-10 2.505685e-02 
7.173976e-10 2.399248e-02 
7.178334e-10 2.290277e-02 
7.182693e-10 2.178912e-02 
7.187051e-10 2.065299e-02 
7.191410e-10 1.949589e-02 
7.195768e-10 1.831935e-02 
7.200127e-10 1.712493e-02 
7.204485e-10 1.591424e-02 
7.208843e-10 1.468890e-02 
7.213202e-10 1.345060e-02 
7.217560e-10 1.220102e-02 
7.221919e-10 1.094189e-02 
7.226277e-10 9.674958e-03 
7.230636e-10 8.401997e-03 
7.234994e-10 7.124793e-03 
7.239352e-10 5.845154e-03 
7.243711e-10 4.564895e-03 
7.248069e-10 3.285843e-03 
7.252428e-10 2.009829e-03 
7.256786e-10 7.386829e-04 
7.261145e-10 -5.257668e-04 
7.265503e-10 -1.781700e-03 
7.269861e-10 -3.027306e-03 
7.274220e-10 -4.260794e-03 
7.278578e-10 -5.480387e-03 
7.282937e-10 -6.684337e-03 
7.287295e-10 -7.870921e-03 
7.291654e-10 -9.038447e-03 
7.296012e-10 -1.018526e-02 
7.300371e-10 -1.130974e-02 
7.304729e-10 -1.241032e-02 
7.309087e-10 -1.348547e-02 
7.313446e-10 -1.453370e-02 
7.317804e-10 -1.555360e-02 
7.322163e-10 -1.654378e-02 
7.326521e-10 -1.750292e-02 
7.330880e-10 -1.842978e-02 
7.335238e-10 -1.932316e-02 
7.339596e-10 -2.018191e-02 
7.343955e-10 -2.100498e-02 
7.348313e-10 -2.179136e-02 
7.352672e-10 -2.254012e-02 
7.357030e-10 -2.325038e-02 
7.361389e-10 -2.392136e-02 
7.365747e-10 -2.455233e-02 
7.370105e-10 -2.514263e-02 
7.374464e-10 -2.569168e-02 
7.378822e-10 -2.619896e-02 
7.383181e-10 -2.666403e-02 
7.387539e-10 -2.708653e-02 
7.391898e-10 -2.746615e-02 
7.396256e-10 -2.780267e-02 
7.400614e-10 -2.809593e-02 
7.404973e-10 -2.834585e-02 
7.409331e-10 -2.855242e-02 
7.413690e-10 -2.871569e-02 
7.418048e-10 -2.883579e-02 
7.422407e-10 -2.891291e-02 
7.426765e-10 -2.894732e-02 
7.431123e-10 -2.893935e-02 
7.435482e-10 -2.888940e-02 
7.439840e-10 -2.879795e-02 
7.444199e-10 -2.866552e-02 
7.448557e-10 -2.849271e-02 
7.452916e-10 -2.828019e-02 
7.457274e-10 -2.802868e-02 
7.461632e-10 -2.773897e-02 
7.465991e-10 -2.741192e-02 
7.470349e-10 -2.704843e-02 
7.474708e-10 -2.664947e-02 
7.479066e-10 -2.621607e-02 
7.483425e-10 -2.574931e-02 
7.487783e-10 -2.525032e-02 
7.492141e-10 -2.472030e-02 
7.496500e-10 -2.416048e-02 
7.500858e-10 -2.357214e-02 
7.505217e-10 -2.295662e-02 
7.509575e-10 -2.231528e-02 
7.513934e-10 -2.164955e-02 
7.518292e-10 -2.096086e-02 
7.522650e-10 -2.025072e-02 
7.527009e-10 -1.952062e-02 
7.531367e-10 -1.877213e-02 
7.535726e-10 -1.800680e-02 
7.540084e-10 -1.722623e-02 
7.544443e-10 -1.643203e-02 
7.548801e-10 -1.562583e-02 
7.553159e-10 -1.480926e-02 
7.557518e-10 -1.398397e-02 
7.561876e-10 -1.315160e-02 
7.566235e-10 -1.231380e-02 
7.570593e-10 -1.147222e-02 
7.574952e-10 -1.062850e-02 
7.579310e-10 -9.784272e-03 
7.583668e-10 -8.941145e-03 
7.588027e-10 -8.100723e-03 
7.592385e-10 -7.264586e-03 
7.596744e-10 -6.434294e-03 
7.601102e-10 -5.611380e-03 
7.605461e-10 -4.797350e-03 
7.609819e-10 -3.993681e-03 
7.614177e-10 -3.201816e-03 
7.618536e-10 -2.423166e-03 
7.622894e-10 -1.659105e-03 
7.627253e-10 -9.109706e-04 
7.631611e-10 -1.800608e-04 
7.635970e-10 5.323658e-04 
7.640328e-10 1.225091e-03 
7.644686e-10 1.896939e-03 
7.649045e-10 2.546775e-03 
7.653403e-10 3.173506e-03 
7.657762e-10 3.776084e-03 
7.662120e-10 4.353500e-03 
7.666479e-10 4.904791e-03 
7.670837e-10 5.429035e-03 
7.675195e-10 5.925353e-03 
7.679554e-10 6.392906e-03 
7.683912e-10 6.830898e-03 
7.688271e-10 7.238576e-03 
7.692629e-10 7.615226e-03 
7.696988e-10 7.960176e-03 
7.701346e-10 8.272793e-03 
7.705705e-10 8.552486e-03 
7.710063e-10 8.798705e-03 
7.714421e-10 9.010939e-03 
7.718780e-10 9.188719e-03 
7.723138e-10 9.331616e-03 
7.727497e-10 9.439244e-03 
7.731855e-10 9.511258e-03 
7.736214e-10 9.547356e-03 
7.740572e-10 9.547279e-03 
7.744930e-10 9.510815e-03 
7.749289e-10 9.437796e-03 
7.753647e-10 9.328102e-03 
7.758006e-10 9.181660e-03 
7.762364e-10 8.998451e-03 
7.766723e-10 8.778503e-03 
7.771081e-10 8.521899e-03 
7.775439e-10 8.228778e-03 
7.779798e-10 7.899333e-03 
7.784156e-10 7.533817e-03 
7.788515e-10 7.132541e-03 
7.792873e-10 6.695876e-03 
7.797232e-10 6.224257e-03 
7.801590e-10 5.718180e-03 
7.805948e-10 5.178206e-03 
7.810307e-10 4.604960e-03 
7.814665e-10 3.999133e-03 
7.819024e-10 3.361478e-03 
7.823382e-10 2.692817e-03 
7.827741e-10 1.994033e-03 
7.832099e-10 1.266073e-03 
7.836457e-10 5.099476e-04 
7.840816e-10 -2.732739e-04 
7.845174e-10 -1.082463e-03 
7.849533e-10 -1.916435e-03 
7.853891e-10 -2.773952e-03 
7.858250e-10 -3.653726e-03 
7.862608e-10 -4.554424e-03 
7.866966e-10 -5.474669e-03 
7.871325e-10 -6.413046e-03 
7.875683e-10 -7.368107e-03 
7.880042e-10 -8.338374e-03 
7.884400e-10 -9.322349e-03 
7.888759e-10 -1.031851e-02 
7.893117e-10 -1.132533e-02 
7.897475e-10 -1.234128e-02 
7.901834e-10 -1.336481e-02 
7.906192e-10 -1.439439e-02 
7.910551e-10 -1.542851e-02 
7.914909e-10 -1.646565e-02 
7.919268e-10 -1.750436e-02 
7.923626e-10 -1.854316e-02 
7.927984e-10 -1.958066e-02 
7.932343e-10 -2.061549e-02 
7.936701e-10 -2.164630e-02 
7.941060e-10 -2.267184e-02 
7.945418e-10 -2.369088e-02 
7.949777e-10 -2.470227e-02 
7.954135e-10 -2.570490e-02 
7.958493e-10 -2.669776e-02 
7.962852e-10 -2.767990e-02 
7.967210e-10 -2.865042e-02 
7.971569e-10 -2.960853e-02 
7.975927e-10 -3.055349e-02 
7.980286e-10 -3.148466e-02 
7.984644e-10 -3.240146e-02 
7.989002e-10 -3.330341e-02 
7.993361e-10 -3.419008e-02 
7.997719e-10 -3.506115e-02 
8.002078e-10 -3.591635e-02 
8.006436e-10 -3.675549e-02 
8.010795e-10 -3.757847e-02 
8.015153e-10 -3.838523e-02 
8.019511e-10 -3.917580e-02 
8.023870e-10 -3.995026e-02 
8.028228e-10 -4.070875e-02 
8.032587e-10 -4.145146e-02 
8.036945e-10 -4.217865e-02 
8.041304e-10 -4.289058e-02 
8.045662e-10 -4.358761e-02 
8.050020e-10 -4.427008e-02 
8.054379e-10 -4.493839e-02 
8.058737e-10 -4.559296e-02 
8.063096e-10 -4.623421e-02 
8.067454e-10 -4.686261e-02 
8.071813e-10 -4.747860e-02 
8.076171e-10 -4.808264e-02 
8.080530e-10 -4.867519e-02 
8.084888e-10 -4.925670e-02 
8.089246e-10 -4.982760e-02 
8.093605e-10 -5.038831e-02 
8.097963e-10 -5.093922e-02 
8.102322e-10 -5.148070e-02 
8.106680e-10 -5.201308e-02 
8.111039e-10 -5.253668e-02 
8.115397e-10 -5.305174e-02 
8.119755e-10 -5.355850e-02 
8.124114e-10 -5.405712e-02 
8.128472e-10 -5.454773e-02 
8.132831e-10 -5.503040e-02 
8.137189e-10 -5.550517e-02 
8.141548e-10 -5.597199e-02 
8.145906e-10 -5.643077e-02 
8.150264e-10 -5.688136e-02 
8.154623e-10 -5.732357e-02 
8.158981e-10 -5.775711e-02 
8.163340e-10 -5.818166e-02 
8.167698e-10 -5.859684e-02 
8.172057e-10 -5.900219e-02 
8.176415e-10 -5.939720e-02 
8.180773e-10 -5.978132e-02 
8.185132e-10 -6.015391e-02 
8.189490e-10 -6.051430e-02 
8.193849e-10 -6.086176e-02 
8.198207e-10 -6.119551e-02 
8.202566e-10 -6.151471e-02 
8.206924e-10 -6.181849e-02 
8.211282e-10 -6.210594e-02 
8.215641e-10 -6.237609e-02 
8.219999e-10 -6.262796e-02 
8.224358e-10 -6.286053e-02 
8.228716e-10 -6.307275e-02 
8.233075e-10 -6.326355e-02 
8.237433e-10 -6.343184e-02 
8.241791e-10 -6.357654e-02 
8.246150e-10 -6.369654e-02 
8.250508e-10 -6.379073e-02 
8.254867e-10 -6.385801e-02 
8.259225e-10 -6.389731e-02 
8.263584e-10 -6.390754e-02 
8.267942e-10 -6.388766e-02 
8.272300e-10 -6.383665e-02 
8.276659e-10 -6.375351e-02 
8.281017e-10 -6.363731e-02 
8.285376e-10 -6.348712e-02 
8.289734e-10 -6.330212e-02 
8.294093e-10 -6.308149e-02 
8.298451e-10 -6.282451e-02 
8.302809e-10 -6.253051e-02 
8.307168e-10 -6.219889e-02 
8.311526e-10 -6.182915e-02 
8.315885e-10 -6.142083e-02 
8.320243e-10 -6.097360e-02 
8.324602e-10 -6.048719e-02 
8.328960e-10 -5.996142e-02 
8.333318e-10 -5.939624e-02 
8.337677e-10 -5.879165e-02 
8.342035e-10 -5.814779e-02 
8.346394e-10 -5.746489e-02 
8.350752e-10 -5.674325e-02 
8.355111e-10 -5.598333e-02 
8.359469e-10 -5.518566e-02 
8.363827e-10 -5.435087e-02 
8.368186e-10 -5.347971e-02 
8.372544e-10 -5.257302e-02 
8.376903e-10 -5.163175e-02 
8.381261e-10 -5.065694e-02 
8.385620e-10 -4.964972e-02 
8.389978e-10 -4.861133e-02 
8.394336e-10 -4.754308e-02 
8.398695e-10 -4.644638e-02 
8.403053e-10 -4.532270e-02 
8.407412e-10 -4.417362e-02 
8.411770e-10 -4.300075e-02 
8.416129e-10 -4.180580e-02 
8.420487e-10 -4.059052e-02 
8.424845e-10 -3.935672e-02 
8.429204e-10 -3.810626e-02 
8.433562e-10 -3.684104e-02 
8.437921e-10 -3.556300e-02 
8.442279e-10 -3.427409e-02 
8.446638e-10 -3.297631e-02 
8.450996e-10 -3.167166e-02 
8.455354e-10 -3.036215e-02 
8.459713e-10 -2.904978e-02 
8.464071e-10 -2.773658e-02 
8.468430e-10 -2.642454e-02 
8.472788e-10 -2.511562e-02 
8.477147e-10 -2.381180e-02 
8.481505e-10 -2.251500e-02 
8.485864e-10 -2.122709e-02 
8.490222e-10 -1.994993e-02 
8.494580e-10 -1.868532e-02 
8.498939e-10 -1.743500e-02 
8.503297e-10 -1.620065e-02 
8.507656e-10 -1.498391e-02 
8.512014e-10 -1.378632e-02 
8.516373e-10 -1.260937e-02 
8.520731e-10 -1.145447e-02 
8.525089e-10 -1.032296e-02 
8.529448e-10 -9.216079e-03 
8.533806e-10 -8.134997e-03 
8.538165e-10 -7.080795e-03 
8.542523e-10 -6.054465e-03 
8.546882e-10 -5.056910e-03 
8.551240e-10 -4.088942e-03 
8.555598e-10 -3.151283e-03 
8.559957e-10 -2.244562e-03 
8.564315e-10 -1.369315e-03 
8.568674e-10 -5.259906e-04 
8.573032e-10 2.850579e-04 
8.577391e-10 1.063565e-03 
8.581749e-10 1.809356e-03 
8.586107e-10 2.522341e-03 
8.590466e-10 3.202520e-03 
8.594824e-10 3.849975e-03 
8.599183e-10 4.464872e-03 
8.603541e-10 5.047457e-03 
8.607900e-10 5.598055e-03 
8.612258e-10 6.117067e-03 
8.616616e-10 6.604968e-03 
8.620975e-10 7.062304e-03 
8.625333e-10 7.489693e-03 
8.629692e-10 7.887817e-03 
8.634050e-10 8.257423e-03 
8.638409e-10 8.599323e-03 
8.642767e-10 8.914384e-03 
8.647125e-10 9.203536e-03 
8.651484e-10 9.467760e-03 
8.655842e-10 9.708093e-03 
8.660201e-10 9.925622e-03 
8.664559e-10 1.012148e-02 
8.668918e-10 1.029685e-02 
8.673276e-10 1.045297e-02 
8.677634e-10 1.059109e-02 
8.681993e-10 1.071253e-02 
8.686351e-10 1.081864e-02 
8.690710e-10 1.091080e-02 
8.695068e-10 1.099043e-02 
8.699427e-10 1.105897e-02 
8.703785e-10 1.111790e-02 
8.708143e-10 1.116873e-02 
8.712502e-10 1.121297e-02 
8.716860e-10 1.125216e-02 
8.721219e-10 1.128788e-02 
8.725577e-10 1.132169e-02 
8.729936e-10 1.135516e-02 
8.734294e-10 1.138989e-02 
8.738652e-10 1.142745e-02 
8.743011e-10 1.146942e-02 
8.747369e-10 1.151738e-02 
8.751728e-10 1.157286e-02 
8.756086e-10 1.163741e-02 
8.760445e-10 1.171252e-02 
8.764803e-10 1.179966e-02 
8.769161e-10 1.190026e-02 
8.773520e-10 1.201569e-02 
8.777878e-10 1.214730e-02 
8.782237e-10 1.229633e-02 
8.786595e-10 1.246399e-02 
8.790954e-10 1.265140e-02 
8.795312e-10 1.285961e-02 
8.799670e-10 1.308955e-02 
8.804029e-10 1.334208e-02 
8.808387e-10 1.361797e-02 
8.812746e-10 1.391784e-02 
8.817104e-10 1.424223e-02 
8.821463e-10 1.459153e-02 
8.825821e-10 1.496603e-02 
8.830179e-10 1.536588e-02 
8.834538e-10 1.579108e-02 
8.838896e-10 1.624152e-02 
8.843255e-10 1.671690e-02 
8.847613e-10 1.721684e-02 
8.851972e-10 1.774075e-02 
8.856330e-10 1.828793e-02 
8.860688e-10 1.885754e-02 
8.865047e-10 1.944856e-02 
8.869405e-10 2.005986e-02 
8.873764e-10 2.069014e-02 
8.878122e-10 2.133799e-02 
8.882481e-10 2.200185e-02 
8.886839e-10 2.268002e-02 
8.891198e-10 2.337071e-02 
8.895556e-10 2.407200e-02 
8.899914e-10 2.478184e-02 
8.904273e-10 2.549811e-02 
8.908631e-10 2.621860e-02 
8.912990e-10 2.694099e-02 
8.917348e-10 2.766292e-02 
8.921707e-10 2.838195e-02 
8.926065e-10 2.909561e-02 
8.930423e-10 2.980136e-02 
8.934782e-10 3.049668e-02 
8.939140e-10 3.117899e-02 
8.943499e-10 3.184573e-02 
8.947857e-10 3.249434e-02 
8.952216e-10 3.312230e-02 
8.956574e-10 3.372710e-02 
8.960932e-10 3.430628e-02 
8.965291e-10 3.485743e-02 
8.969649e-10 3.537822e-02 
8.974008e-10 3.586638e-02 
8.978366e-10 3.631973e-02 
8.982725e-10 3.673618e-02 
8.987083e-10 3.711376e-02 
8.991441e-10 3.745058e-02 
8.995800e-10 3.774490e-02 
9.000158e-10 3.799507e-02 
9.004517e-10 3.819959e-02 
9.008875e-10 3.835710e-02 
9.013234e-10 3.846635e-02 
9.017592e-10 3.852625e-02 
9.021950e-10 3.853586e-02 
9.026309e-10 3.849436e-02 
9.030667e-10 3.840109e-02 
9.035026e-10 3.825555e-02 
9.039384e-10 3.805735e-02 
9.043743e-10 3.780627e-02 
9.048101e-10 3.750222e-02 
9.052459e-10 3.714525e-02 
9.056818e-10 3.673554e-02 
9.061176e-10 3.627342e-02 
9.065535e-10 3.575933e-02 
9.069893e-10 3.519383e-02 
9.074252e-10 3.457761e-02 
9.078610e-10 3.391148e-02 
9.082968e-10 3.319633e-02 
9.087327e-10 3.243319e-02 
9.091685e-10 3.162316e-02 
9.096044e-10 3.076745e-02 
9.100402e-10 2.986734e-02 
9.104761e-10 2.892421e-02 
9.109119e-10 2.793951e-02 
9.113477e-10 2.691475e-02 
9.117836e-10 2.585154e-02 
9.122194e-10 2.475153e-02 
9.126553e-10 2.361643e-02 
9.130911e-10 2.244801e-02 
9.135270e-10 2.124810e-02 
9.139628e-10 2.001858e-02 
9.143986e-10 1.876137e-02 
9.148345e-10 1.747843e-02 
9.152703e-10 1.617178e-02 
9.157062e-10 1.484348e-02 
9.161420e-10 1.349560e-02 
9.165779e-10 1.213030e-02 
9.170137e-10 1.074972e-02 
9.174495e-10 9.356094e-03 
9.178854e-10 7.951648e-03 
9.183212e-10 6.538661e-03 
9.187571e-10 5.119445e-03 
9.191929e-10 3.696345e-03 
9.196288e-10 2.271736e-03 
9.200646e-10 8.480271e-04 
9.205004e-10 -5.723451e-04 
9.209363e-10 -1.986915e-03 
9.213721e-10 -3.393192e-03 
9.218080e-10 -4.788661e-03 
9.222438e-10 -6.170786e-03 
9.226797e-10 -7.537014e-03 
9.231155e-10 -8.884778e-03 
9.235513e-10 -1.021150e-02 
9.239872e-10 -1.151461e-02 
9.244230e-10 -1.279151e-02 
9.248589e-10 -1.403964e-02 
9.252947e-10 -1.525644e-02 
9.257306e-10 -1.643936e-02 
9.261664e-10 -1.758590e-02 
9.266023e-10 -1.869357e-02 
9.270381e-10 -1.975995e-02 
9.274739e-10 -2.078265e-02 
9.279098e-10 -2.175936e-02 
9.283456e-10 -2.268783e-02 
9.287815e-10 -2.356589e-02 
9.292173e-10 -2.439147e-02 
9.296532e-10 -2.516260e-02 
9.300890e-10 -2.587740e-02 
9.305248e-10 -2.653414e-02 
9.309607e-10 -2.713120e-02 
9.313965e-10 -2.766710e-02 
9.318324e-10 -2.814051e-02 
9.322682e-10 -2.855025e-02 
9.327041e-10 -2.889531e-02 
9.331399e-10 -2.917485e-02 
9.335757e-10 -2.938819e-02 
9.340116e-10 -2.953485e-02 
9.344474e-10 -2.961453e-02 
9.348833e-10 -2.962711e-02 
9.353191e-10 -2.957267e-02 
9.357550e-10 -2.945149e-02 
9.361908e-10 -2.926402e-02 
9.366266e-10 -2.901091e-02 
9.370625e-10 -2.869302e-02 
9.374983e-10 -2.831138e-02 
9.379342e-10 -2.786720e-02 
9.383700e-10 -2.736188e-02 
9.388059e-10 -2.679698e-02 
9.392417e-10 -2.617423e-02 
9.396775e-10 -2.549551e-02 
9.401134e-10 -2.476286e-02 
9.405492e-10 -2.397843e-02 
9.409851e-10 -2.314452e-02 
9.414209e-10 -2.226353e-02 
9.418568e-10 -2.133797e-02 
9.422926e-10 -2.037044e-02 
9.427284e-10 -1.936359e-02 
9.431643e-10 -1.832017e-02 
9.436001e-10 -1.724295e-02 
9.440360e-10 -1.613475e-02 
9.444718e-10 -1.499840e-02 
9.449077e-10 -1.383675e-02 
9.453435e-10 -1.265263e-02 
9.457793e-10 -1.144888e-02 
9.462152e-10 -1.022829e-02 
9.466510e-10 -8.993599e-03 
9.470869e-10 -7.747517e-03 
9.475227e-10 -6.492681e-03 
9.479586e-10 -5.231659e-03 
9.483944e-10 -3.966937e-03 
9.488302e-10 -2.700917e-03 
9.492661e-10 -1.435905e-03 
9.497019e-10 -1.741086e-04 
9.501378e-10 1.082368e-03 
9.505736e-10 2.331527e-03 
9.510095e-10 3.571481e-03 
9.514453e-10 4.800454e-03 
9.518811e-10 6.016780e-03 
9.523170e-10 7.218904e-03 
9.527528e-10 8.405381e-03 
9.531887e-10 9.574873e-03 
9.536245e-10 1.072614e-02 
9.540604e-10 1.185806e-02 
9.544962e-10 1.296959e-02 
9.549320e-10 1.405978e-02 
9.553679e-10 1.512776e-02 
9.558037e-10 1.617277e-02 
9.562396e-10 1.719408e-02 
9.566754e-10 1.819106e-02 
9.571113e-10 1.916313e-02 
9.575471e-10 2.010977e-02 
9.579829e-10 2.103049e-02 
9.584188e-10 2.192487e-02 
9.588546e-10 2.279251e-02 
9.592905e-10 2.363304e-02 
9.597263e-10 2.444614e-02 
9.601622e-10 2.523147e-02 
9.605980e-10 2.598874e-02 
9.610338e-10 2.671767e-02 
9.614697e-10 2.741798e-02 
9.619055e-10 2.808943e-02 
9.623414e-10 2.873174e-02 
9.627772e-10 2.934468e-02 
9.632131e-10 2.992800e-02 
9.636489e-10 3.048149e-02 
9.640847e-10 3.100491e-02 
9.645206e-10 3.149806e-02 
9.649564e-10 3.196074e-02 
9.653923e-10 3.239279e-02 
9.658281e-10 3.279403e-02 
9.662640e-10 3.316434e-02 
9.666998e-10 3.350362e-02 
9.671357e-10 3.381180e-02 
9.675715e-10 3.408885e-02 
9.680073e-10 3.433477e-02 
9.684432e-10 3.454965e-02 
9.688790e-10 3.473358e-02 
9.693149e-10 3.488674e-02 
9.697507e-10 3.500938e-02 
9.701866e-10 3.510179e-02 
9.706224e-10 3.516436e-02 
9.710582e-10 3.519754e-02 
9.714941e-10 3.520185e-02 
9.719299e-10 3.517792e-02 
9.723658e-10 3.512643e-02 
9.728016e-10 3.504817e-02 
9.732375e-10 3.494400e-02 
9.736733e-10 3.481487e-02 
9.741091e-10 3.466181e-02 
9.745450e-10 3.448592e-02 
9.749808e-10 3.428841e-02 
9.754167e-10 3.407054e-02 
9.758525e-10 3.383365e-02 
9.762884e-10 3.357913e-02 
9.767242e-10 3.330846e-02 
9.771600e-10 3.302315e-02 
9.775959e-10 3.272477e-02 
9.780317e-10 3.241493e-02 
9.784676e-10 3.209525e-02 
9.789034e-10 3.176740e-02 
9.793393e-10 3.143306e-02 
9.797751e-10 3.109390e-02 
9.802109e-10 3.075160e-02 
9.806468e-10 3.040782e-02 
9.810826e-10 3.006422e-02 
9.815185e-10 2.972239e-02 
9.819543e-10 2.938391e-02 
9.823902e-10 2.905031e-02 
9.828260e-10 2.872305e-02 
9.832618e-10 2.840353e-02 
9.836977e-10 2.809310e-02 
9.841335e-10 2.779300e-02 
9.845694e-10 2.750442e-02 
9.850052e-10 2.722842e-02 
9.854411e-10 2.696601e-02 
9.858769e-10 2.671808e-02 
9.863127e-10 2.648542e-02 
9.867486e-10 2.626874e-02 
9.871844e-10 2.606862e-02 
9.876203e-10 2.588556e-02 
9.880561e-10 2.571995e-02 
9.884920e-10 2.557207e-02 
9.889278e-10 2.544212e-02 
9.893636e-10 2.533020e-02 
9.897995e-10 2.523630e-02 
9.902353e-10 2.516036e-02 
9.906712e-10 2.510219e-02 
9.911070e-10 2.506156e-02 
9.915429e-10 2.503815e-02 
9.919787e-10 2.503157e-02 
9.924145e-10 2.504140e-02 
9.928504e-10 2.506712e-02 
9.932862e-10 2.510820e-02 
9.937221e-10 2.516405e-02 
9.941579e-10 2.523404e-02 
9.945938e-10 2.531754e-02 
9.950296e-10 2.541386e-02 
9.954654e-10 2.552233e-02 
9.959013e-10 2.564223e-02 
9.963371e-10 2.577287e-02 
9.967730e-10 2.591353e-02 
9.972088e-10 2.606351e-02 
9.976447e-10 2.622211e-02 
9.980805e-10 2.638864e-02 
9.985163e-10 2.656241e-02 
9.989522e-10 2.674277e-02 
9.993880e-10 2.692906e-02 
