0 0 
4.358430e-13 0 
8.716860e-13 0 
1.307529e-12 0 
1.743372e-12 0 
2.179215e-12 0 
2.615058e-12 0 
3.050901e-12 0 
3.486744e-12 0 
3.922587e-12 0 
4.358430e-12 0 
4.794273e-12 0 
5.230116e-12 0 
5.665959e-12 0 
6.101802e-12 0 
6.537645e-12 0 
6.973488e-12 0 
7.409331e-12 0 
7.845174e-12 0 
8.281017e-12 0 
8.716860e-12 0 
9.152703e-12 0 
9.588546e-12 0 
1.002439e-11 0 
1.046023e-11 0 
1.089608e-11 0 
1.133192e-11 0 
1.176776e-11 0 
1.220360e-11 0 
1.263945e-11 0 
1.307529e-11 0 
1.351113e-11 0 
1.394698e-11 0 
1.438282e-11 0 
1.481866e-11 0 
1.525451e-11 0 
1.569035e-11 0 
1.612619e-11 0 
1.656203e-11 0 
1.699788e-11 0 
1.743372e-11 0 
1.786956e-11 0 
1.830541e-11 0 
1.874125e-11 0 
1.917709e-11 0 
1.961294e-11 0 
2.004878e-11 0 
2.048462e-11 0 
2.092046e-11 0 
2.135631e-11 0 
2.179215e-11 0 
2.222799e-11 0 
2.266384e-11 0 
2.309968e-11 0 
2.353552e-11 0 
2.397137e-11 0 
2.440721e-11 0 
2.484305e-11 0 
2.527889e-11 0 
2.571474e-11 0 
2.615058e-11 3.000164e-85 
2.658642e-11 3.435892e-83 
2.702227e-11 1.827491e-31 
2.745811e-11 5.545487e-30 
2.789395e-11 1.116623e-28 
2.832980e-11 1.517658e-27 
2.876564e-11 1.596403e-26 
2.920148e-11 1.352515e-25 
2.963733e-11 9.575201e-25 
3.007317e-11 5.802711e-24 
3.050901e-11 3.064118e-23 
3.094485e-11 1.430146e-22 
3.138070e-11 5.967652e-22 
3.181654e-11 2.247355e-21 
3.225238e-11 7.700294e-21 
3.268823e-11 2.417653e-20 
3.312407e-11 6.999814e-20 
3.355991e-11 1.879753e-19 
3.399576e-11 4.707345e-19 
3.443160e-11 1.104882e-18 
3.486744e-11 2.442391e-18 
3.530328e-11 5.108243e-18 
3.573913e-11 1.015291e-17 
3.617497e-11 1.925674e-17 
3.661081e-11 3.499145e-17 
3.704666e-11 6.114194e-17 
3.748250e-11 1.030915e-16 
3.791834e-11 1.682753e-16 
3.835419e-11 2.667125e-16 
3.879003e-11 4.116372e-16 
3.922587e-11 6.202630e-16 
3.966171e-11 9.147328e-16 
4.009756e-11 1.323329e-15 
4.053340e-11 1.882036e-15 
4.096924e-11 2.636594e-15 
4.140509e-11 3.645172e-15 
4.184093e-11 4.981874e-15 
4.227677e-11 6.741279e-15 
4.271262e-11 9.044295e-15 
4.314846e-11 1.204565e-14 
4.358430e-11 1.594338e-14 
4.402014e-11 2.099091e-14 
4.445599e-11 2.751212e-14 
4.489183e-11 3.592035e-14 
4.532767e-11 4.674220e-14 
4.576352e-11 6.064722e-14 
4.619936e-11 7.848501e-14 
4.663520e-11 1.013316e-13 
4.707105e-11 1.305473e-13 
4.750689e-11 1.678486e-13 
4.794273e-11 2.153978e-13 
4.837857e-11 2.759150e-13 
4.881442e-11 3.528160e-13 
4.925026e-11 4.503843e-13 
4.968610e-11 5.739841e-13 
5.012195e-11 7.303225e-13 
5.055779e-11 9.277741e-13 
5.099363e-11 1.176780e-12 
5.142948e-11 1.490340e-12 
5.186532e-11 1.884613e-12 
5.230116e-11 2.379657e-12 
5.273700e-11 3.000334e-12 
5.317285e-11 3.777407e-12 
5.360869e-11 4.748894e-12 
5.404453e-11 5.961697e-12 
5.448038e-11 7.473600e-12 
5.491622e-11 9.355676e-12 
5.535206e-11 1.169522e-11 
5.578791e-11 1.459928e-11 
5.622375e-11 1.819894e-11 
5.665959e-11 2.265445e-11 
5.709543e-11 2.816147e-11 
5.753128e-11 3.495845e-11 
5.796712e-11 4.333566e-11 
5.840296e-11 5.364579e-11 
5.883881e-11 6.631684e-11 
5.927465e-11 8.186732e-11 
5.971049e-11 1.009245e-10 
6.014634e-11 1.242462e-10 
6.058218e-11 1.527460e-10 
6.101802e-11 1.875246e-10 
6.145387e-11 2.299050e-10 
6.188971e-11 2.814759e-10 
6.232555e-11 3.441416e-10 
6.276139e-11 4.201815e-10 
6.319724e-11 5.123196e-10 
6.363308e-11 6.238067e-10 
6.406892e-11 7.585156e-10 
6.450477e-11 9.210541e-10 
6.494061e-11 1.116895e-09 
6.537645e-11 1.352530e-09 
6.581230e-11 1.635646e-09 
6.624814e-11 1.975332e-09 
6.668398e-11 2.382320e-09 
6.711982e-11 2.869258e-09 
6.755567e-11 3.451035e-09 
6.799151e-11 4.145148e-09 
6.842735e-11 4.972129e-09 
6.886320e-11 5.956030e-09 
6.929904e-11 7.124989e-09 
6.973488e-11 8.511871e-09 
7.017073e-11 1.015500e-08 
7.060657e-11 1.209902e-08 
7.104241e-11 1.439579e-08 
7.147825e-11 1.710556e-08 
7.191410e-11 2.029814e-08 
7.234994e-11 2.405431e-08 
7.278578e-11 2.846741e-08 
7.322163e-11 3.364513e-08 
7.365747e-11 3.971152e-08 
7.409331e-11 4.680923e-08 
7.452916e-11 5.510209e-08 
7.496500e-11 6.477792e-08 
7.540084e-11 7.605173e-08 
7.583668e-11 8.916925e-08 
7.627253e-11 1.044109e-07 
7.670837e-11 1.220962e-07 
7.714421e-11 1.425887e-07 
7.758006e-11 1.663012e-07 
7.801590e-11 1.937018e-07 
7.845174e-11 2.253206e-07 
7.888759e-11 2.617570e-07 
7.932343e-11 3.036871e-07 
7.975927e-11 3.518731e-07 
8.019511e-11 4.071726e-07 
8.063096e-11 4.705486e-07 
8.106680e-11 5.430813e-07 
8.150264e-11 6.259803e-07 
8.193849e-11 7.205975e-07 
8.237433e-11 8.284421e-07 
8.281017e-11 9.511955e-07 
8.324602e-11 1.090728e-06 
8.368186e-11 1.249118e-06 
8.411770e-11 1.428669e-06 
8.455354e-11 1.631931e-06 
8.498939e-11 1.861723e-06 
8.542523e-11 2.121155e-06 
8.586107e-11 2.413652e-06 
8.629692e-11 2.742982e-06 
8.673276e-11 3.113281e-06 
8.716860e-11 3.529081e-06 
8.760445e-11 3.995341e-06 
8.804029e-11 4.517477e-06 
8.847613e-11 5.101396e-06 
8.891198e-11 5.753524e-06 
8.934782e-11 6.480845e-06 
8.978366e-11 7.290933e-06 
9.021950e-11 8.191987e-06 
9.065535e-11 9.192868e-06 
9.109119e-11 1.030313e-05 
9.152703e-11 1.153308e-05 
9.196288e-11 1.289375e-05 
9.239872e-11 1.439702e-05 
9.283456e-11 1.605557e-05 
9.327041e-11 1.788298e-05 
9.370625e-11 1.989371e-05 
9.414209e-11 2.210314e-05 
9.457793e-11 2.452761e-05 
9.501378e-11 2.718443e-05 
9.544962e-11 3.009192e-05 
9.588546e-11 3.326936e-05 
9.632131e-11 3.673710e-05 
9.675715e-11 4.051645e-05 
9.719299e-11 4.462975e-05 
9.762884e-11 4.910037e-05 
9.806468e-11 5.395260e-05 
9.850052e-11 5.921173e-05 
9.893636e-11 6.490393e-05 
9.937221e-11 7.105626e-05 
9.980805e-11 7.769657e-05 
1.002439e-10 8.485343e-05 
1.006797e-10 9.255608e-05 
1.011156e-10 1.008343e-04 
1.015514e-10 1.097183e-04 
1.019873e-10 1.192385e-04 
1.024231e-10 1.294258e-04 
1.028590e-10 1.403106e-04 
1.032948e-10 1.519236e-04 
1.037306e-10 1.642948e-04 
1.041665e-10 1.774536e-04 
1.046023e-10 1.914289e-04 
1.050382e-10 2.062481e-04 
1.054740e-10 2.219374e-04 
1.059099e-10 2.385214e-04 
1.063457e-10 2.560226e-04 
1.067815e-10 2.744611e-04 
1.072174e-10 2.938544e-04 
1.076532e-10 3.142171e-04 
1.080891e-10 3.355599e-04 
1.085249e-10 3.578899e-04 
1.089608e-10 3.812099e-04 
1.093966e-10 4.055178e-04 
1.098324e-10 4.308060e-04 
1.102683e-10 4.570616e-04 
1.107041e-10 4.842650e-04 
1.111400e-10 5.123901e-04 
1.115758e-10 5.414032e-04 
1.120117e-10 5.712631e-04 
1.124475e-10 6.019200e-04 
1.128833e-10 6.333151e-04 
1.133192e-10 6.653803e-04 
1.137550e-10 6.980373e-04 
1.141909e-10 7.311974e-04 
1.146267e-10 7.647607e-04 
1.150626e-10 7.986159e-04 
1.154984e-10 8.326395e-04 
1.159342e-10 8.666955e-04 
1.163701e-10 9.006349e-04 
1.168059e-10 9.342955e-04 
1.172418e-10 9.675013e-04 
1.176776e-10 1.000062e-03 
1.181135e-10 1.031774e-03 
1.185493e-10 1.062418e-03 
1.189851e-10 1.091760e-03 
1.194210e-10 1.119553e-03 
1.198568e-10 1.145534e-03 
1.202927e-10 1.169425e-03 
1.207285e-10 1.190934e-03 
1.211644e-10 1.209756e-03 
1.216002e-10 1.225570e-03 
1.220360e-10 1.238044e-03 
1.224719e-10 1.246832e-03 
1.229077e-10 1.251576e-03 
1.233436e-10 1.251907e-03 
1.237794e-10 1.247448e-03 
1.242153e-10 1.237808e-03 
1.246511e-10 1.222594e-03 
1.250869e-10 1.201404e-03 
1.255228e-10 1.173831e-03 
1.259586e-10 1.139466e-03 
1.263945e-10 1.097898e-03 
1.268303e-10 1.048719e-03 
1.272662e-10 9.915227e-04 
1.277020e-10 9.259095e-04 
1.281378e-10 8.514879e-04 
1.285737e-10 7.678777e-04 
1.290095e-10 6.747129e-04 
1.294454e-10 5.716450e-04 
1.298812e-10 4.583458e-04 
1.303171e-10 3.345116e-04 
1.307529e-10 1.998663e-04 
1.311887e-10 5.416524e-05 
1.316246e-10 -1.028005e-04 
1.320604e-10 -2.712004e-04 
1.324963e-10 -4.511601e-04 
1.329321e-10 -6.427570e-04 
1.333680e-10 -8.460161e-04 
1.338038e-10 -1.060905e-03 
1.342396e-10 -1.287330e-03 
1.346755e-10 -1.525131e-03 
1.351113e-10 -1.774076e-03 
1.355472e-10 -2.033857e-03 
1.359830e-10 -2.304087e-03 
1.364189e-10 -2.584292e-03 
1.368547e-10 -2.873908e-03 
1.372905e-10 -3.172278e-03 
1.377264e-10 -3.478643e-03 
1.381622e-10 -3.792144e-03 
1.385981e-10 -4.111811e-03 
1.390339e-10 -4.436562e-03 
1.394698e-10 -4.765202e-03 
1.399056e-10 -5.096414e-03 
1.403415e-10 -5.428759e-03 
1.407773e-10 -5.760672e-03 
1.412131e-10 -6.090461e-03 
1.416490e-10 -6.416300e-03 
1.420848e-10 -6.736232e-03 
1.425207e-10 -7.048167e-03 
1.429565e-10 -7.349877e-03 
1.433924e-10 -7.639001e-03 
1.438282e-10 -7.913039e-03 
1.442640e-10 -8.169358e-03 
1.446999e-10 -8.405192e-03 
1.451357e-10 -8.617642e-03 
1.455716e-10 -8.803678e-03 
1.460074e-10 -8.960146e-03 
1.464433e-10 -9.083769e-03 
1.468791e-10 -9.171153e-03 
1.473149e-10 -9.218791e-03 
1.477508e-10 -9.223072e-03 
1.481866e-10 -9.180285e-03 
1.486225e-10 -9.086629e-03 
1.490583e-10 -8.938221e-03 
1.494942e-10 -8.731106e-03 
1.499300e-10 -8.461268e-03 
1.503658e-10 -8.124638e-03 
1.508017e-10 -7.717114e-03 
1.512375e-10 -7.234562e-03 
1.516734e-10 -6.672844e-03 
1.521092e-10 -6.027819e-03 
1.525451e-10 -5.295368e-03 
1.529809e-10 -4.471407e-03 
1.534167e-10 -3.551902e-03 
1.538526e-10 -2.532891e-03 
1.542884e-10 -1.410497e-03 
1.547243e-10 -1.809509e-04 
1.551601e-10 1.159393e-03 
1.555960e-10 2.614034e-03 
1.560318e-10 4.186306e-03 
1.564676e-10 5.879360e-03 
1.569035e-10 7.696140e-03 
1.573393e-10 9.639365e-03 
1.577752e-10 1.171151e-02 
1.582110e-10 1.391478e-02 
1.586469e-10 1.625109e-02 
1.590827e-10 1.872207e-02 
1.595185e-10 2.132900e-02 
1.599544e-10 2.407285e-02 
1.603902e-10 2.695419e-02 
1.608261e-10 2.997326e-02 
1.612619e-10 3.312987e-02 
1.616978e-10 3.642346e-02 
1.621336e-10 3.985305e-02 
1.625694e-10 4.341721e-02 
1.630053e-10 4.711411e-02 
1.634411e-10 5.094147e-02 
1.638770e-10 5.489655e-02 
1.643128e-10 5.897620e-02 
1.647487e-10 6.317680e-02 
1.651845e-10 6.749429e-02 
1.656203e-10 7.192419e-02 
1.660562e-10 7.646159e-02 
1.664920e-10 8.110116e-02 
1.669279e-10 8.583719e-02 
1.673637e-10 9.066355e-02 
1.677996e-10 9.557380e-02 
1.682354e-10 1.005611e-01 
1.686712e-10 1.056184e-01 
1.691071e-10 1.107383e-01 
1.695429e-10 1.159131e-01 
1.699788e-10 1.211350e-01 
1.704146e-10 1.263960e-01 
1.708505e-10 1.316878e-01 
1.712863e-10 1.370023e-01 
1.717221e-10 1.423312e-01 
1.721580e-10 1.476660e-01 
1.725938e-10 1.529987e-01 
1.730297e-10 1.583210e-01 
1.734655e-10 1.636249e-01 
1.739014e-10 1.689026e-01 
1.743372e-10 1.741465e-01 
1.747730e-10 1.793493e-01 
1.752089e-10 1.845040e-01 
1.756447e-10 1.896042e-01 
1.760806e-10 1.946436e-01 
1.765164e-10 1.996166e-01 
1.769523e-10 2.045182e-01 
1.773881e-10 2.093436e-01 
1.778240e-10 2.140890e-01 
1.782598e-10 2.187510e-01 
1.786956e-10 2.233269e-01 
1.791315e-10 2.278147e-01 
1.795673e-10 2.322130e-01 
1.800032e-10 2.365212e-01 
1.804390e-10 2.407394e-01 
1.808749e-10 2.448683e-01 
1.813107e-10 2.489096e-01 
1.817465e-10 2.528653e-01 
1.821824e-10 2.567385e-01 
1.826182e-10 2.605326e-01 
1.830541e-10 2.642519e-01 
1.834899e-10 2.679013e-01 
1.839258e-10 2.714861e-01 
1.843616e-10 2.750122e-01 
1.847974e-10 2.784860e-01 
1.852333e-10 2.819145e-01 
1.856691e-10 2.853048e-01 
1.861050e-10 2.886644e-01 
1.865408e-10 2.920012e-01 
1.869767e-10 2.953231e-01 
1.874125e-10 2.986380e-01 
1.878483e-10 3.019543e-01 
1.882842e-10 3.052798e-01 
1.887200e-10 3.086227e-01 
1.891559e-10 3.119905e-01 
1.895917e-10 3.153910e-01 
1.900276e-10 3.188311e-01 
1.904634e-10 3.223178e-01 
1.908992e-10 3.258571e-01 
1.913351e-10 3.294550e-01 
1.917709e-10 3.331164e-01 
1.922068e-10 3.368459e-01 
1.926426e-10 3.406471e-01 
1.930785e-10 3.445228e-01 
1.935143e-10 3.484753e-01 
1.939501e-10 3.525055e-01 
1.943860e-10 3.566139e-01 
1.948218e-10 3.607996e-01 
1.952577e-10 3.650610e-01 
1.956935e-10 3.693954e-01 
1.961294e-10 3.737990e-01 
1.965652e-10 3.782673e-01 
1.970010e-10 3.827944e-01 
1.974369e-10 3.873736e-01 
1.978727e-10 3.919972e-01 
1.983086e-10 3.966565e-01 
1.987444e-10 4.013417e-01 
1.991803e-10 4.060424e-01 
1.996161e-10 4.107472e-01 
2.000519e-10 4.154436e-01 
2.004878e-10 4.201188e-01 
2.009236e-10 4.247590e-01 
2.013595e-10 4.293498e-01 
2.017953e-10 4.338762e-01 
2.022312e-10 4.383228e-01 
2.026670e-10 4.426736e-01 
2.031028e-10 4.469123e-01 
2.035387e-10 4.510223e-01 
2.039745e-10 4.549869e-01 
2.044104e-10 4.587892e-01 
2.048462e-10 4.624122e-01 
2.052821e-10 4.658391e-01 
2.057179e-10 4.690530e-01 
2.061537e-10 4.720375e-01 
2.065896e-10 4.747761e-01 
2.070254e-10 4.772531e-01 
2.074613e-10 4.794529e-01 
2.078971e-10 4.813606e-01 
2.083330e-10 4.829617e-01 
2.087688e-10 4.842427e-01 
2.092046e-10 4.851903e-01 
2.096405e-10 4.857924e-01 
2.100763e-10 4.860375e-01 
2.105122e-10 4.859150e-01 
2.109480e-10 4.854152e-01 
2.113839e-10 4.845292e-01 
2.118197e-10 4.832494e-01 
2.122555e-10 4.815690e-01 
2.126914e-10 4.794820e-01 
2.131272e-10 4.769838e-01 
2.135631e-10 4.740707e-01 
2.139989e-10 4.707399e-01 
2.144348e-10 4.669900e-01 
2.148706e-10 4.628202e-01 
2.153064e-10 4.582311e-01 
2.157423e-10 4.532241e-01 
2.161781e-10 4.478019e-01 
2.166140e-10 4.419678e-01 
2.170498e-10 4.357265e-01 
2.174857e-10 4.290833e-01 
2.179215e-10 4.220446e-01 
2.183574e-10 4.146178e-01 
2.187932e-10 4.068111e-01 
2.192290e-10 3.986334e-01 
2.196649e-10 3.900947e-01 
2.201007e-10 3.812056e-01 
2.205366e-10 3.719775e-01 
2.209724e-10 3.624227e-01 
2.214083e-10 3.525539e-01 
2.218441e-10 3.423847e-01 
2.222799e-10 3.319293e-01 
2.227158e-10 3.212025e-01 
2.231516e-10 3.102196e-01 
2.235875e-10 2.989965e-01 
2.240233e-10 2.875498e-01 
2.244592e-10 2.758962e-01 
2.248950e-10 2.640531e-01 
2.253308e-10 2.520384e-01 
2.257667e-10 2.398702e-01 
2.262025e-10 2.275670e-01 
2.266384e-10 2.151478e-01 
2.270742e-10 2.026315e-01 
2.275101e-10 1.900377e-01 
2.279459e-10 1.773859e-01 
2.283817e-10 1.646959e-01 
2.288176e-10 1.519876e-01 
2.292534e-10 1.392811e-01 
2.296893e-10 1.265965e-01 
2.301251e-10 1.139538e-01 
2.305610e-10 1.013732e-01 
2.309968e-10 8.887472e-02 
2.314326e-10 7.647818e-02 
2.318685e-10 6.420336e-02 
2.323043e-10 5.206981e-02 
2.327402e-10 4.009680e-02 
2.331760e-10 2.830333e-02 
2.336119e-10 1.670802e-02 
2.340477e-10 5.329091e-03 
2.344835e-10 -5.815663e-03 
2.349194e-10 -1.670897e-02 
2.353552e-10 -2.733408e-02 
2.357911e-10 -3.767487e-02 
2.362269e-10 -4.771583e-02 
2.366628e-10 -5.744214e-02 
2.370986e-10 -6.683970e-02 
2.375344e-10 -7.589520e-02 
2.379703e-10 -8.459613e-02 
2.384061e-10 -9.293081e-02 
2.388420e-10 -1.008885e-01 
2.392778e-10 -1.084592e-01 
2.397137e-10 -1.156341e-01 
2.401495e-10 -1.224052e-01 
2.405853e-10 -1.287656e-01 
2.410212e-10 -1.347091e-01 
2.414570e-10 -1.402310e-01 
2.418929e-10 -1.453273e-01 
2.423287e-10 -1.499952e-01 
2.427646e-10 -1.542328e-01 
2.432004e-10 -1.580393e-01 
2.436362e-10 -1.614152e-01 
2.440721e-10 -1.643617e-01 
2.445079e-10 -1.668811e-01 
2.449438e-10 -1.689770e-01 
2.453796e-10 -1.706535e-01 
2.458155e-10 -1.719163e-01 
2.462513e-10 -1.727715e-01 
2.466871e-10 -1.732264e-01 
2.471230e-10 -1.732892e-01 
2.475588e-10 -1.729689e-01 
2.479947e-10 -1.722754e-01 
2.484305e-10 -1.712193e-01 
2.488664e-10 -1.698121e-01 
2.493022e-10 -1.680657e-01 
2.497380e-10 -1.659930e-01 
2.501739e-10 -1.636073e-01 
2.506097e-10 -1.609227e-01 
2.510456e-10 -1.579535e-01 
2.514814e-10 -1.547146e-01 
2.519173e-10 -1.512215e-01 
2.523531e-10 -1.474897e-01 
2.527889e-10 -1.435352e-01 
2.532248e-10 -1.393743e-01 
2.536606e-10 -1.350234e-01 
2.540965e-10 -1.304991e-01 
2.545323e-10 -1.258179e-01 
2.549682e-10 -1.209967e-01 
2.554040e-10 -1.160520e-01 
2.558398e-10 -1.110004e-01 
2.562757e-10 -1.058584e-01 
2.567115e-10 -1.006424e-01 
2.571474e-10 -9.536828e-02 
2.575832e-10 -9.005203e-02 
2.580191e-10 -8.470912e-02 
2.584549e-10 -7.935473e-02 
2.588908e-10 -7.400365e-02 
2.593266e-10 -6.867026e-02 
2.597624e-10 -6.336848e-02 
2.601983e-10 -5.811173e-02 
2.606341e-10 -5.291295e-02 
2.610700e-10 -4.778450e-02 
2.615058e-10 -4.273819e-02 
2.619417e-10 -3.778525e-02 
2.623775e-10 -3.293629e-02 
2.628133e-10 -2.820131e-02 
2.632492e-10 -2.358967e-02 
2.636850e-10 -1.911009e-02 
2.641209e-10 -1.477062e-02 
2.645567e-10 -1.057867e-02 
2.649926e-10 -6.540985e-03 
2.654284e-10 -2.663635e-03 
2.658642e-10 1.047958e-03 
2.663001e-10 4.589031e-03 
2.667359e-10 7.955471e-03 
2.671718e-10 1.114381e-02 
2.676076e-10 1.415119e-02 
2.680435e-10 1.697541e-02 
2.684793e-10 1.961485e-02 
2.689151e-10 2.206847e-02 
2.693510e-10 2.433581e-02 
2.697868e-10 2.641698e-02 
2.702227e-10 2.831260e-02 
2.706585e-10 3.002381e-02 
2.710944e-10 3.155225e-02 
2.715302e-10 3.290002e-02 
2.719660e-10 3.406966e-02 
2.724019e-10 3.506415e-02 
2.728377e-10 3.588684e-02 
2.732736e-10 3.654147e-02 
2.737094e-10 3.703214e-02 
2.741453e-10 3.736323e-02 
2.745811e-10 3.753947e-02 
2.750169e-10 3.756582e-02 
2.754528e-10 3.744750e-02 
2.758886e-10 3.718997e-02 
2.763245e-10 3.679888e-02 
2.767603e-10 3.628004e-02 
2.771962e-10 3.563945e-02 
2.776320e-10 3.488320e-02 
2.780678e-10 3.401753e-02 
2.785037e-10 3.304874e-02 
2.789395e-10 3.198322e-02 
2.793754e-10 3.082740e-02 
2.798112e-10 2.958774e-02 
2.802471e-10 2.827073e-02 
2.806829e-10 2.688286e-02 
2.811187e-10 2.543057e-02 
2.815546e-10 2.392032e-02 
2.819904e-10 2.235848e-02 
2.824263e-10 2.075139e-02 
2.828621e-10 1.910531e-02 
2.832980e-10 1.742642e-02 
2.837338e-10 1.572079e-02 
2.841696e-10 1.399441e-02 
2.846055e-10 1.225316e-02 
2.850413e-10 1.050276e-02 
2.854772e-10 8.748848e-03 
2.859130e-10 6.996886e-03 
2.863489e-10 5.252205e-03 
2.867847e-10 3.519980e-03 
2.872205e-10 1.805223e-03 
2.876564e-10 1.127798e-04 
2.880922e-10 -1.552681e-03 
2.885281e-10 -3.186672e-03 
2.889639e-10 -4.784891e-03 
2.893998e-10 -6.343230e-03 
2.898356e-10 -7.857781e-03 
2.902714e-10 -9.324842e-03 
2.907073e-10 -1.074092e-02 
2.911431e-10 -1.210274e-02 
2.915790e-10 -1.340724e-02 
2.920148e-10 -1.465159e-02 
2.924507e-10 -1.583321e-02 
2.928865e-10 -1.694971e-02 
2.933223e-10 -1.799899e-02 
2.937582e-10 -1.897917e-02 
2.941940e-10 -1.988860e-02 
2.946299e-10 -2.072592e-02 
2.950657e-10 -2.148999e-02 
2.955016e-10 -2.217994e-02 
2.959374e-10 -2.279514e-02 
2.963733e-10 -2.333525e-02 
2.968091e-10 -2.380014e-02 
2.972449e-10 -2.418997e-02 
2.976808e-10 -2.450515e-02 
2.981166e-10 -2.474632e-02 
2.985525e-10 -2.491437e-02 
2.989883e-10 -2.501046e-02 
2.994242e-10 -2.503594e-02 
2.998600e-10 -2.499241e-02 
3.002958e-10 -2.488171e-02 
3.007317e-10 -2.470584e-02 
3.011675e-10 -2.446705e-02 
3.016034e-10 -2.416774e-02 
3.020392e-10 -2.381049e-02 
3.024751e-10 -2.339807e-02 
3.029109e-10 -2.293335e-02 
3.033467e-10 -2.241936e-02 
3.037826e-10 -2.185924e-02 
3.042184e-10 -2.125622e-02 
3.046543e-10 -2.061359e-02 
3.050901e-10 -1.993473e-02 
3.055260e-10 -1.922303e-02 
3.059618e-10 -1.848192e-02 
3.063976e-10 -1.771482e-02 
3.068335e-10 -1.692511e-02 
3.072693e-10 -1.611616e-02 
3.077052e-10 -1.529126e-02 
3.081410e-10 -1.445363e-02 
3.085769e-10 -1.360637e-02 
3.090127e-10 -1.275248e-02 
3.094485e-10 -1.189483e-02 
3.098844e-10 -1.103612e-02 
3.103202e-10 -1.017888e-02 
3.107561e-10 -9.325491e-03 
3.111919e-10 -8.478102e-03 
3.116278e-10 -7.638678e-03 
3.120636e-10 -6.808964e-03 
3.124994e-10 -5.990483e-03 
3.129353e-10 -5.184532e-03 
3.133711e-10 -4.392172e-03 
3.138070e-10 -3.614233e-03 
3.142428e-10 -2.851310e-03 
3.146787e-10 -2.103767e-03 
3.151145e-10 -1.371739e-03 
3.155503e-10 -6.551401e-04 
3.159862e-10 4.632972e-05 
3.164220e-10 7.331734e-04 
3.168579e-10 1.406086e-03 
3.172937e-10 2.065939e-03 
3.177296e-10 2.713769e-03 
3.181654e-10 3.350757e-03 
3.186012e-10 3.978211e-03 
3.190371e-10 4.597547e-03 
3.194729e-10 5.210271e-03 
3.199088e-10 5.817953e-03 
3.203446e-10 6.422209e-03 
3.207805e-10 7.024676e-03 
3.212163e-10 7.626990e-03 
3.216521e-10 8.230766e-03 
3.220880e-10 8.837571e-03 
3.225238e-10 9.448906e-03 
3.229597e-10 1.006618e-02 
3.233955e-10 1.069070e-02 
3.238314e-10 1.132364e-02 
3.242672e-10 1.196602e-02 
3.247030e-10 1.261872e-02 
3.251389e-10 1.328240e-02 
3.255747e-10 1.395756e-02 
3.260106e-10 1.464451e-02 
3.264464e-10 1.534330e-02 
3.268823e-10 1.605380e-02 
3.273181e-10 1.677565e-02 
3.277539e-10 1.750825e-02 
3.281898e-10 1.825077e-02 
3.286256e-10 1.900217e-02 
3.290615e-10 1.976118e-02 
3.294973e-10 2.052632e-02 
3.299332e-10 2.129589e-02 
3.303690e-10 2.206802e-02 
3.308048e-10 2.284063e-02 
3.312407e-10 2.361149e-02 
3.316765e-10 2.437820e-02 
3.321124e-10 2.513826e-02 
3.325482e-10 2.588903e-02 
3.329841e-10 2.662777e-02 
3.334199e-10 2.735170e-02 
3.338557e-10 2.805796e-02 
3.342916e-10 2.874368e-02 
3.347274e-10 2.940597e-02 
3.351633e-10 3.004200e-02 
3.355991e-10 3.064894e-02 
3.360350e-10 3.122406e-02 
3.364708e-10 3.176469e-02 
3.369067e-10 3.226830e-02 
3.373425e-10 3.273248e-02 
3.377783e-10 3.315497e-02 
3.382142e-10 3.353370e-02 
3.386500e-10 3.386675e-02 
3.390859e-10 3.415245e-02 
3.395217e-10 3.438931e-02 
3.399576e-10 3.457609e-02 
3.403934e-10 3.471178e-02 
3.408292e-10 3.479561e-02 
3.412651e-10 3.482709e-02 
3.417009e-10 3.480594e-02 
3.421368e-10 3.473219e-02 
3.425726e-10 3.460609e-02 
3.430085e-10 3.442815e-02 
3.434443e-10 3.419914e-02 
3.438801e-10 3.392006e-02 
3.443160e-10 3.359216e-02 
3.447518e-10 3.321691e-02 
3.451877e-10 3.279598e-02 
3.456235e-10 3.233124e-02 
3.460594e-10 3.182477e-02 
3.464952e-10 3.127878e-02 
3.469310e-10 3.069567e-02 
3.473669e-10 3.007793e-02 
3.478027e-10 2.942821e-02 
3.482386e-10 2.874921e-02 
3.486744e-10 2.804373e-02 
3.491103e-10 2.731463e-02 
3.495461e-10 2.656479e-02 
3.499819e-10 2.579711e-02 
3.504178e-10 2.501447e-02 
3.508536e-10 2.421975e-02 
3.512895e-10 2.341576e-02 
3.517253e-10 2.260526e-02 
3.521612e-10 2.179094e-02 
3.525970e-10 2.097536e-02 
3.530328e-10 2.016100e-02 
3.534687e-10 1.935019e-02 
3.539045e-10 1.854512e-02 
3.543404e-10 1.774784e-02 
3.547762e-10 1.696021e-02 
3.552121e-10 1.618394e-02 
3.556479e-10 1.542054e-02 
3.560837e-10 1.467133e-02 
3.565196e-10 1.393743e-02 
3.569554e-10 1.321977e-02 
3.573913e-10 1.251907e-02 
3.578271e-10 1.183583e-02 
3.582630e-10 1.117037e-02 
3.586988e-10 1.052279e-02 
3.591346e-10 9.892984e-03 
3.595705e-10 9.280648e-03 
3.600063e-10 8.685289e-03 
3.604422e-10 8.106219e-03 
3.608780e-10 7.542572e-03 
3.613139e-10 6.993306e-03 
3.617497e-10 6.457213e-03 
3.621855e-10 5.932928e-03 
3.626214e-10 5.418943e-03 
3.630572e-10 4.913613e-03 
3.634931e-10 4.415171e-03 
3.639289e-10 3.921739e-03 
3.643648e-10 3.431339e-03 
3.648006e-10 2.941910e-03 
3.652364e-10 2.451318e-03 
3.656723e-10 1.957370e-03 
3.661081e-10 1.457831e-03 
3.665440e-10 9.504312e-04 
3.669798e-10 4.328873e-04 
3.674157e-10 -9.708853e-05 
3.678515e-10 -6.417733e-04 
3.682873e-10 -1.203420e-03 
3.687232e-10 -1.784242e-03 
3.691590e-10 -2.386406e-03 
3.695949e-10 -3.012011e-03 
3.700307e-10 -3.663082e-03 
3.704666e-10 -4.341557e-03 
3.709024e-10 -5.049274e-03 
3.713382e-10 -5.787959e-03 
3.717741e-10 -6.559221e-03 
3.722099e-10 -7.364536e-03 
3.726458e-10 -8.205243e-03 
3.730816e-10 -9.082530e-03 
3.735175e-10 -9.997433e-03 
3.739533e-10 -1.095082e-02 
3.743892e-10 -1.194340e-02 
3.748250e-10 -1.297571e-02 
3.752608e-10 -1.404808e-02 
3.756967e-10 -1.516069e-02 
3.761325e-10 -1.631353e-02 
3.765684e-10 -1.750638e-02 
3.770042e-10 -1.873886e-02 
3.774401e-10 -2.001039e-02 
3.778759e-10 -2.132018e-02 
3.783117e-10 -2.266729e-02 
3.787476e-10 -2.405057e-02 
3.791834e-10 -2.546870e-02 
3.796193e-10 -2.692017e-02 
3.800551e-10 -2.840329e-02 
3.804910e-10 -2.991623e-02 
3.809268e-10 -3.145697e-02 
3.813626e-10 -3.302335e-02 
3.817985e-10 -3.461304e-02 
3.822343e-10 -3.622359e-02 
3.826702e-10 -3.785241e-02 
3.831060e-10 -3.949679e-02 
3.835419e-10 -4.115389e-02 
3.839777e-10 -4.282078e-02 
3.844135e-10 -4.449444e-02 
3.848494e-10 -4.617174e-02 
3.852852e-10 -4.784952e-02 
3.857211e-10 -4.952452e-02 
3.861569e-10 -5.119345e-02 
3.865928e-10 -5.285298e-02 
3.870286e-10 -5.449973e-02 
3.874644e-10 -5.613033e-02 
3.879003e-10 -5.774140e-02 
3.883361e-10 -5.932955e-02 
3.887720e-10 -6.089143e-02 
3.892078e-10 -6.242369e-02 
3.896437e-10 -6.392304e-02 
3.900795e-10 -6.538623e-02 
3.905153e-10 -6.681007e-02 
3.909512e-10 -6.819142e-02 
3.913870e-10 -6.952723e-02 
3.918229e-10 -7.081453e-02 
3.922587e-10 -7.205045e-02 
3.926946e-10 -7.323220e-02 
3.931304e-10 -7.435709e-02 
3.935662e-10 -7.542257e-02 
3.940021e-10 -7.642617e-02 
3.944379e-10 -7.736557e-02 
3.948738e-10 -7.823855e-02 
3.953096e-10 -7.904303e-02 
3.957455e-10 -7.977706e-02 
3.961813e-10 -8.043881e-02 
3.966171e-10 -8.102660e-02 
3.970530e-10 -8.153889e-02 
3.974888e-10 -8.197426e-02 
3.979247e-10 -8.233144e-02 
3.983605e-10 -8.260929e-02 
3.987964e-10 -8.280680e-02 
3.992322e-10 -8.292312e-02 
3.996680e-10 -8.295753e-02 
4.001039e-10 -8.290942e-02 
4.005397e-10 -8.277834e-02 
4.009756e-10 -8.256397e-02 
4.014114e-10 -8.226611e-02 
4.018473e-10 -8.188469e-02 
4.022831e-10 -8.141979e-02 
4.027189e-10 -8.087160e-02 
4.031548e-10 -8.024043e-02 
4.035906e-10 -7.952672e-02 
4.040265e-10 -7.873105e-02 
4.044623e-10 -7.785410e-02 
4.048982e-10 -7.689668e-02 
4.053340e-10 -7.585972e-02 
4.057698e-10 -7.474429e-02 
4.062057e-10 -7.355155e-02 
4.066415e-10 -7.228279e-02 
4.070774e-10 -7.093945e-02 
4.075132e-10 -6.952304e-02 
4.079491e-10 -6.803523e-02 
4.083849e-10 -6.647778e-02 
4.088207e-10 -6.485261e-02 
4.092566e-10 -6.316172e-02 
4.096924e-10 -6.140725e-02 
4.101283e-10 -5.959145e-02 
4.105641e-10 -5.771671e-02 
4.110000e-10 -5.578550e-02 
4.114358e-10 -5.380044e-02 
4.118716e-10 -5.176424e-02 
4.123075e-10 -4.967975e-02 
4.127433e-10 -4.754990e-02 
4.131792e-10 -4.537775e-02 
4.136150e-10 -4.316644e-02 
4.140509e-10 -4.091923e-02 
4.144867e-10 -3.863945e-02 
4.149226e-10 -3.633054e-02 
4.153584e-10 -3.399601e-02 
4.157942e-10 -3.163944e-02 
4.162301e-10 -2.926449e-02 
4.166659e-10 -2.687486e-02 
4.171018e-10 -2.447432e-02 
4.175376e-10 -2.206668e-02 
4.179735e-10 -1.965575e-02 
4.184093e-10 -1.724542e-02 
4.188451e-10 -1.483952e-02 
4.192810e-10 -1.244195e-02 
4.197168e-10 -1.005655e-02 
4.201527e-10 -7.687163e-03 
4.205885e-10 -5.337591e-03 
4.210244e-10 -3.011596e-03 
4.214602e-10 -7.128849e-04 
4.218960e-10 1.554900e-03 
4.223319e-10 3.788191e-03 
4.227677e-10 5.983507e-03 
4.232036e-10 8.137464e-03 
4.236394e-10 1.024678e-02 
4.240753e-10 1.230828e-02 
4.245111e-10 1.431893e-02 
4.249469e-10 1.627581e-02 
4.253828e-10 1.817614e-02 
4.258186e-10 2.001727e-02 
4.262545e-10 2.179672e-02 
4.266903e-10 2.351215e-02 
4.271262e-10 2.516137e-02 
4.275620e-10 2.674237e-02 
4.279978e-10 2.825328e-02 
4.284337e-10 2.969241e-02 
4.288695e-10 3.105821e-02 
4.293054e-10 3.234934e-02 
4.297412e-10 3.356457e-02 
4.301771e-10 3.470288e-02 
4.306129e-10 3.576339e-02 
4.310487e-10 3.674538e-02 
4.314846e-10 3.764830e-02 
4.319204e-10 3.847174e-02 
4.323563e-10 3.921546e-02 
4.327921e-10 3.987936e-02 
4.332280e-10 4.046348e-02 
4.336638e-10 4.096803e-02 
4.340996e-10 4.139333e-02 
4.345355e-10 4.173984e-02 
4.349713e-10 4.200817e-02 
4.354072e-10 4.219904e-02 
4.358430e-10 4.231330e-02 
4.362789e-10 4.235192e-02 
4.367147e-10 4.231599e-02 
4.371505e-10 4.220671e-02 
4.375864e-10 4.202540e-02 
4.380222e-10 4.177347e-02 
4.384581e-10 4.145244e-02 
4.388939e-10 4.106395e-02 
4.393298e-10 4.060972e-02 
4.397656e-10 4.009155e-02 
4.402014e-10 3.951138e-02 
4.406373e-10 3.887119e-02 
4.410731e-10 3.817308e-02 
4.415090e-10 3.741922e-02 
4.419448e-10 3.661186e-02 
4.423807e-10 3.575334e-02 
4.428165e-10 3.484606e-02 
4.432523e-10 3.389251e-02 
4.436882e-10 3.289522e-02 
4.441240e-10 3.185683e-02 
4.445599e-10 3.077999e-02 
4.449957e-10 2.966744e-02 
4.454316e-10 2.852197e-02 
4.458674e-10 2.734639e-02 
4.463032e-10 2.614359e-02 
4.467391e-10 2.491647e-02 
4.471749e-10 2.366796e-02 
4.476108e-10 2.240104e-02 
4.480466e-10 2.111868e-02 
4.484825e-10 1.982388e-02 
4.489183e-10 1.851962e-02 
4.493541e-10 1.720891e-02 
4.497900e-10 1.589473e-02 
4.502258e-10 1.458003e-02 
4.506617e-10 1.326775e-02 
4.510975e-10 1.196081e-02 
4.515334e-10 1.066204e-02 
4.519692e-10 9.374269e-03 
4.524050e-10 8.100235e-03 
4.528409e-10 6.842619e-03 
4.532767e-10 5.604022e-03 
4.537126e-10 4.386965e-03 
4.541484e-10 3.193873e-03 
4.545843e-10 2.027074e-03 
4.550201e-10 8.887870e-04 
4.554560e-10 -2.188820e-04 
4.558918e-10 -1.293947e-03 
4.563276e-10 -2.334550e-03 
4.567635e-10 -3.338962e-03 
4.571993e-10 -4.305594e-03 
4.576352e-10 -5.232997e-03 
4.580710e-10 -6.119867e-03 
4.585069e-10 -6.965048e-03 
4.589427e-10 -7.767534e-03 
4.593785e-10 -8.526471e-03 
4.598144e-10 -9.241160e-03 
4.602502e-10 -9.911053e-03 
4.606861e-10 -1.053575e-02 
4.611219e-10 -1.111502e-02 
4.615578e-10 -1.164876e-02 
4.619936e-10 -1.213701e-02 
4.624294e-10 -1.257998e-02 
4.628653e-10 -1.297799e-02 
4.633011e-10 -1.333152e-02 
4.637370e-10 -1.364113e-02 
4.641728e-10 -1.390756e-02 
4.646087e-10 -1.413163e-02 
4.650445e-10 -1.431426e-02 
4.654803e-10 -1.445649e-02 
4.659162e-10 -1.455945e-02 
4.663520e-10 -1.462432e-02 
4.667879e-10 -1.465240e-02 
4.672237e-10 -1.464501e-02 
4.676596e-10 -1.460356e-02 
4.680954e-10 -1.452949e-02 
4.685312e-10 -1.442427e-02 
4.689671e-10 -1.428940e-02 
4.694029e-10 -1.412641e-02 
4.698388e-10 -1.393682e-02 
4.702746e-10 -1.372217e-02 
4.707105e-10 -1.348398e-02 
4.711463e-10 -1.322376e-02 
4.715821e-10 -1.294299e-02 
4.720180e-10 -1.264313e-02 
4.724538e-10 -1.232558e-02 
4.728897e-10 -1.199174e-02 
4.733255e-10 -1.164292e-02 
4.737614e-10 -1.128040e-02 
4.741972e-10 -1.090540e-02 
4.746330e-10 -1.051908e-02 
4.750689e-10 -1.012254e-02 
4.755047e-10 -9.716822e-03 
4.759406e-10 -9.302889e-03 
4.763764e-10 -8.881649e-03 
4.768123e-10 -8.453942e-03 
4.772481e-10 -8.020545e-03 
4.776839e-10 -7.582172e-03 
4.781198e-10 -7.139474e-03 
4.785556e-10 -6.693046e-03 
4.789915e-10 -6.243424e-03 
4.794273e-10 -5.791094e-03 
4.798632e-10 -5.336491e-03 
4.802990e-10 -4.880005e-03 
4.807348e-10 -4.421987e-03 
4.811707e-10 -3.962749e-03 
4.816065e-10 -3.502571e-03 
4.820424e-10 -3.041705e-03 
4.824782e-10 -2.580382e-03 
4.829141e-10 -2.118812e-03 
4.833499e-10 -1.657189e-03 
4.837857e-10 -1.195700e-03 
4.842216e-10 -7.345238e-04 
4.846574e-10 -2.738357e-04 
4.850933e-10 1.861874e-04 
4.855291e-10 6.453654e-04 
4.859650e-10 1.103512e-03 
4.864008e-10 1.560432e-03 
4.868366e-10 2.015922e-03 
4.872725e-10 2.469764e-03 
4.877083e-10 2.921730e-03 
4.881442e-10 3.371578e-03 
4.885800e-10 3.819054e-03 
4.890159e-10 4.263891e-03 
4.894517e-10 4.705810e-03 
4.898875e-10 5.144525e-03 
4.903234e-10 5.579738e-03 
4.907592e-10 6.011148e-03 
4.911951e-10 6.438447e-03 
4.916309e-10 6.861330e-03 
4.920668e-10 7.279491e-03 
4.925026e-10 7.692633e-03 
4.929385e-10 8.100464e-03 
4.933743e-10 8.502708e-03 
4.938101e-10 8.899102e-03 
4.942460e-10 9.289407e-03 
4.946818e-10 9.673405e-03 
4.951177e-10 1.005091e-02 
4.955535e-10 1.042175e-02 
4.959894e-10 1.078581e-02 
4.964252e-10 1.114301e-02 
4.968610e-10 1.149329e-02 
4.972969e-10 1.183665e-02 
4.977327e-10 1.217314e-02 
4.981686e-10 1.250284e-02 
4.986044e-10 1.282589e-02 
4.990403e-10 1.314248e-02 
4.994761e-10 1.345286e-02 
4.999119e-10 1.375731e-02 
5.003478e-10 1.405618e-02 
5.007836e-10 1.434986e-02 
5.012195e-10 1.463879e-02 
5.016553e-10 1.492348e-02 
5.020912e-10 1.520445e-02 
5.025270e-10 1.548230e-02 
5.029628e-10 1.575764e-02 
5.033987e-10 1.603115e-02 
5.038345e-10 1.630351e-02 
5.042704e-10 1.657546e-02 
5.047062e-10 1.684775e-02 
5.051421e-10 1.712116e-02 
5.055779e-10 1.739648e-02 
5.060137e-10 1.767452e-02 
5.064496e-10 1.795608e-02 
5.068854e-10 1.824199e-02 
5.073213e-10 1.853303e-02 
5.077571e-10 1.883003e-02 
5.081930e-10 1.913375e-02 
5.086288e-10 1.944496e-02 
5.090646e-10 1.976439e-02 
5.095005e-10 2.009275e-02 
5.099363e-10 2.043069e-02 
5.103722e-10 2.077885e-02 
5.108080e-10 2.113779e-02 
5.112439e-10 2.150805e-02 
5.116797e-10 2.189009e-02 
5.121155e-10 2.228433e-02 
5.125514e-10 2.269110e-02 
5.129872e-10 2.311069e-02 
5.134231e-10 2.354332e-02 
5.138589e-10 2.398912e-02 
5.142948e-10 2.444818e-02 
5.147306e-10 2.492048e-02 
5.151664e-10 2.540596e-02 
5.156023e-10 2.590446e-02 
5.160381e-10 2.641576e-02 
5.164740e-10 2.693957e-02 
5.169098e-10 2.747552e-02 
5.173457e-10 2.802318e-02 
5.177815e-10 2.858203e-02 
5.182173e-10 2.915152e-02 
5.186532e-10 2.973101e-02 
5.190890e-10 3.031981e-02 
5.195249e-10 3.091719e-02 
5.199607e-10 3.152233e-02 
5.203966e-10 3.213441e-02 
5.208324e-10 3.275253e-02 
5.212682e-10 3.337578e-02 
5.217041e-10 3.400319e-02 
5.221399e-10 3.463379e-02 
5.225758e-10 3.526657e-02 
5.230116e-10 3.590049e-02 
5.234475e-10 3.653454e-02 
5.238833e-10 3.716764e-02 
5.243191e-10 3.779877e-02 
5.247550e-10 3.842687e-02 
5.251908e-10 3.905090e-02 
5.256267e-10 3.966982e-02 
5.260625e-10 4.028263e-02 
5.264984e-10 4.088834e-02 
5.269342e-10 4.148596e-02 
5.273700e-10 4.207457e-02 
5.278059e-10 4.265324e-02 
5.282417e-10 4.322112e-02 
5.286776e-10 4.377735e-02 
5.291134e-10 4.432116e-02 
5.295493e-10 4.485180e-02 
5.299851e-10 4.536856e-02 
5.304209e-10 4.587080e-02 
5.308568e-10 4.635794e-02 
5.312926e-10 4.682942e-02 
5.317285e-10 4.728479e-02 
5.321643e-10 4.772361e-02 
5.326002e-10 4.814555e-02 
5.330360e-10 4.855030e-02 
5.334719e-10 4.893767e-02 
5.339077e-10 4.930748e-02 
5.343435e-10 4.965968e-02 
5.347794e-10 4.999425e-02 
5.352152e-10 5.031127e-02 
5.356511e-10 5.061089e-02 
5.360869e-10 5.089334e-02 
5.365228e-10 5.115892e-02 
5.369586e-10 5.140804e-02 
5.373944e-10 5.164117e-02 
5.378303e-10 5.185887e-02 
5.382661e-10 5.206179e-02 
5.387020e-10 5.225067e-02 
5.391378e-10 5.242634e-02 
5.395737e-10 5.258971e-02 
5.400095e-10 5.274179e-02 
5.404453e-10 5.288367e-02 
5.408812e-10 5.301654e-02 
5.413170e-10 5.314167e-02 
5.417529e-10 5.326042e-02 
5.421887e-10 5.337423e-02 
5.426246e-10 5.348461e-02 
5.430604e-10 5.359319e-02 
5.434962e-10 5.370162e-02 
5.439321e-10 5.381166e-02 
5.443679e-10 5.392513e-02 
5.448038e-10 5.404389e-02 
5.452396e-10 5.416986e-02 
5.456755e-10 5.430501e-02 
5.461113e-10 5.445136e-02 
5.465471e-10 5.461092e-02 
5.469830e-10 5.478574e-02 
5.474188e-10 5.497789e-02 
5.478547e-10 5.518942e-02 
5.482905e-10 5.542236e-02 
5.487264e-10 5.567873e-02 
5.491622e-10 5.596049e-02 
5.495980e-10 5.626956e-02 
5.500339e-10 5.660780e-02 
5.504697e-10 5.697697e-02 
5.509056e-10 5.737875e-02 
5.513414e-10 5.781471e-02 
5.517773e-10 5.828630e-02 
5.522131e-10 5.879484e-02 
5.526489e-10 5.934150e-02 
5.530848e-10 5.992727e-02 
5.535206e-10 6.055301e-02 
5.539565e-10 6.121935e-02 
5.543923e-10 6.192677e-02 
5.548282e-10 6.267551e-02 
5.552640e-10 6.346562e-02 
5.556998e-10 6.429692e-02 
5.561357e-10 6.516900e-02 
5.565715e-10 6.608124e-02 
5.570074e-10 6.703275e-02 
5.574432e-10 6.802243e-02 
5.578791e-10 6.904893e-02 
5.583149e-10 7.011066e-02 
5.587507e-10 7.120580e-02 
5.591866e-10 7.233229e-02 
5.596224e-10 7.348784e-02 
5.600583e-10 7.466996e-02 
5.604941e-10 7.587592e-02 
5.609300e-10 7.710280e-02 
5.613658e-10 7.834749e-02 
5.618016e-10 7.960669e-02 
5.622375e-10 8.087695e-02 
5.626733e-10 8.215466e-02 
5.631092e-10 8.343606e-02 
5.635450e-10 8.471731e-02 
5.639809e-10 8.599442e-02 
5.644167e-10 8.726338e-02 
5.648525e-10 8.852005e-02 
5.652884e-10 8.976031e-02 
5.657242e-10 9.097998e-02 
5.661601e-10 9.217489e-02 
5.665959e-10 9.334089e-02 
5.670318e-10 9.447387e-02 
5.674676e-10 9.556978e-02 
5.679034e-10 9.662465e-02 
5.683393e-10 9.763461e-02 
5.687751e-10 9.859590e-02 
5.692110e-10 9.950490e-02 
5.696468e-10 1.003582e-01 
5.700827e-10 1.011524e-01 
5.705185e-10 1.018844e-01 
5.709543e-10 1.025514e-01 
5.713902e-10 1.031506e-01 
5.718260e-10 1.036796e-01 
5.722619e-10 1.041360e-01 
5.726977e-10 1.045179e-01 
5.731336e-10 1.048235e-01 
5.735694e-10 1.050513e-01 
5.740053e-10 1.051999e-01 
5.744411e-10 1.052685e-01 
5.748769e-10 1.052561e-01 
5.753128e-10 1.051622e-01 
5.757486e-10 1.049867e-01 
5.761845e-10 1.047293e-01 
5.766203e-10 1.043904e-01 
5.770562e-10 1.039702e-01 
5.774920e-10 1.034695e-01 
5.779278e-10 1.028890e-01 
5.783637e-10 1.022297e-01 
5.787995e-10 1.014929e-01 
5.792354e-10 1.006797e-01 
5.796712e-10 9.979164e-02 
5.801071e-10 9.883036e-02 
5.805429e-10 9.779751e-02 
5.809787e-10 9.669488e-02 
5.814146e-10 9.552430e-02 
5.818504e-10 9.428768e-02 
5.822863e-10 9.298697e-02 
5.827221e-10 9.162410e-02 
5.831580e-10 9.020105e-02 
5.835938e-10 8.871976e-02 
5.840296e-10 8.718214e-02 
5.844655e-10 8.559008e-02 
5.849013e-10 8.394540e-02 
5.853372e-10 8.224985e-02 
5.857730e-10 8.050513e-02 
5.862089e-10 7.871283e-02 
5.866447e-10 7.687447e-02 
5.870805e-10 7.499147e-02 
5.875164e-10 7.306516e-02 
5.879522e-10 7.109676e-02 
5.883881e-10 6.908740e-02 
5.888239e-10 6.703814e-02 
5.892598e-10 6.494991e-02 
5.896956e-10 6.282359e-02 
5.901314e-10 6.065997e-02 
5.905673e-10 5.845979e-02 
5.910031e-10 5.622371e-02 
5.914390e-10 5.395238e-02 
5.918748e-10 5.164639e-02 
5.923107e-10 4.930634e-02 
5.927465e-10 4.693282e-02 
5.931823e-10 4.452643e-02 
5.936182e-10 4.208781e-02 
5.940540e-10 3.961765e-02 
5.944899e-10 3.711669e-02 
5.949257e-10 3.458577e-02 
5.953616e-10 3.202580e-02 
5.957974e-10 2.943781e-02 
5.962332e-10 2.682295e-02 
5.966691e-10 2.418252e-02 
5.971049e-10 2.151794e-02 
5.975408e-10 1.883079e-02 
5.979766e-10 1.612282e-02 
5.984125e-10 1.339595e-02 
5.988483e-10 1.065226e-02 
5.992841e-10 7.894021e-03 
5.997200e-10 5.123668e-03 
6.001558e-10 2.343815e-03 
6.005917e-10 -4.427564e-04 
6.010275e-10 -3.233098e-03 
6.014634e-10 -6.024106e-03 
6.018992e-10 -8.812529e-03 
6.023350e-10 -1.159498e-02 
6.027709e-10 -1.436795e-02 
6.032067e-10 -1.712782e-02 
6.036426e-10 -1.987087e-02 
6.040784e-10 -2.259334e-02 
6.045143e-10 -2.529137e-02 
6.049501e-10 -2.796109e-02 
6.053859e-10 -3.059861e-02 
6.058218e-10 -3.320003e-02 
6.062576e-10 -3.576150e-02 
6.066935e-10 -3.827920e-02 
6.071293e-10 -4.074937e-02 
6.075652e-10 -4.316835e-02 
6.080010e-10 -4.553258e-02 
6.084368e-10 -4.783862e-02 
6.088727e-10 -5.008318e-02 
6.093085e-10 -5.226314e-02 
6.097444e-10 -5.437552e-02 
6.101802e-10 -5.641756e-02 
6.106161e-10 -5.838669e-02 
6.110519e-10 -6.028053e-02 
6.114878e-10 -6.209696e-02 
6.119236e-10 -6.383404e-02 
6.123594e-10 -6.549008e-02 
6.127953e-10 -6.706363e-02 
6.132311e-10 -6.855345e-02 
6.136670e-10 -6.995855e-02 
6.141028e-10 -7.127815e-02 
6.145387e-10 -7.251170e-02 
6.149745e-10 -7.365887e-02 
6.154103e-10 -7.471953e-02 
6.158462e-10 -7.569375e-02 
6.162820e-10 -7.658176e-02 
6.167179e-10 -7.738401e-02 
6.171537e-10 -7.810107e-02 
6.175896e-10 -7.873366e-02 
6.180254e-10 -7.928264e-02 
6.184612e-10 -7.974897e-02 
6.188971e-10 -8.013372e-02 
6.193329e-10 -8.043804e-02 
6.197688e-10 -8.066313e-02 
6.202046e-10 -8.081025e-02 
6.206405e-10 -8.088070e-02 
6.210763e-10 -8.087578e-02 
6.215121e-10 -8.079683e-02 
6.219480e-10 -8.064514e-02 
6.223838e-10 -8.042202e-02 
6.228197e-10 -8.012873e-02 
6.232555e-10 -7.976650e-02 
6.236914e-10 -7.933653e-02 
6.241272e-10 -7.883993e-02 
6.245630e-10 -7.827779e-02 
6.249989e-10 -7.765113e-02 
6.254347e-10 -7.696092e-02 
6.258706e-10 -7.620805e-02 
6.263064e-10 -7.539338e-02 
6.267423e-10 -7.451769e-02 
6.271781e-10 -7.358174e-02 
6.276139e-10 -7.258623e-02 
6.280498e-10 -7.153183e-02 
6.284856e-10 -7.041918e-02 
6.289215e-10 -6.924892e-02 
6.293573e-10 -6.802167e-02 
6.297932e-10 -6.673806e-02 
6.302290e-10 -6.539875e-02 
6.306648e-10 -6.400442e-02 
6.311007e-10 -6.255580e-02 
6.315365e-10 -6.105369e-02 
6.319724e-10 -5.949893e-02 
6.324082e-10 -5.789247e-02 
6.328441e-10 -5.623537e-02 
6.332799e-10 -5.452876e-02 
6.337157e-10 -5.277391e-02 
6.341516e-10 -5.097223e-02 
6.345874e-10 -4.912527e-02 
6.350233e-10 -4.723470e-02 
6.354591e-10 -4.530238e-02 
6.358950e-10 -4.333032e-02 
6.363308e-10 -4.132069e-02 
6.367666e-10 -3.927585e-02 
6.372025e-10 -3.719831e-02 
6.376383e-10 -3.509077e-02 
6.380742e-10 -3.295610e-02 
6.385100e-10 -3.079733e-02 
6.389459e-10 -2.861766e-02 
6.393817e-10 -2.642046e-02 
6.398175e-10 -2.420925e-02 
6.402534e-10 -2.198769e-02 
6.406892e-10 -1.975958e-02 
6.411251e-10 -1.752884e-02 
6.415609e-10 -1.529950e-02 
6.419968e-10 -1.307570e-02 
6.424326e-10 -1.086167e-02 
6.428684e-10 -8.661683e-03 
6.433043e-10 -6.480097e-03 
6.437401e-10 -4.321291e-03 
6.441760e-10 -2.189670e-03 
6.446118e-10 -8.963925e-05 
6.450477e-10 1.974408e-03 
6.454835e-10 3.998114e-03 
6.459193e-10 5.977170e-03 
6.463552e-10 7.907338e-03 
6.467910e-10 9.784468e-03 
6.472269e-10 1.160452e-02 
6.476627e-10 1.336356e-02 
6.480986e-10 1.505782e-02 
6.485344e-10 1.668367e-02 
6.489702e-10 1.823767e-02 
6.494061e-10 1.971655e-02 
6.498419e-10 2.111725e-02 
6.502778e-10 2.243693e-02 
6.507136e-10 2.367299e-02 
6.511495e-10 2.482305e-02 
6.515853e-10 2.588500e-02 
6.520212e-10 2.685699e-02 
6.524570e-10 2.773743e-02 
6.528928e-10 2.852503e-02 
6.533287e-10 2.921875e-02 
6.537645e-10 2.981788e-02 
6.542004e-10 3.032197e-02 
6.546362e-10 3.073089e-02 
6.550721e-10 3.104480e-02 
6.555079e-10 3.126414e-02 
6.559437e-10 3.138967e-02 
6.563796e-10 3.142241e-02 
6.568154e-10 3.136371e-02 
6.572513e-10 3.121517e-02 
6.576871e-10 3.097867e-02 
6.581230e-10 3.065636e-02 
6.585588e-10 3.025066e-02 
6.589946e-10 2.976421e-02 
6.594305e-10 2.919993e-02 
6.598663e-10 2.856091e-02 
6.603022e-10 2.785049e-02 
6.607380e-10 2.707220e-02 
6.611739e-10 2.622974e-02 
6.616097e-10 2.532697e-02 
6.620455e-10 2.436792e-02 
6.624814e-10 2.335674e-02 
6.629172e-10 2.229770e-02 
6.633531e-10 2.119515e-02 
6.637889e-10 2.005354e-02 
6.642248e-10 1.887737e-02 
6.646606e-10 1.767118e-02 
6.650964e-10 1.643954e-02 
6.655323e-10 1.518702e-02 
6.659681e-10 1.391819e-02 
6.664040e-10 1.263758e-02 
6.668398e-10 1.134968e-02 
6.672757e-10 1.005891e-02 
6.677115e-10 8.769627e-03 
6.681473e-10 7.486088e-03 
6.685832e-10 6.212442e-03 
6.690190e-10 4.952721e-03 
6.694549e-10 3.710826e-03 
6.698907e-10 2.490511e-03 
6.703266e-10 1.295379e-03 
6.707624e-10 1.288674e-04 
6.711982e-10 -1.005757e-03 
6.716341e-10 -2.105408e-03 
6.720699e-10 -3.167187e-03 
6.725058e-10 -4.188385e-03 
6.729416e-10 -5.166492e-03 
6.733775e-10 -6.099197e-03 
6.738133e-10 -6.984394e-03 
6.742491e-10 -7.820183e-03 
6.746850e-10 -8.604868e-03 
6.751208e-10 -9.336964e-03 
6.755567e-10 -1.001519e-02 
6.759925e-10 -1.063848e-02 
6.764284e-10 -1.120596e-02 
6.768642e-10 -1.171697e-02 
6.773000e-10 -1.217105e-02 
6.777359e-10 -1.256794e-02 
6.781717e-10 -1.290758e-02 
6.786076e-10 -1.319009e-02 
6.790434e-10 -1.341580e-02 
6.794793e-10 -1.358520e-02 
6.799151e-10 -1.369899e-02 
6.803509e-10 -1.375805e-02 
6.807868e-10 -1.376340e-02 
6.812226e-10 -1.371629e-02 
6.816585e-10 -1.361808e-02 
6.820943e-10 -1.347033e-02 
6.825302e-10 -1.327476e-02 
6.829660e-10 -1.303323e-02 
6.834018e-10 -1.274777e-02 
6.838377e-10 -1.242055e-02 
6.842735e-10 -1.205389e-02 
6.847094e-10 -1.165024e-02 
6.851452e-10 -1.121222e-02 
6.855811e-10 -1.074253e-02 
6.860169e-10 -1.024405e-02 
6.864527e-10 -9.719750e-03 
6.868886e-10 -9.172728e-03 
6.873244e-10 -8.606195e-03 
6.877603e-10 -8.023467e-03 
6.881961e-10 -7.427961e-03 
6.886320e-10 -6.823185e-03 
6.890678e-10 -6.212734e-03 
6.895037e-10 -5.600283e-03 
6.899395e-10 -4.989574e-03 
6.903753e-10 -4.384410e-03 
6.908112e-10 -3.788647e-03 
6.912470e-10 -3.206183e-03 
6.916829e-10 -2.640945e-03 
6.921187e-10 -2.096882e-03 
6.925546e-10 -1.577951e-03 
6.929904e-10 -1.088105e-03 
6.934262e-10 -6.312810e-04 
6.938621e-10 -2.113871e-04 
6.942979e-10 1.677111e-04 
6.947338e-10 5.022039e-04 
6.951696e-10 7.883520e-04 
6.956055e-10 1.022500e-03 
6.960413e-10 1.201091e-03 
6.964771e-10 1.320681e-03 
6.969130e-10 1.377953e-03 
6.973488e-10 1.369731e-03 
6.977847e-10 1.292993e-03 
6.982205e-10 1.144888e-03 
6.986564e-10 9.227446e-04 
6.990922e-10 6.240872e-04 
6.995280e-10 2.466463e-04 
6.999639e-10 -2.116295e-04 
7.003997e-10 -7.525630e-04 
7.008356e-10 -1.377738e-03 
7.012714e-10 -2.088492e-03 
7.017073e-10 -2.885907e-03 
7.021431e-10 -3.770801e-03 
7.025789e-10 -4.743727e-03 
7.030148e-10 -5.804965e-03 
7.034506e-10 -6.954518e-03 
7.038865e-10 -8.192114e-03 
7.043223e-10 -9.517201e-03 
7.047582e-10 -1.092895e-02 
7.051940e-10 -1.242625e-02 
7.056298e-10 -1.400773e-02 
7.060657e-10 -1.567174e-02 
7.065015e-10 -1.741636e-02 
7.069374e-10 -1.923944e-02 
7.073732e-10 -2.113855e-02 
7.078091e-10 -2.311103e-02 
7.082449e-10 -2.515400e-02 
7.086807e-10 -2.726435e-02 
7.091166e-10 -2.943876e-02 
7.095524e-10 -3.167372e-02 
7.099883e-10 -3.396552e-02 
7.104241e-10 -3.631031e-02 
7.108600e-10 -3.870406e-02 
7.112958e-10 -4.114259e-02 
7.117316e-10 -4.362162e-02 
7.121675e-10 -4.613672e-02 
7.126033e-10 -4.868339e-02 
7.130392e-10 -5.125703e-02 
7.134750e-10 -5.385297e-02 
7.139109e-10 -5.646648e-02 
7.143467e-10 -5.909279e-02 
7.147825e-10 -6.172710e-02 
7.152184e-10 -6.436458e-02 
7.156542e-10 -6.700040e-02 
7.160901e-10 -6.962975e-02 
7.165259e-10 -7.224782e-02 
7.169618e-10 -7.484983e-02 
7.173976e-10 -7.743105e-02 
7.178334e-10 -7.998678e-02 
7.182693e-10 -8.251240e-02 
7.187051e-10 -8.500334e-02 
7.191410e-10 -8.745510e-02 
7.195768e-10 -8.986328e-02 
7.200127e-10 -9.222355e-02 
7.204485e-10 -9.453170e-02 
7.208843e-10 -9.678360e-02 
7.213202e-10 -9.897524e-02 
7.217560e-10 -1.011027e-01 
7.221919e-10 -1.031623e-01 
7.226277e-10 -1.051503e-01 
7.230636e-10 -1.070632e-01 
7.234994e-10 -1.088977e-01 
7.239352e-10 -1.106506e-01 
7.243711e-10 -1.123186e-01 
7.248069e-10 -1.138991e-01 
7.252428e-10 -1.153891e-01 
7.256786e-10 -1.167862e-01 
7.261145e-10 -1.180878e-01 
7.265503e-10 -1.192918e-01 
7.269861e-10 -1.203961e-01 
7.274220e-10 -1.213990e-01 
7.278578e-10 -1.222986e-01 
7.282937e-10 -1.230935e-01 
7.287295e-10 -1.237826e-01 
7.291654e-10 -1.243646e-01 
7.296012e-10 -1.248389e-01 
7.300371e-10 -1.252048e-01 
7.304729e-10 -1.254618e-01 
7.309087e-10 -1.256099e-01 
7.313446e-10 -1.256490e-01 
7.317804e-10 -1.255794e-01 
7.322163e-10 -1.254016e-01 
7.326521e-10 -1.251163e-01 
7.330880e-10 -1.247244e-01 
7.335238e-10 -1.242271e-01 
7.339596e-10 -1.236257e-01 
7.343955e-10 -1.229217e-01 
7.348313e-10 -1.221170e-01 
7.352672e-10 -1.212134e-01 
7.357030e-10 -1.202132e-01 
7.361389e-10 -1.191186e-01 
7.365747e-10 -1.179320e-01 
7.370105e-10 -1.166562e-01 
7.374464e-10 -1.152940e-01 
7.378822e-10 -1.138481e-01 
7.383181e-10 -1.123218e-01 
7.387539e-10 -1.107181e-01 
7.391898e-10 -1.090402e-01 
7.396256e-10 -1.072916e-01 
7.400614e-10 -1.054756e-01 
7.404973e-10 -1.035956e-01 
7.409331e-10 -1.016553e-01 
7.413690e-10 -9.965809e-02 
7.418048e-10 -9.760761e-02 
7.422407e-10 -9.550742e-02 
7.426765e-10 -9.336111e-02 
7.431123e-10 -9.117227e-02 
7.435482e-10 -8.894445e-02 
7.439840e-10 -8.668119e-02 
7.444199e-10 -8.438600e-02 
7.448557e-10 -8.206234e-02 
7.452916e-10 -7.971364e-02 
7.457274e-10 -7.734327e-02 
7.461632e-10 -7.495456e-02 
7.465991e-10 -7.255079e-02 
7.470349e-10 -7.013516e-02 
7.474708e-10 -6.771084e-02 
7.479066e-10 -6.528094e-02 
7.483425e-10 -6.284849e-02 
7.487783e-10 -6.041648e-02 
7.492141e-10 -5.798786e-02 
7.496500e-10 -5.556550e-02 
7.500858e-10 -5.315224e-02 
7.505217e-10 -5.075086e-02 
7.509575e-10 -4.836408e-02 
7.513934e-10 -4.599460e-02 
7.518292e-10 -4.364506e-02 
7.522650e-10 -4.131806e-02 
7.527009e-10 -3.901615e-02 
7.531367e-10 -3.674184e-02 
7.535726e-10 -3.449761e-02 
7.540084e-10 -3.228587e-02 
7.544443e-10 -3.010901e-02 
7.548801e-10 -2.796936e-02 
7.553159e-10 -2.586920e-02 
7.557518e-10 -2.381074e-02 
7.561876e-10 -2.179616e-02 
7.566235e-10 -1.982754e-02 
7.570593e-10 -1.790693e-02 
7.574952e-10 -1.603627e-02 
7.579310e-10 -1.421743e-02 
7.583668e-10 -1.245219e-02 
7.588027e-10 -1.074221e-02 
7.592385e-10 -9.089081e-03 
7.596744e-10 -7.494245e-03 
7.601102e-10 -5.959039e-03 
7.605461e-10 -4.484664e-03 
7.609819e-10 -3.072182e-03 
7.614177e-10 -1.722510e-03 
7.618536e-10 -4.364094e-04 
7.622894e-10 7.855171e-04 
7.627253e-10 1.942834e-03 
7.631611e-10 3.035277e-03 
7.635970e-10 4.062758e-03 
7.640328e-10 5.025371e-03 
7.644686e-10 5.923389e-03 
7.649045e-10 6.757274e-03 
7.653403e-10 7.527670e-03 
7.657762e-10 8.235408e-03 
7.662120e-10 8.881503e-03 
7.666479e-10 9.467151e-03 
7.670837e-10 9.993725e-03 
7.675195e-10 1.046277e-02 
7.679554e-10 1.087601e-02 
7.683912e-10 1.123530e-02 
7.688271e-10 1.154268e-02 
7.692629e-10 1.180033e-02 
7.696988e-10 1.201053e-02 
7.701346e-10 1.217573e-02 
7.705705e-10 1.229847e-02 
7.710063e-10 1.238138e-02 
7.714421e-10 1.242720e-02 
7.718780e-10 1.243874e-02 
7.723138e-10 1.241886e-02 
7.727497e-10 1.237048e-02 
7.731855e-10 1.229655e-02 
7.736214e-10 1.220005e-02 
7.740572e-10 1.208395e-02 
7.744930e-10 1.195122e-02 
7.749289e-10 1.180482e-02 
7.753647e-10 1.164766e-02 
7.758006e-10 1.148262e-02 
7.762364e-10 1.131249e-02 
7.766723e-10 1.114003e-02 
7.771081e-10 1.096788e-02 
7.775439e-10 1.079859e-02 
7.779798e-10 1.063463e-02 
7.784156e-10 1.047832e-02 
7.788515e-10 1.033189e-02 
7.792873e-10 1.019741e-02 
7.797232e-10 1.007682e-02 
7.801590e-10 9.971915e-03 
7.805948e-10 9.884341e-03 
7.810307e-10 9.815585e-03 
7.814665e-10 9.766974e-03 
7.819024e-10 9.739673e-03 
7.823382e-10 9.734683e-03 
7.827741e-10 9.752839e-03 
7.832099e-10 9.794812e-03 
7.836457e-10 9.861107e-03 
7.840816e-10 9.952067e-03 
7.845174e-10 1.006787e-02 
7.849533e-10 1.020856e-02 
7.853891e-10 1.037398e-02 
7.858250e-10 1.056388e-02 
7.862608e-10 1.077784e-02 
7.866966e-10 1.101529e-02 
7.871325e-10 1.127555e-02 
7.875683e-10 1.155783e-02 
7.880042e-10 1.186118e-02 
7.884400e-10 1.218460e-02 
7.888759e-10 1.252693e-02 
7.893117e-10 1.288697e-02 
7.897475e-10 1.326342e-02 
7.901834e-10 1.365489e-02 
7.906192e-10 1.405995e-02 
7.910551e-10 1.447710e-02 
7.914909e-10 1.490480e-02 
7.919268e-10 1.534147e-02 
7.923626e-10 1.578549e-02 
7.927984e-10 1.623525e-02 
7.932343e-10 1.668909e-02 
7.936701e-10 1.714535e-02 
7.941060e-10 1.760240e-02 
7.945418e-10 1.805859e-02 
7.949777e-10 1.851228e-02 
7.954135e-10 1.896187e-02 
7.958493e-10 1.940578e-02 
7.962852e-10 1.984246e-02 
7.967210e-10 2.027037e-02 
7.971569e-10 2.068805e-02 
7.975927e-10 2.109404e-02 
7.980286e-10 2.148696e-02 
7.984644e-10 2.186545e-02 
7.989002e-10 2.222822e-02 
7.993361e-10 2.257400e-02 
7.997719e-10 2.290159e-02 
8.002078e-10 2.320984e-02 
8.006436e-10 2.349764e-02 
8.010795e-10 2.376396e-02 
8.015153e-10 2.400777e-02 
8.019511e-10 2.422815e-02 
8.023870e-10 2.442417e-02 
8.028228e-10 2.459500e-02 
8.032587e-10 2.473982e-02 
8.036945e-10 2.485789e-02 
8.041304e-10 2.494849e-02 
8.045662e-10 2.501096e-02 
8.050020e-10 2.504469e-02 
8.054379e-10 2.504911e-02 
8.058737e-10 2.502369e-02 
8.063096e-10 2.496798e-02 
8.067454e-10 2.488152e-02 
8.071813e-10 2.476396e-02 
8.076171e-10 2.461495e-02 
8.080530e-10 2.443423e-02 
8.084888e-10 2.422156e-02 
8.089246e-10 2.397678e-02 
8.093605e-10 2.369978e-02 
8.097963e-10 2.339050e-02 
8.102322e-10 2.304896e-02 
8.106680e-10 2.267522e-02 
8.111039e-10 2.226943e-02 
8.115397e-10 2.183180e-02 
8.119755e-10 2.136263e-02 
8.124114e-10 2.086226e-02 
8.128472e-10 2.033115e-02 
8.132831e-10 1.976982e-02 
8.137189e-10 1.917888e-02 
8.141548e-10 1.855902e-02 
8.145906e-10 1.791104e-02 
8.150264e-10 1.723579e-02 
8.154623e-10 1.653426e-02 
8.158981e-10 1.580749e-02 
8.163340e-10 1.505665e-02 
8.167698e-10 1.428296e-02 
8.172057e-10 1.348778e-02 
8.176415e-10 1.267252e-02 
8.180773e-10 1.183871e-02 
8.185132e-10 1.098793e-02 
8.189490e-10 1.012189e-02 
8.193849e-10 9.242351e-03 
8.198207e-10 8.351153e-03 
8.202566e-10 7.450216e-03 
8.206924e-10 6.541527e-03 
8.211282e-10 5.627133e-03 
8.215641e-10 4.709139e-03 
8.219999e-10 3.789700e-03 
8.224358e-10 2.871017e-03 
8.228716e-10 1.955326e-03 
8.233075e-10 1.044894e-03 
8.237433e-10 1.420105e-04 
8.241791e-10 -7.510199e-04 
8.246150e-10 -1.631886e-03 
8.250508e-10 -2.498276e-03 
8.254867e-10 -3.347889e-03 
8.259225e-10 -4.178440e-03 
8.263584e-10 -4.987668e-03 
8.267942e-10 -5.773348e-03 
8.272300e-10 -6.533294e-03 
8.276659e-10 -7.265369e-03 
8.281017e-10 -7.967495e-03 
8.285376e-10 -8.637656e-03 
8.289734e-10 -9.273910e-03 
8.294093e-10 -9.874394e-03 
8.298451e-10 -1.043733e-02 
8.302809e-10 -1.096104e-02 
8.307168e-10 -1.144393e-02 
8.311526e-10 -1.188452e-02 
8.315885e-10 -1.228146e-02 
8.320243e-10 -1.263349e-02 
8.324602e-10 -1.293949e-02 
8.328960e-10 -1.319846e-02 
8.333318e-10 -1.340953e-02 
8.337677e-10 -1.357197e-02 
8.342035e-10 -1.368520e-02 
8.346394e-10 -1.374876e-02 
8.350752e-10 -1.376236e-02 
8.355111e-10 -1.372585e-02 
8.359469e-10 -1.363922e-02 
8.363827e-10 -1.350264e-02 
8.368186e-10 -1.331640e-02 
8.372544e-10 -1.308096e-02 
8.376903e-10 -1.279694e-02 
8.381261e-10 -1.246510e-02 
8.385620e-10 -1.208637e-02 
8.389978e-10 -1.166180e-02 
8.394336e-10 -1.119262e-02 
8.398695e-10 -1.068018e-02 
8.403053e-10 -1.012600e-02 
8.407412e-10 -9.531698e-03 
8.411770e-10 -8.899062e-03 
8.416129e-10 -8.229989e-03 
8.420487e-10 -7.526500e-03 
8.424845e-10 -6.790734e-03 
8.429204e-10 -6.024937e-03 
8.433562e-10 -5.231456e-03 
8.437921e-10 -4.412734e-03 
8.442279e-10 -3.571295e-03 
8.446638e-10 -2.709743e-03 
8.450996e-10 -1.830746e-03 
8.455354e-10 -9.370327e-04 
8.459713e-10 -3.137824e-05 
8.464071e-10 8.834038e-04 
8.468430e-10 1.804472e-03 
8.472788e-10 2.728966e-03 
8.477147e-10 3.654021e-03 
8.481505e-10 4.576772e-03 
8.485864e-10 5.494368e-03 
8.490222e-10 6.403984e-03 
8.494580e-10 7.302826e-03 
8.498939e-10 8.188144e-03 
8.503297e-10 9.057243e-03 
8.507656e-10 9.907488e-03 
8.512014e-10 1.073632e-02 
8.516373e-10 1.154125e-02 
8.520731e-10 1.231990e-02 
8.525089e-10 1.306995e-02 
8.529448e-10 1.378923e-02 
8.533806e-10 1.447565e-02 
8.538165e-10 1.512724e-02 
8.542523e-10 1.574215e-02 
8.546882e-10 1.631868e-02 
8.551240e-10 1.685524e-02 
8.555598e-10 1.735038e-02 
8.559957e-10 1.780279e-02 
8.564315e-10 1.821131e-02 
8.568674e-10 1.857491e-02 
8.573032e-10 1.889272e-02 
8.577391e-10 1.916402e-02 
8.581749e-10 1.938822e-02 
8.586107e-10 1.956490e-02 
8.590466e-10 1.969376e-02 
8.594824e-10 1.977469e-02 
8.599183e-10 1.980768e-02 
8.603541e-10 1.979289e-02 
8.607900e-10 1.973062e-02 
8.612258e-10 1.962131e-02 
8.616616e-10 1.946553e-02 
8.620975e-10 1.926399e-02 
8.625333e-10 1.901752e-02 
8.629692e-10 1.872709e-02 
8.634050e-10 1.839378e-02 
8.638409e-10 1.801879e-02 
8.642767e-10 1.760345e-02 
8.647125e-10 1.714916e-02 
8.651484e-10 1.665745e-02 
8.655842e-10 1.612994e-02 
8.660201e-10 1.556835e-02 
8.664559e-10 1.497445e-02 
8.668918e-10 1.435014e-02 
8.673276e-10 1.369734e-02 
8.677634e-10 1.301806e-02 
8.681993e-10 1.231438e-02 
8.686351e-10 1.158840e-02 
8.690710e-10 1.084228e-02 
8.695068e-10 1.007822e-02 
8.699427e-10 9.298437e-03 
8.703785e-10 8.505170e-03 
8.708143e-10 7.700674e-03 
8.712502e-10 6.887205e-03 
8.716860e-10 6.067016e-03 
8.721219e-10 5.242349e-03 
8.725577e-10 4.415422e-03 
8.729936e-10 3.588430e-03 
8.734294e-10 2.763527e-03 
8.738652e-10 1.942826e-03 
8.743011e-10 1.128386e-03 
8.747369e-10 3.222088e-04 
8.751728e-10 -4.737716e-04 
8.756086e-10 -1.257695e-03 
8.760445e-10 -2.027779e-03 
8.764803e-10 -2.782331e-03 
8.769161e-10 -3.519748e-03 
8.773520e-10 -4.238524e-03 
8.777878e-10 -4.937257e-03 
8.782237e-10 -5.614650e-03 
8.786595e-10 -6.269515e-03 
8.790954e-10 -6.900777e-03 
8.795312e-10 -7.507477e-03 
8.799670e-10 -8.088771e-03 
8.804029e-10 -8.643933e-03 
8.808387e-10 -9.172351e-03 
8.812746e-10 -9.673533e-03 
8.817104e-10 -1.014710e-02 
8.821463e-10 -1.059278e-02 
8.825821e-10 -1.101043e-02 
8.830179e-10 -1.139998e-02 
8.834538e-10 -1.176149e-02 
8.838896e-10 -1.209510e-02 
8.843255e-10 -1.240105e-02 
8.847613e-10 -1.267965e-02 
8.851972e-10 -1.293131e-02 
8.856330e-10 -1.315648e-02 
8.860688e-10 -1.335571e-02 
8.865047e-10 -1.352956e-02 
8.869405e-10 -1.367867e-02 
8.873764e-10 -1.380370e-02 
8.878122e-10 -1.390537e-02 
8.882481e-10 -1.398438e-02 
8.886839e-10 -1.404147e-02 
8.891198e-10 -1.407738e-02 
8.895556e-10 -1.409285e-02 
8.899914e-10 -1.408862e-02 
8.904273e-10 -1.406541e-02 
8.908631e-10 -1.402390e-02 
8.912990e-10 -1.396478e-02 
8.917348e-10 -1.388869e-02 
8.921707e-10 -1.379624e-02 
8.926065e-10 -1.368799e-02 
8.930423e-10 -1.356449e-02 
8.934782e-10 -1.342622e-02 
8.939140e-10 -1.327363e-02 
8.943499e-10 -1.310714e-02 
8.947857e-10 -1.292712e-02 
8.952216e-10 -1.273389e-02 
8.956574e-10 -1.252775e-02 
8.960932e-10 -1.230897e-02 
8.965291e-10 -1.207778e-02 
8.969649e-10 -1.183439e-02 
8.974008e-10 -1.157899e-02 
8.978366e-10 -1.131175e-02 
8.982725e-10 -1.103286e-02 
8.987083e-10 -1.074246e-02 
8.991441e-10 -1.044073e-02 
8.995800e-10 -1.012785e-02 
9.000158e-10 -9.804008e-03 
9.004517e-10 -9.469419e-03 
9.008875e-10 -9.124322e-03 
9.013234e-10 -8.768986e-03 
9.017592e-10 -8.403717e-03 
9.021950e-10 -8.028861e-03 
9.026309e-10 -7.644805e-03 
9.030667e-10 -7.251984e-03 
9.035026e-10 -6.850878e-03 
9.039384e-10 -6.442017e-03 
9.043743e-10 -6.025981e-03 
9.048101e-10 -5.603396e-03 
9.052459e-10 -5.174939e-03 
9.056818e-10 -4.741330e-03 
9.061176e-10 -4.303331e-03 
9.065535e-10 -3.861745e-03 
9.069893e-10 -3.417408e-03 
9.074252e-10 -2.971187e-03 
9.078610e-10 -2.523971e-03 
9.082968e-10 -2.076668e-03 
9.087327e-10 -1.630199e-03 
9.091685e-10 -1.185487e-03 
9.096044e-10 -7.434550e-04 
9.100402e-10 -3.050144e-04 
9.104761e-10 1.289388e-04 
9.109119e-10 5.575329e-04 
9.113477e-10 9.799271e-04 
9.117836e-10 1.395318e-03 
9.122194e-10 1.802946e-03 
9.126553e-10 2.202102e-03 
9.130911e-10 2.592130e-03 
9.135270e-10 2.972436e-03 
9.139628e-10 3.342488e-03 
9.143986e-10 3.701821e-03 
9.148345e-10 4.050041e-03 
9.152703e-10 4.386823e-03 
9.157062e-10 4.711914e-03 
9.161420e-10 5.025134e-03 
9.165779e-10 5.326372e-03 
9.170137e-10 5.615589e-03 
9.174495e-10 5.892809e-03 
9.178854e-10 6.158123e-03 
9.183212e-10 6.411677e-03 
9.187571e-10 6.653677e-03 
9.191929e-10 6.884373e-03 
9.196288e-10 7.104063e-03 
9.200646e-10 7.313082e-03 
9.205004e-10 7.511794e-03 
9.209363e-10 7.700590e-03 
9.213721e-10 7.879877e-03 
9.218080e-10 8.050075e-03 
9.222438e-10 8.211607e-03 
9.226797e-10 8.364894e-03 
9.231155e-10 8.510346e-03 
9.235513e-10 8.648361e-03 
9.239872e-10 8.779313e-03 
9.244230e-10 8.903554e-03 
9.248589e-10 9.021402e-03 
9.252947e-10 9.133141e-03 
9.257306e-10 9.239018e-03 
9.261664e-10 9.339236e-03 
9.266023e-10 9.433958e-03 
9.270381e-10 9.523300e-03 
9.274739e-10 9.607334e-03 
9.279098e-10 9.686086e-03 
9.283456e-10 9.759538e-03 
9.287815e-10 9.827628e-03 
9.292173e-10 9.890253e-03 
9.296532e-10 9.947272e-03 
9.300890e-10 9.998508e-03 
9.305248e-10 1.004375e-02 
9.309607e-10 1.008278e-02 
9.313965e-10 1.011531e-02 
9.318324e-10 1.014109e-02 
9.322682e-10 1.015982e-02 
9.327041e-10 1.017120e-02 
9.331399e-10 1.017494e-02 
9.335757e-10 1.017073e-02 
9.340116e-10 1.015830e-02 
9.344474e-10 1.013736e-02 
9.348833e-10 1.010765e-02 
9.353191e-10 1.006895e-02 
9.357550e-10 1.002105e-02 
9.361908e-10 9.963774e-03 
9.366266e-10 9.896976e-03 
9.370625e-10 9.820557e-03 
9.374983e-10 9.734456e-03 
9.379342e-10 9.638653e-03 
9.383700e-10 9.533174e-03 
9.388059e-10 9.418091e-03 
9.392417e-10 9.293520e-03 
9.396775e-10 9.159625e-03 
9.401134e-10 9.016617e-03 
9.405492e-10 8.864749e-03 
9.409851e-10 8.704320e-03 
9.414209e-10 8.535670e-03 
9.418568e-10 8.359176e-03 
9.422926e-10 8.175255e-03 
9.427284e-10 7.984355e-03 
9.431643e-10 7.786956e-03 
9.436001e-10 7.583565e-03 
9.440360e-10 7.374711e-03 
9.444718e-10 7.160941e-03 
9.449077e-10 6.942821e-03 
9.453435e-10 6.720925e-03 
9.457793e-10 6.495835e-03 
9.462152e-10 6.268137e-03 
9.466510e-10 6.038417e-03 
9.470869e-10 5.807255e-03 
9.475227e-10 5.575225e-03 
9.479586e-10 5.342889e-03 
9.483944e-10 5.110797e-03 
9.488302e-10 4.879480e-03 
9.492661e-10 4.649450e-03 
9.497019e-10 4.421200e-03 
9.501378e-10 4.195199e-03 
9.505736e-10 3.971891e-03 
9.510095e-10 3.751696e-03 
9.514453e-10 3.535007e-03 
9.518811e-10 3.322192e-03 
9.523170e-10 3.113592e-03 
9.527528e-10 2.909522e-03 
9.531887e-10 2.710272e-03 
9.536245e-10 2.516109e-03 
9.540604e-10 2.327276e-03 
9.544962e-10 2.143995e-03 
9.549320e-10 1.966470e-03 
9.553679e-10 1.794884e-03 
9.558037e-10 1.629407e-03 
9.562396e-10 1.470195e-03 
9.566754e-10 1.317392e-03 
9.571113e-10 1.171133e-03 
9.575471e-10 1.031546e-03 
9.579829e-10 8.987540e-04 
9.584188e-10 7.728780e-04 
9.588546e-10 6.540373e-04 
9.592905e-10 5.423524e-04 
9.597263e-10 4.379461e-04 
9.601622e-10 3.409450e-04 
9.605980e-10 2.514804e-04 
9.610338e-10 1.696896e-04 
9.614697e-10 9.571575e-05 
9.619055e-10 2.970864e-05 
9.623414e-10 -2.817557e-05 
9.627772e-10 -7.777474e-05 
9.632131e-10 -1.189214e-04 
9.636489e-10 -1.514437e-04 
9.640847e-10 -1.751668e-04 
9.645206e-10 -1.899143e-04 
9.649564e-10 -1.955103e-04 
9.653923e-10 -1.917811e-04 
9.658281e-10 -1.785580e-04 
9.662640e-10 -1.556793e-04 
9.666998e-10 -1.229932e-04 
9.671357e-10 -8.036048e-05 
9.675715e-10 -2.765749e-05 
9.680073e-10 3.522119e-05 
9.684432e-10 1.083597e-04 
9.688790e-10 1.918181e-04 
9.693149e-10 2.856294e-04 
9.697507e-10 3.897973e-04 
9.701866e-10 5.042932e-04 
9.706224e-10 6.290540e-04 
9.710582e-10 7.639801e-04 
9.714941e-10 9.089335e-04 
9.719299e-10 1.063736e-03 
9.723658e-10 1.228168e-03 
9.728016e-10 1.401968e-03 
9.732375e-10 1.584832e-03 
9.736733e-10 1.776412e-03 
9.741091e-10 1.976317e-03 
9.745450e-10 2.184114e-03 
9.749808e-10 2.399329e-03 
9.754167e-10 2.621447e-03 
9.758525e-10 2.849915e-03 
9.762884e-10 3.084143e-03 
9.767242e-10 3.323506e-03 
9.771600e-10 3.567348e-03 
9.775959e-10 3.814985e-03 
9.780317e-10 4.065706e-03 
9.784676e-10 4.318779e-03 
9.789034e-10 4.573453e-03 
9.793393e-10 4.828963e-03 
9.797751e-10 5.084533e-03 
9.802109e-10 5.339379e-03 
9.806468e-10 5.592716e-03 
9.810826e-10 5.843761e-03 
9.815185e-10 6.091734e-03 
9.819543e-10 6.335868e-03 
9.823902e-10 6.575407e-03 
9.828260e-10 6.809614e-03 
9.832618e-10 7.037772e-03 
9.836977e-10 7.259191e-03 
9.841335e-10 7.473207e-03 
9.845694e-10 7.679188e-03 
9.850052e-10 7.876536e-03 
9.854411e-10 8.064690e-03 
9.858769e-10 8.243128e-03 
9.863127e-10 8.411370e-03 
9.867486e-10 8.568977e-03 
9.871844e-10 8.715558e-03 
9.876203e-10 8.850763e-03 
9.880561e-10 8.974294e-03 
9.884920e-10 9.085895e-03 
9.889278e-10 9.185361e-03 
9.893636e-10 9.272535e-03 
9.897995e-10 9.347305e-03 
9.902353e-10 9.409607e-03 
9.906712e-10 9.459424e-03 
9.911070e-10 9.496784e-03 
9.915429e-10 9.521758e-03 
9.919787e-10 9.534462e-03 
9.924145e-10 9.535051e-03 
9.928504e-10 9.523721e-03 
9.932862e-10 9.500704e-03 
9.937221e-10 9.466268e-03 
9.941579e-10 9.420717e-03 
9.945938e-10 9.364382e-03 
9.950296e-10 9.297624e-03 
9.954654e-10 9.220832e-03 
9.959013e-10 9.134415e-03 
9.963371e-10 9.038807e-03 
9.967730e-10 8.934456e-03 
9.972088e-10 8.821828e-03 
9.976447e-10 8.701402e-03 
9.980805e-10 8.573664e-03 
9.985163e-10 8.439111e-03 
9.989522e-10 8.298242e-03 
9.993880e-10 8.151557e-03 
