0 0 
4.358430e-13 0 
8.716860e-13 0 
1.307529e-12 0 
1.743372e-12 1.436863e-17 
2.179215e-12 1.437576e-16 
2.615058e-12 7.875162e-16 
3.050901e-12 3.123791e-15 
3.486744e-12 1.002468e-14 
3.922587e-12 2.760093e-14 
4.358430e-12 6.757676e-14 
4.794273e-12 1.506753e-13 
5.230116e-12 3.111477e-13 
5.665959e-12 6.025090e-13 
6.101802e-12 1.104461e-12 
6.537645e-12 1.930908e-12 
6.973488e-12 3.238919e-12 
7.409331e-12 5.238511e-12 
7.845174e-12 8.203213e-12 
8.281017e-12 1.248160e-11 
8.716860e-12 1.851032e-11 
9.152703e-12 2.682968e-11 
9.588546e-12 3.810340e-11 
1.002439e-11 5.314501e-11 
1.046023e-11 7.295402e-11 
1.089608e-11 9.876594e-11 
1.133192e-11 1.321209e-10 
1.176776e-11 1.749565e-10 
1.220360e-11 2.297306e-10 
1.263945e-11 2.995813e-10 
1.307529e-11 3.885313e-10 
1.351113e-11 5.017448e-10 
1.394698e-11 6.458470e-10 
1.438282e-11 8.293183e-10 
1.481866e-11 1.062978e-09 
1.525451e-11 1.360576e-09 
1.569035e-11 1.739521e-09 
1.612619e-11 2.221771e-09 
1.656203e-11 2.834937e-09 
1.699788e-11 3.613638e-09 
1.743372e-11 4.601184e-09 
1.786956e-11 5.851658e-09 
1.830541e-11 7.432489e-09 
1.874125e-11 9.427628e-09 
1.917709e-11 1.194147e-08 
1.961294e-11 1.510367e-08 
2.004878e-11 1.907502e-08 
2.048462e-11 2.405470e-08 
2.092046e-11 3.028904e-08 
2.135631e-11 3.808223e-08 
2.179215e-11 4.780932e-08 
2.222799e-11 5.993193e-08 
2.266384e-11 7.501736e-08 
2.309968e-11 9.376155e-08 
2.353552e-11 1.170169e-07 
2.397137e-11 1.458255e-07 
2.440721e-11 1.814598e-07 
2.484305e-11 2.254703e-07 
2.527889e-11 2.797434e-07 
2.571474e-11 3.465709e-07 
2.615058e-11 4.287319e-07 
2.658642e-11 5.295912e-07 
2.702227e-11 6.532161e-07 
2.745811e-11 8.045146e-07 
2.789395e-11 9.893996e-07 
2.832980e-11 1.214983e-06 
2.876564e-11 1.489803e-06 
2.920148e-11 1.824097e-06 
2.963733e-11 2.230113e-06 
3.007317e-11 2.722487e-06 
3.050901e-11 3.318671e-06 
3.094485e-11 4.039449e-06 
3.138070e-11 4.909523e-06 
3.181654e-11 5.958207e-06 
3.225238e-11 7.220225e-06 
3.268823e-11 8.736645e-06 
3.312407e-11 1.055595e-05 
3.355991e-11 1.273527e-05 
3.399576e-11 1.534183e-05 
3.443160e-11 1.845459e-05 
3.486744e-11 2.216611e-05 
3.530328e-11 2.658472e-05 
3.573913e-11 3.183701e-05 
3.617497e-11 3.807059e-05 
3.661081e-11 4.545734e-05 
3.704666e-11 5.419700e-05 
3.748250e-11 6.452129e-05 
3.791834e-11 7.669856e-05 
3.835419e-11 9.103901e-05 
3.879003e-11 1.079006e-04 
3.922587e-11 1.276955e-04 
3.966171e-11 1.508978e-04 
4.009756e-11 1.780515e-04 
4.053340e-11 2.097796e-04 
4.096924e-11 2.467945e-04 
4.140509e-11 2.899093e-04 
4.184093e-11 3.400503e-04 
4.227677e-11 3.982704e-04 
4.271262e-11 4.657648e-04 
4.314846e-11 5.438870e-04 
4.358430e-11 6.341674e-04 
4.402014e-11 7.383325e-04 
4.445599e-11 8.583268e-04 
4.489183e-11 9.963357e-04 
4.532767e-11 1.154810e-03 
4.576352e-11 1.336495e-03 
4.619936e-11 1.544456e-03 
4.663520e-11 1.782112e-03 
4.707105e-11 2.053266e-03 
4.750689e-11 2.362141e-03 
4.794273e-11 2.713418e-03 
4.837857e-11 3.112272e-03 
4.881442e-11 3.564411e-03 
4.925026e-11 4.076123e-03 
4.968610e-11 4.654314e-03 
5.012195e-11 5.306555e-03 
5.055779e-11 6.041125e-03 
5.099363e-11 6.867059e-03 
5.142948e-11 7.794195e-03 
5.186532e-11 8.833216e-03 
5.230116e-11 9.995700e-03 
5.273700e-11 1.129416e-02 
5.317285e-11 1.274209e-02 
5.360869e-11 1.435400e-02 
5.404453e-11 1.614547e-02 
5.448038e-11 1.813314e-02 
5.491622e-11 2.033480e-02 
5.535206e-11 2.276936e-02 
5.578791e-11 2.545690e-02 
5.622375e-11 2.841863e-02 
5.665959e-11 3.167697e-02 
5.709543e-11 3.525547e-02 
5.753128e-11 3.917882e-02 
5.796712e-11 4.347280e-02 
5.840296e-11 4.816425e-02 
5.883881e-11 5.328104e-02 
5.927465e-11 5.885192e-02 
5.971049e-11 6.490651e-02 
6.014634e-11 7.147514e-02 
6.058218e-11 7.858877e-02 
6.101802e-11 8.627882e-02 
6.145387e-11 9.457702e-02 
6.188971e-11 1.035152e-01 
6.232555e-11 1.131253e-01 
6.276139e-11 1.234387e-01 
6.319724e-11 1.344864e-01 
6.363308e-11 1.462989e-01 
6.406892e-11 1.589052e-01 
6.450477e-11 1.723334e-01 
6.494061e-11 1.866097e-01 
6.537645e-11 2.017586e-01 
6.581230e-11 2.178023e-01 
6.624814e-11 2.347603e-01 
6.668398e-11 2.526494e-01 
6.711982e-11 2.714831e-01 
6.755567e-11 2.912711e-01 
6.799151e-11 3.120195e-01 
6.842735e-11 3.337298e-01 
6.886320e-11 3.563993e-01 
6.929904e-11 3.800200e-01 
6.973488e-11 4.045791e-01 
7.017073e-11 4.300580e-01 
7.060657e-11 4.564326e-01 
7.104241e-11 4.836729e-01 
7.147825e-11 5.117426e-01 
7.191410e-11 5.405995e-01 
7.234994e-11 5.701949e-01 
7.278578e-11 6.004735e-01 
7.322163e-11 6.313740e-01 
7.365747e-11 6.628286e-01 
7.409331e-11 6.947632e-01 
7.452916e-11 7.270976e-01 
7.496500e-11 7.597459e-01 
7.540084e-11 7.926166e-01 
7.583668e-11 8.256127e-01 
7.627253e-11 8.586327e-01 
7.670837e-11 8.915704e-01 
7.714421e-11 9.243158e-01 
7.758006e-11 9.567556e-01 
7.801590e-11 9.887737e-01 
7.845174e-11 1.020252e+00 
7.888759e-11 1.051071e+00 
7.932343e-11 1.081110e+00 
7.975927e-11 1.110249e+00 
8.019511e-11 1.138369e+00 
8.063096e-11 1.165353e+00 
8.106680e-11 1.191084e+00 
8.150264e-11 1.215452e+00 
8.193849e-11 1.238349e+00 
8.237433e-11 1.259671e+00 
8.281017e-11 1.279322e+00 
8.324602e-11 1.297211e+00 
8.368186e-11 1.313254e+00 
8.411770e-11 1.327375e+00 
8.455354e-11 1.339507e+00 
8.498939e-11 1.349590e+00 
8.542523e-11 1.357575e+00 
8.586107e-11 1.363422e+00 
8.629692e-11 1.367102e+00 
8.673276e-11 1.368595e+00 
8.716860e-11 1.367891e+00 
8.760445e-11 1.364993e+00 
8.804029e-11 1.359912e+00 
8.847613e-11 1.352670e+00 
8.891198e-11 1.343300e+00 
8.934782e-11 1.331845e+00 
8.978366e-11 1.318354e+00 
9.021950e-11 1.302891e+00 
9.065535e-11 1.285523e+00 
9.109119e-11 1.266328e+00 
9.152703e-11 1.245392e+00 
9.196288e-11 1.222804e+00 
9.239872e-11 1.198663e+00 
9.283456e-11 1.173070e+00 
9.327041e-11 1.146132e+00 
9.370625e-11 1.117959e+00 
9.414209e-11 1.088663e+00 
9.457793e-11 1.058359e+00 
9.501378e-11 1.027161e+00 
9.544962e-11 9.951857e-01 
9.588546e-11 9.625459e-01 
9.632131e-11 9.293549e-01 
9.675715e-11 8.957231e-01 
9.719299e-11 8.617579e-01 
9.762884e-11 8.275630e-01 
9.806468e-11 7.932379e-01 
9.850052e-11 7.588772e-01 
9.893636e-11 7.245702e-01 
9.937221e-11 6.904007e-01 
9.980805e-11 6.564463e-01 
1.002439e-10 6.227782e-01 
1.006797e-10 5.894615e-01 
1.011156e-10 5.565543e-01 
1.015514e-10 5.241083e-01 
1.019873e-10 4.921684e-01 
1.024231e-10 4.607731e-01 
1.028590e-10 4.299542e-01 
1.032948e-10 3.997376e-01 
1.037306e-10 3.701431e-01 
1.041665e-10 3.411848e-01 
1.046023e-10 3.128715e-01 
1.050382e-10 2.852072e-01 
1.054740e-10 2.581912e-01 
1.059099e-10 2.318188e-01 
1.063457e-10 2.060818e-01 
1.067815e-10 1.809688e-01 
1.072174e-10 1.564657e-01 
1.076532e-10 1.325565e-01 
1.080891e-10 1.092233e-01 
1.085249e-10 8.644716e-02 
1.089608e-10 6.420857e-02 
1.093966e-10 4.248769e-02 
1.098324e-10 2.126493e-02 
1.102683e-10 5.213867e-04 
1.107041e-10 -1.976083e-02 
1.111400e-10 -3.959819e-02 
1.115758e-10 -5.900545e-02 
1.120117e-10 -7.799532e-02 
1.124475e-10 -9.657823e-02 
1.128833e-10 -1.147621e-01 
1.133192e-10 -1.325522e-01 
1.137550e-10 -1.499509e-01 
1.141909e-10 -1.669577e-01 
1.146267e-10 -1.835691e-01 
1.150626e-10 -1.997784e-01 
1.154984e-10 -2.155762e-01 
1.159342e-10 -2.309500e-01 
1.163701e-10 -2.458843e-01 
1.168059e-10 -2.603609e-01 
1.172418e-10 -2.743591e-01 
1.176776e-10 -2.878556e-01 
1.181135e-10 -3.008252e-01 
1.185493e-10 -3.132403e-01 
1.189851e-10 -3.250719e-01 
1.194210e-10 -3.362895e-01 
1.198568e-10 -3.468614e-01 
1.202927e-10 -3.567551e-01 
1.207285e-10 -3.659376e-01 
1.211644e-10 -3.743760e-01 
1.216002e-10 -3.820373e-01 
1.220360e-10 -3.888892e-01 
1.224719e-10 -3.949004e-01 
1.229077e-10 -4.000408e-01 
1.233436e-10 -4.042819e-01 
1.237794e-10 -4.075971e-01 
1.242153e-10 -4.099625e-01 
1.246511e-10 -4.113563e-01 
1.250869e-10 -4.117600e-01 
1.255228e-10 -4.111583e-01 
1.259586e-10 -4.095390e-01 
1.263945e-10 -4.068942e-01 
1.268303e-10 -4.032196e-01 
1.272662e-10 -3.985149e-01 
1.277020e-10 -3.927845e-01 
1.281378e-10 -3.860368e-01 
1.285737e-10 -3.782850e-01 
1.290095e-10 -3.695466e-01 
1.294454e-10 -3.598440e-01 
1.298812e-10 -3.492038e-01 
1.303171e-10 -3.376575e-01 
1.307529e-10 -3.252408e-01 
1.311887e-10 -3.119937e-01 
1.316246e-10 -2.979605e-01 
1.320604e-10 -2.831895e-01 
1.324963e-10 -2.677325e-01 
1.329321e-10 -2.516452e-01 
1.333680e-10 -2.349861e-01 
1.338038e-10 -2.178170e-01 
1.342396e-10 -2.002020e-01 
1.346755e-10 -1.822076e-01 
1.351113e-10 -1.639020e-01 
1.355472e-10 -1.453550e-01 
1.359830e-10 -1.266374e-01 
1.364189e-10 -1.078207e-01 
1.368547e-10 -8.897650e-02 
1.372905e-10 -7.017646e-02 
1.377264e-10 -5.149144e-02 
1.381622e-10 -3.299136e-02 
1.385981e-10 -1.474473e-02 
1.390339e-10 3.181769e-03 
1.394698e-10 2.072361e-02 
1.399056e-10 3.781882e-02 
1.403415e-10 5.440830e-02 
1.407773e-10 7.043615e-02 
1.412131e-10 8.584994e-02 
1.416490e-10 1.006010e-01 
1.420848e-10 1.146445e-01 
1.425207e-10 1.279401e-01 
1.429565e-10 1.404513e-01 
1.433924e-10 1.521466e-01 
1.438282e-10 1.629986e-01 
1.442640e-10 1.729848e-01 
1.446999e-10 1.820873e-01 
1.451357e-10 1.902928e-01 
1.455716e-10 1.975926e-01 
1.460074e-10 2.039827e-01 
1.464433e-10 2.094633e-01 
1.468791e-10 2.140391e-01 
1.473149e-10 2.177190e-01 
1.477508e-10 2.205156e-01 
1.481866e-10 2.224457e-01 
1.486225e-10 2.235294e-01 
1.490583e-10 2.237902e-01 
1.494942e-10 2.232545e-01 
1.499300e-10 2.219519e-01 
1.503658e-10 2.199141e-01 
1.508017e-10 2.171753e-01 
1.512375e-10 2.137715e-01 
1.516734e-10 2.097406e-01 
1.521092e-10 2.051216e-01 
1.525451e-10 1.999548e-01 
1.529809e-10 1.942812e-01 
1.534167e-10 1.881424e-01 
1.538526e-10 1.815801e-01 
1.542884e-10 1.746362e-01 
1.547243e-10 1.673522e-01 
1.551601e-10 1.597694e-01 
1.555960e-10 1.519282e-01 
1.560318e-10 1.438681e-01 
1.564676e-10 1.356276e-01 
1.569035e-10 1.272441e-01 
1.573393e-10 1.187535e-01 
1.577752e-10 1.101901e-01 
1.582110e-10 1.015867e-01 
1.586469e-10 9.297452e-02 
1.590827e-10 8.438273e-02 
1.595185e-10 7.583879e-02 
1.599544e-10 6.736826e-02 
1.603902e-10 5.899474e-02 
1.608261e-10 5.073991e-02 
1.612619e-10 4.262353e-02 
1.616978e-10 3.466340e-02 
1.621336e-10 2.687545e-02 
1.625694e-10 1.927372e-02 
1.630053e-10 1.187047e-02 
1.634411e-10 4.676173e-03 
1.638770e-10 -2.300379e-03 
1.643128e-10 -9.052019e-03 
1.647487e-10 -1.557313e-02 
1.651845e-10 -2.185954e-02 
1.656203e-10 -2.790848e-02 
1.660562e-10 -3.371844e-02 
1.664920e-10 -3.928913e-02 
1.669279e-10 -4.462134e-02 
1.673637e-10 -4.971687e-02 
1.677996e-10 -5.457844e-02 
1.682354e-10 -5.920959e-02 
1.686712e-10 -6.361458e-02 
1.691071e-10 -6.779831e-02 
1.695429e-10 -7.176623e-02 
1.699788e-10 -7.552427e-02 
1.704146e-10 -7.907873e-02 
1.708505e-10 -8.243623e-02 
1.712863e-10 -8.560361e-02 
1.717221e-10 -8.858789e-02 
1.721580e-10 -9.139618e-02 
1.725938e-10 -9.403563e-02 
1.730297e-10 -9.651339e-02 
1.734655e-10 -9.883652e-02 
1.739014e-10 -1.010120e-01 
1.743372e-10 -1.030465e-01 
1.747730e-10 -1.049468e-01 
1.752089e-10 -1.067192e-01 
1.756447e-10 -1.083698e-01 
1.760806e-10 -1.099044e-01 
1.765164e-10 -1.113285e-01 
1.769523e-10 -1.126474e-01 
1.773881e-10 -1.138659e-01 
1.778240e-10 -1.149885e-01 
1.782598e-10 -1.160194e-01 
1.786956e-10 -1.169624e-01 
1.791315e-10 -1.178210e-01 
1.795673e-10 -1.185981e-01 
1.800032e-10 -1.192967e-01 
1.804390e-10 -1.199191e-01 
1.808749e-10 -1.204674e-01 
1.813107e-10 -1.209433e-01 
1.817465e-10 -1.213483e-01 
1.821824e-10 -1.216834e-01 
1.826182e-10 -1.219497e-01 
1.830541e-10 -1.221475e-01 
1.834899e-10 -1.222774e-01 
1.839258e-10 -1.223395e-01 
1.843616e-10 -1.223335e-01 
1.847974e-10 -1.222593e-01 
1.852333e-10 -1.221164e-01 
1.856691e-10 -1.219042e-01 
1.861050e-10 -1.216218e-01 
1.865408e-10 -1.212685e-01 
1.869767e-10 -1.208432e-01 
1.874125e-10 -1.203449e-01 
1.878483e-10 -1.197724e-01 
1.882842e-10 -1.191246e-01 
1.887200e-10 -1.184002e-01 
1.891559e-10 -1.175979e-01 
1.895917e-10 -1.167166e-01 
1.900276e-10 -1.157550e-01 
1.904634e-10 -1.147118e-01 
1.908992e-10 -1.135858e-01 
1.913351e-10 -1.123759e-01 
1.917709e-10 -1.110809e-01 
1.922068e-10 -1.096997e-01 
1.926426e-10 -1.082313e-01 
1.930785e-10 -1.066748e-01 
1.935143e-10 -1.050293e-01 
1.939501e-10 -1.032940e-01 
1.943860e-10 -1.014682e-01 
1.948218e-10 -9.955120e-02 
1.952577e-10 -9.754249e-02 
1.956935e-10 -9.544161e-02 
1.961294e-10 -9.324820e-02 
1.965652e-10 -9.096197e-02 
1.970010e-10 -8.858274e-02 
1.974369e-10 -8.611045e-02 
1.978727e-10 -8.354510e-02 
1.983086e-10 -8.088680e-02 
1.987444e-10 -7.813578e-02 
1.991803e-10 -7.529235e-02 
1.996161e-10 -7.235693e-02 
2.000519e-10 -6.933004e-02 
2.004878e-10 -6.621233e-02 
2.009236e-10 -6.300453e-02 
2.013595e-10 -5.970751e-02 
2.017953e-10 -5.632224e-02 
2.022312e-10 -5.284982e-02 
2.026670e-10 -4.929147e-02 
2.031028e-10 -4.564854e-02 
2.035387e-10 -4.192253e-02 
2.039745e-10 -3.811507e-02 
2.044104e-10 -3.422793e-02 
2.048462e-10 -3.026305e-02 
2.052821e-10 -2.622252e-02 
2.057179e-10 -2.210860e-02 
2.061537e-10 -1.792373e-02 
2.065896e-10 -1.367053e-02 
2.070254e-10 -9.351819e-03 
2.074613e-10 -4.970595e-03 
2.078971e-10 -5.300785e-04 
2.083330e-10 3.966304e-03 
2.087688e-10 8.514902e-03 
2.092046e-10 1.311184e-02 
2.096405e-10 1.775301e-02 
2.100763e-10 2.243406e-02 
2.105122e-10 2.715039e-02 
2.109480e-10 3.189716e-02 
2.113839e-10 3.666927e-02 
2.118197e-10 4.146136e-02 
2.122555e-10 4.626781e-02 
2.126914e-10 5.108274e-02 
2.131272e-10 5.590000e-02 
2.135631e-10 6.071320e-02 
2.139989e-10 6.551566e-02 
2.144348e-10 7.030048e-02 
2.148706e-10 7.506046e-02 
2.153064e-10 7.978821e-02 
2.157423e-10 8.447605e-02 
2.161781e-10 8.911609e-02 
2.166140e-10 9.370023e-02 
2.170498e-10 9.822016e-02 
2.174857e-10 1.026673e-01 
2.179215e-10 1.070331e-01 
2.183574e-10 1.113086e-01 
2.187932e-10 1.154847e-01 
2.192290e-10 1.195525e-01 
2.196649e-10 1.235026e-01 
2.201007e-10 1.273256e-01 
2.205366e-10 1.310124e-01 
2.209724e-10 1.345533e-01 
2.214083e-10 1.379391e-01 
2.218441e-10 1.411603e-01 
2.222799e-10 1.442075e-01 
2.227158e-10 1.470716e-01 
2.231516e-10 1.497433e-01 
2.235875e-10 1.522138e-01 
2.240233e-10 1.544741e-01 
2.244592e-10 1.565157e-01 
2.248950e-10 1.583303e-01 
2.253308e-10 1.599098e-01 
2.257667e-10 1.612465e-01 
2.262025e-10 1.623331e-01 
2.266384e-10 1.631626e-01 
2.270742e-10 1.637285e-01 
2.275101e-10 1.640247e-01 
2.279459e-10 1.640458e-01 
2.283817e-10 1.637868e-01 
2.288176e-10 1.632431e-01 
2.292534e-10 1.624111e-01 
2.296893e-10 1.612876e-01 
2.301251e-10 1.598701e-01 
2.305610e-10 1.581567e-01 
2.309968e-10 1.561465e-01 
2.314326e-10 1.538390e-01 
2.318685e-10 1.512347e-01 
2.323043e-10 1.483348e-01 
2.327402e-10 1.451413e-01 
2.331760e-10 1.416570e-01 
2.336119e-10 1.378856e-01 
2.340477e-10 1.338314e-01 
2.344835e-10 1.294998e-01 
2.349194e-10 1.248968e-01 
2.353552e-10 1.200293e-01 
2.357911e-10 1.149049e-01 
2.362269e-10 1.095323e-01 
2.366628e-10 1.039206e-01 
2.370986e-10 9.807975e-02 
2.375344e-10 9.202056e-02 
2.379703e-10 8.575439e-02 
2.384061e-10 7.929332e-02 
2.388420e-10 7.265005e-02 
2.392778e-10 6.583786e-02 
2.397137e-10 5.887055e-02 
2.401495e-10 5.176246e-02 
2.405853e-10 4.452835e-02 
2.410212e-10 3.718337e-02 
2.414570e-10 2.974303e-02 
2.418929e-10 2.222311e-02 
2.423287e-10 1.463963e-02 
2.427646e-10 7.008785e-03 
2.432004e-10 -6.531425e-04 
2.436362e-10 -8.329809e-03 
2.440721e-10 -1.600489e-02 
2.445079e-10 -2.366213e-02 
2.449438e-10 -3.128543e-02 
2.453796e-10 -3.885888e-02 
2.458155e-10 -4.636682e-02 
2.462513e-10 -5.379393e-02 
2.466871e-10 -6.112527e-02 
2.471230e-10 -6.834631e-02 
2.475588e-10 -7.544303e-02 
2.479947e-10 -8.240194e-02 
2.484305e-10 -8.921015e-02 
2.488664e-10 -9.585539e-02 
2.493022e-10 -1.023261e-01 
2.497380e-10 -1.086113e-01 
2.501739e-10 -1.147010e-01 
2.506097e-10 -1.205858e-01 
2.510456e-10 -1.262571e-01 
2.514814e-10 -1.317073e-01 
2.519173e-10 -1.369294e-01 
2.523531e-10 -1.419175e-01 
2.527889e-10 -1.466665e-01 
2.532248e-10 -1.511721e-01 
2.536606e-10 -1.554309e-01 
2.540965e-10 -1.594404e-01 
2.545323e-10 -1.631990e-01 
2.549682e-10 -1.667060e-01 
2.554040e-10 -1.699613e-01 
2.558398e-10 -1.729658e-01 
2.562757e-10 -1.757213e-01 
2.567115e-10 -1.782301e-01 
2.571474e-10 -1.804955e-01 
2.575832e-10 -1.825214e-01 
2.580191e-10 -1.843124e-01 
2.584549e-10 -1.858735e-01 
2.588908e-10 -1.872108e-01 
2.593266e-10 -1.883305e-01 
2.597624e-10 -1.892395e-01 
2.601983e-10 -1.899452e-01 
2.606341e-10 -1.904554e-01 
2.610700e-10 -1.907782e-01 
2.615058e-10 -1.909221e-01 
2.619417e-10 -1.908959e-01 
2.623775e-10 -1.907088e-01 
2.628133e-10 -1.903699e-01 
2.632492e-10 -1.898886e-01 
2.636850e-10 -1.892744e-01 
2.641209e-10 -1.885371e-01 
2.645567e-10 -1.876861e-01 
2.649926e-10 -1.867312e-01 
2.654284e-10 -1.856819e-01 
2.658642e-10 -1.845478e-01 
2.663001e-10 -1.833382e-01 
2.667359e-10 -1.820625e-01 
2.671718e-10 -1.807297e-01 
2.676076e-10 -1.793488e-01 
2.680435e-10 -1.779285e-01 
2.684793e-10 -1.764771e-01 
2.689151e-10 -1.750029e-01 
2.693510e-10 -1.735138e-01 
2.697868e-10 -1.720174e-01 
2.702227e-10 -1.705210e-01 
2.706585e-10 -1.690316e-01 
2.710944e-10 -1.675558e-01 
2.715302e-10 -1.660998e-01 
2.719660e-10 -1.646697e-01 
2.724019e-10 -1.632709e-01 
2.728377e-10 -1.619088e-01 
2.732736e-10 -1.605881e-01 
2.737094e-10 -1.593134e-01 
2.741453e-10 -1.580888e-01 
2.745811e-10 -1.569179e-01 
2.750169e-10 -1.558043e-01 
2.754528e-10 -1.547509e-01 
2.758886e-10 -1.537604e-01 
2.763245e-10 -1.528350e-01 
2.767603e-10 -1.519767e-01 
2.771962e-10 -1.511872e-01 
2.776320e-10 -1.504676e-01 
2.780678e-10 -1.498188e-01 
2.785037e-10 -1.492415e-01 
2.789395e-10 -1.487358e-01 
2.793754e-10 -1.483017e-01 
2.798112e-10 -1.479387e-01 
2.802471e-10 -1.476462e-01 
2.806829e-10 -1.474230e-01 
2.811187e-10 -1.472679e-01 
2.815546e-10 -1.471792e-01 
2.819904e-10 -1.471549e-01 
2.824263e-10 -1.471930e-01 
2.828621e-10 -1.472908e-01 
2.832980e-10 -1.474457e-01 
2.837338e-10 -1.476546e-01 
2.841696e-10 -1.479142e-01 
2.846055e-10 -1.482211e-01 
2.850413e-10 -1.485715e-01 
2.854772e-10 -1.489614e-01 
2.859130e-10 -1.493867e-01 
2.863489e-10 -1.498429e-01 
2.867847e-10 -1.503256e-01 
2.872205e-10 -1.508298e-01 
2.876564e-10 -1.513507e-01 
2.880922e-10 -1.518832e-01 
2.885281e-10 -1.524221e-01 
2.889639e-10 -1.529620e-01 
2.893998e-10 -1.534975e-01 
2.898356e-10 -1.540230e-01 
2.902714e-10 -1.545329e-01 
2.907073e-10 -1.550216e-01 
2.911431e-10 -1.554833e-01 
2.915790e-10 -1.559122e-01 
2.920148e-10 -1.563027e-01 
2.924507e-10 -1.566490e-01 
2.928865e-10 -1.569454e-01 
2.933223e-10 -1.571864e-01 
2.937582e-10 -1.573663e-01 
2.941940e-10 -1.574798e-01 
2.946299e-10 -1.575215e-01 
2.950657e-10 -1.574862e-01 
2.955016e-10 -1.573690e-01 
2.959374e-10 -1.571649e-01 
2.963733e-10 -1.568693e-01 
2.968091e-10 -1.564778e-01 
2.972449e-10 -1.559862e-01 
2.976808e-10 -1.553905e-01 
2.981166e-10 -1.546871e-01 
2.985525e-10 -1.538725e-01 
2.989883e-10 -1.529437e-01 
2.994242e-10 -1.518977e-01 
2.998600e-10 -1.507322e-01 
3.002958e-10 -1.494450e-01 
3.007317e-10 -1.480342e-01 
3.011675e-10 -1.464983e-01 
3.016034e-10 -1.448361e-01 
3.020392e-10 -1.430469e-01 
3.024751e-10 -1.411303e-01 
3.029109e-10 -1.390860e-01 
3.033467e-10 -1.369144e-01 
3.037826e-10 -1.346161e-01 
3.042184e-10 -1.321920e-01 
3.046543e-10 -1.296433e-01 
3.050901e-10 -1.269718e-01 
3.055260e-10 -1.241794e-01 
3.059618e-10 -1.212683e-01 
3.063976e-10 -1.182411e-01 
3.068335e-10 -1.151007e-01 
3.072693e-10 -1.118504e-01 
3.077052e-10 -1.084934e-01 
3.081410e-10 -1.050336e-01 
3.085769e-10 -1.014749e-01 
3.090127e-10 -9.782154e-02 
3.094485e-10 -9.407791e-02 
3.098844e-10 -9.024867e-02 
3.103202e-10 -8.633864e-02 
3.107561e-10 -8.235284e-02 
3.111919e-10 -7.829644e-02 
3.116278e-10 -7.417478e-02 
3.120636e-10 -6.999331e-02 
3.124994e-10 -6.575762e-02 
3.129353e-10 -6.147341e-02 
3.133711e-10 -5.714647e-02 
3.138070e-10 -5.278266e-02 
3.142428e-10 -4.838794e-02 
3.146787e-10 -4.396829e-02 
3.151145e-10 -3.952976e-02 
3.155503e-10 -3.507842e-02 
3.159862e-10 -3.062038e-02 
3.164220e-10 -2.616174e-02 
3.168579e-10 -2.170862e-02 
3.172937e-10 -1.726713e-02 
3.177296e-10 -1.284337e-02 
3.181654e-10 -8.443414e-03 
3.186012e-10 -4.073296e-03 
3.190371e-10 2.609763e-04 
3.194729e-10 4.553444e-03 
3.199088e-10 8.798201e-03 
3.203446e-10 1.298940e-02 
3.207805e-10 1.712126e-02 
3.212163e-10 2.118808e-02 
3.216521e-10 2.518421e-02 
3.220880e-10 2.910413e-02 
3.225238e-10 3.294238e-02 
3.229597e-10 3.669360e-02 
3.233955e-10 4.035255e-02 
3.238314e-10 4.391410e-02 
3.242672e-10 4.737324e-02 
3.247030e-10 5.072507e-02 
3.251389e-10 5.396485e-02 
3.255747e-10 5.708798e-02 
3.260106e-10 6.009000e-02 
3.264464e-10 6.296663e-02 
3.268823e-10 6.571374e-02 
3.273181e-10 6.832740e-02 
3.277539e-10 7.080386e-02 
3.281898e-10 7.313957e-02 
3.286256e-10 7.533119e-02 
3.290615e-10 7.737560e-02 
3.294973e-10 7.926993e-02 
3.299332e-10 8.101151e-02 
3.303690e-10 8.259796e-02 
3.308048e-10 8.402714e-02 
3.312407e-10 8.529721e-02 
3.316765e-10 8.640657e-02 
3.321124e-10 8.735395e-02 
3.325482e-10 8.813837e-02 
3.329841e-10 8.875914e-02 
3.334199e-10 8.921593e-02 
3.338557e-10 8.950869e-02 
3.342916e-10 8.963774e-02 
3.347274e-10 8.960371e-02 
3.351633e-10 8.940761e-02 
3.355991e-10 8.905076e-02 
3.360350e-10 8.853485e-02 
3.364708e-10 8.786193e-02 
3.369067e-10 8.703440e-02 
3.373425e-10 8.605501e-02 
3.377783e-10 8.492686e-02 
3.382142e-10 8.365342e-02 
3.386500e-10 8.223847e-02 
3.390859e-10 8.068617e-02 
3.395217e-10 7.900099e-02 
3.399576e-10 7.718773e-02 
3.403934e-10 7.525151e-02 
3.408292e-10 7.319775e-02 
3.412651e-10 7.103215e-02 
3.417009e-10 6.876073e-02 
3.421368e-10 6.638971e-02 
3.425726e-10 6.392562e-02 
3.430085e-10 6.137518e-02 
3.434443e-10 5.874532e-02 
3.438801e-10 5.604319e-02 
3.443160e-10 5.327609e-02 
3.447518e-10 5.045146e-02 
3.451877e-10 4.757689e-02 
3.456235e-10 4.466006e-02 
3.460594e-10 4.170873e-02 
3.464952e-10 3.873071e-02 
3.469310e-10 3.573385e-02 
3.473669e-10 3.272601e-02 
3.478027e-10 2.971502e-02 
3.482386e-10 2.670867e-02 
3.486744e-10 2.371469e-02 
3.491103e-10 2.074068e-02 
3.495461e-10 1.779417e-02 
3.499819e-10 1.488251e-02 
3.504178e-10 1.201291e-02 
3.508536e-10 9.192356e-03 
3.512895e-10 6.427656e-03 
3.517253e-10 3.725362e-03 
3.521612e-10 1.091779e-03 
3.525970e-10 -1.467066e-03 
3.530328e-10 -3.945438e-03 
3.534687e-10 -6.337914e-03 
3.539045e-10 -8.639399e-03 
3.543404e-10 -1.084514e-02 
3.547762e-10 -1.295073e-02 
3.552121e-10 -1.495215e-02 
3.556479e-10 -1.684575e-02 
3.560837e-10 -1.862826e-02 
3.565196e-10 -2.029680e-02 
3.569554e-10 -2.184893e-02 
3.573913e-10 -2.328256e-02 
3.578271e-10 -2.459606e-02 
3.582630e-10 -2.578817e-02 
3.586988e-10 -2.685807e-02 
3.591346e-10 -2.780532e-02 
3.595705e-10 -2.862991e-02 
3.600063e-10 -2.933221e-02 
3.604422e-10 -2.991299e-02 
3.608780e-10 -3.037341e-02 
3.613139e-10 -3.071500e-02 
3.617497e-10 -3.093965e-02 
3.621855e-10 -3.104960e-02 
3.626214e-10 -3.104746e-02 
3.630572e-10 -3.093612e-02 
3.634931e-10 -3.071881e-02 
3.639289e-10 -3.039905e-02 
3.643648e-10 -2.998062e-02 
3.648006e-10 -2.946757e-02 
3.652364e-10 -2.886419e-02 
3.656723e-10 -2.817498e-02 
3.661081e-10 -2.740466e-02 
3.665440e-10 -2.655809e-02 
3.669798e-10 -2.564032e-02 
3.674157e-10 -2.465654e-02 
3.678515e-10 -2.361202e-02 
3.682873e-10 -2.251216e-02 
3.687232e-10 -2.136241e-02 
3.691590e-10 -2.016828e-02 
3.695949e-10 -1.893531e-02 
3.700307e-10 -1.766905e-02 
3.704666e-10 -1.637503e-02 
3.709024e-10 -1.505876e-02 
3.713382e-10 -1.372571e-02 
3.717741e-10 -1.238125e-02 
3.722099e-10 -1.103070e-02 
3.726458e-10 -9.679254e-03 
3.730816e-10 -8.331999e-03 
3.735175e-10 -6.993882e-03 
3.739533e-10 -5.669707e-03 
3.743892e-10 -4.364114e-03 
3.748250e-10 -3.081569e-03 
3.752608e-10 -1.826355e-03 
3.756967e-10 -6.025602e-04 
3.761325e-10 5.859312e-04 
3.765684e-10 1.735447e-03 
3.770042e-10 2.842532e-03 
3.774401e-10 3.903958e-03 
3.778759e-10 4.916723e-03 
3.783117e-10 5.878058e-03 
3.787476e-10 6.785432e-03 
3.791834e-10 7.636546e-03 
3.796193e-10 8.429342e-03 
3.800551e-10 9.161998e-03 
3.804910e-10 9.832929e-03 
3.809268e-10 1.044078e-02 
3.813626e-10 1.098444e-02 
3.817985e-10 1.146300e-02 
3.822343e-10 1.187580e-02 
3.826702e-10 1.222238e-02 
3.831060e-10 1.250251e-02 
3.835419e-10 1.271616e-02 
3.839777e-10 1.286348e-02 
3.844135e-10 1.294484e-02 
3.848494e-10 1.296079e-02 
3.852852e-10 1.291204e-02 
3.857211e-10 1.279949e-02 
3.861569e-10 1.262419e-02 
3.865928e-10 1.238735e-02 
3.870286e-10 1.209031e-02 
3.874644e-10 1.173456e-02 
3.879003e-10 1.132171e-02 
3.883361e-10 1.085348e-02 
3.887720e-10 1.033171e-02 
3.892078e-10 9.758338e-03 
3.896437e-10 9.135383e-03 
3.900795e-10 8.464952e-03 
3.905153e-10 7.749227e-03 
3.909512e-10 6.990452e-03 
3.913870e-10 6.190929e-03 
3.918229e-10 5.353008e-03 
3.922587e-10 4.479080e-03 
3.926946e-10 3.571572e-03 
3.931304e-10 2.632933e-03 
3.935662e-10 1.665635e-03 
3.940021e-10 6.721613e-04 
3.944379e-10 -3.449994e-04 
3.948738e-10 -1.383357e-03 
3.953096e-10 -2.440429e-03 
3.957455e-10 -3.513743e-03 
3.961813e-10 -4.600843e-03 
3.966171e-10 -5.699295e-03 
3.970530e-10 -6.806693e-03 
3.974888e-10 -7.920659e-03 
3.979247e-10 -9.038852e-03 
3.983605e-10 -1.015897e-02 
3.987964e-10 -1.127875e-02 
3.992322e-10 -1.239599e-02 
3.996680e-10 -1.350851e-02 
4.001039e-10 -1.461421e-02 
4.005397e-10 -1.571102e-02 
4.009756e-10 -1.679696e-02 
4.014114e-10 -1.787007e-02 
4.018473e-10 -1.892849e-02 
4.022831e-10 -1.997041e-02 
4.027189e-10 -2.099407e-02 
4.031548e-10 -2.199782e-02 
4.035906e-10 -2.298004e-02 
4.040265e-10 -2.393920e-02 
4.044623e-10 -2.487385e-02 
4.048982e-10 -2.578261e-02 
4.053340e-10 -2.666418e-02 
4.057698e-10 -2.751734e-02 
4.062057e-10 -2.834094e-02 
4.066415e-10 -2.913394e-02 
4.070774e-10 -2.989535e-02 
4.075132e-10 -3.062430e-02 
4.079491e-10 -3.131997e-02 
4.083849e-10 -3.198167e-02 
4.088207e-10 -3.260877e-02 
4.092566e-10 -3.320073e-02 
4.096924e-10 -3.375713e-02 
4.101283e-10 -3.427762e-02 
4.105641e-10 -3.476194e-02 
4.110000e-10 -3.520995e-02 
4.114358e-10 -3.562158e-02 
4.118716e-10 -3.599688e-02 
4.123075e-10 -3.633599e-02 
4.127433e-10 -3.663913e-02 
4.131792e-10 -3.690663e-02 
4.136150e-10 -3.713894e-02 
4.140509e-10 -3.733658e-02 
4.144867e-10 -3.750016e-02 
4.149226e-10 -3.763043e-02 
4.153584e-10 -3.772819e-02 
4.157942e-10 -3.779437e-02 
4.162301e-10 -3.782995e-02 
4.166659e-10 -3.783606e-02 
4.171018e-10 -3.781386e-02 
4.175376e-10 -3.776464e-02 
4.179735e-10 -3.768976e-02 
4.184093e-10 -3.759066e-02 
4.188451e-10 -3.746885e-02 
4.192810e-10 -3.732593e-02 
4.197168e-10 -3.716356e-02 
4.201527e-10 -3.698348e-02 
4.205885e-10 -3.678747e-02 
4.210244e-10 -3.657738e-02 
4.214602e-10 -3.635511e-02 
4.218960e-10 -3.612260e-02 
4.223319e-10 -3.588185e-02 
4.227677e-10 -3.563487e-02 
4.232036e-10 -3.538371e-02 
4.236394e-10 -3.513043e-02 
4.240753e-10 -3.487711e-02 
4.245111e-10 -3.462586e-02 
4.249469e-10 -3.437875e-02 
4.253828e-10 -3.413788e-02 
4.258186e-10 -3.390530e-02 
4.262545e-10 -3.368308e-02 
4.266903e-10 -3.347323e-02 
4.271262e-10 -3.327773e-02 
4.275620e-10 -3.309853e-02 
4.279978e-10 -3.293751e-02 
4.284337e-10 -3.279652e-02 
4.288695e-10 -3.267732e-02 
4.293054e-10 -3.258160e-02 
4.297412e-10 -3.251099e-02 
4.301771e-10 -3.246702e-02 
4.306129e-10 -3.245113e-02 
4.310487e-10 -3.246468e-02 
4.314846e-10 -3.250891e-02 
4.319204e-10 -3.258496e-02 
4.323563e-10 -3.269386e-02 
4.327921e-10 -3.283652e-02 
4.332280e-10 -3.301374e-02 
4.336638e-10 -3.322618e-02 
4.340996e-10 -3.347439e-02 
4.345355e-10 -3.375879e-02 
4.349713e-10 -3.407966e-02 
4.354072e-10 -3.443716e-02 
4.358430e-10 -3.483130e-02 
4.362789e-10 -3.526198e-02 
4.367147e-10 -3.572896e-02 
4.371505e-10 -3.623186e-02 
4.375864e-10 -3.677018e-02 
4.380222e-10 -3.734328e-02 
4.384581e-10 -3.795041e-02 
4.388939e-10 -3.859068e-02 
4.393298e-10 -3.926311e-02 
4.397656e-10 -3.996657e-02 
4.402014e-10 -4.069984e-02 
4.406373e-10 -4.146158e-02 
4.410731e-10 -4.225037e-02 
4.415090e-10 -4.306469e-02 
4.419448e-10 -4.390291e-02 
4.423807e-10 -4.476334e-02 
4.428165e-10 -4.564422e-02 
4.432523e-10 -4.654369e-02 
4.436882e-10 -4.745987e-02 
4.441240e-10 -4.839079e-02 
4.445599e-10 -4.933447e-02 
4.449957e-10 -5.028886e-02 
4.454316e-10 -5.125190e-02 
4.458674e-10 -5.222150e-02 
4.463032e-10 -5.319557e-02 
4.467391e-10 -5.417199e-02 
4.471749e-10 -5.514866e-02 
4.476108e-10 -5.612349e-02 
4.480466e-10 -5.709440e-02 
4.484825e-10 -5.805934e-02 
4.489183e-10 -5.901629e-02 
4.493541e-10 -5.996328e-02 
4.497900e-10 -6.089837e-02 
4.502258e-10 -6.181968e-02 
4.506617e-10 -6.272539e-02 
4.510975e-10 -6.361376e-02 
4.515334e-10 -6.448309e-02 
4.519692e-10 -6.533177e-02 
4.524050e-10 -6.615827e-02 
4.528409e-10 -6.696116e-02 
4.532767e-10 -6.773907e-02 
4.537126e-10 -6.849073e-02 
4.541484e-10 -6.921498e-02 
4.545843e-10 -6.991073e-02 
4.550201e-10 -7.057701e-02 
4.554560e-10 -7.121293e-02 
4.558918e-10 -7.181772e-02 
4.563276e-10 -7.239069e-02 
4.567635e-10 -7.293128e-02 
4.571993e-10 -7.343898e-02 
4.576352e-10 -7.391344e-02 
4.580710e-10 -7.435435e-02 
4.585069e-10 -7.476154e-02 
4.589427e-10 -7.513490e-02 
4.593785e-10 -7.547443e-02 
4.598144e-10 -7.578022e-02 
4.602502e-10 -7.605243e-02 
4.606861e-10 -7.629130e-02 
4.611219e-10 -7.649716e-02 
4.615578e-10 -7.667041e-02 
4.619936e-10 -7.681151e-02 
4.624294e-10 -7.692098e-02 
4.628653e-10 -7.699942e-02 
4.633011e-10 -7.704745e-02 
4.637370e-10 -7.706577e-02 
4.641728e-10 -7.705510e-02 
4.646087e-10 -7.701621e-02 
4.650445e-10 -7.694990e-02 
4.654803e-10 -7.685699e-02 
4.659162e-10 -7.673833e-02 
4.663520e-10 -7.659477e-02 
4.667879e-10 -7.642719e-02 
4.672237e-10 -7.623645e-02 
4.676596e-10 -7.602342e-02 
4.680954e-10 -7.578897e-02 
4.685312e-10 -7.553395e-02 
4.689671e-10 -7.525920e-02 
4.694029e-10 -7.496552e-02 
4.698388e-10 -7.465369e-02 
4.702746e-10 -7.432447e-02 
4.707105e-10 -7.397857e-02 
4.711463e-10 -7.361668e-02 
4.715821e-10 -7.323941e-02 
4.720180e-10 -7.284735e-02 
4.724538e-10 -7.244104e-02 
4.728897e-10 -7.202095e-02 
4.733255e-10 -7.158751e-02 
4.737614e-10 -7.114109e-02 
4.741972e-10 -7.068198e-02 
4.746330e-10 -7.021043e-02 
4.750689e-10 -6.972662e-02 
4.755047e-10 -6.923068e-02 
4.759406e-10 -6.872266e-02 
4.763764e-10 -6.820256e-02 
4.768123e-10 -6.767032e-02 
4.772481e-10 -6.712581e-02 
4.776839e-10 -6.656885e-02 
4.781198e-10 -6.599922e-02 
4.785556e-10 -6.541663e-02 
4.789915e-10 -6.482075e-02 
4.794273e-10 -6.421119e-02 
4.798632e-10 -6.358754e-02 
4.802990e-10 -6.294936e-02 
4.807348e-10 -6.229615e-02 
4.811707e-10 -6.162740e-02 
4.816065e-10 -6.094260e-02 
4.820424e-10 -6.024119e-02 
4.824782e-10 -5.952263e-02 
4.829141e-10 -5.878635e-02 
4.833499e-10 -5.803181e-02 
4.837857e-10 -5.725846e-02 
4.842216e-10 -5.646579e-02 
4.846574e-10 -5.565327e-02 
4.850933e-10 -5.482045e-02 
4.855291e-10 -5.396686e-02 
4.859650e-10 -5.309210e-02 
4.864008e-10 -5.219582e-02 
4.868366e-10 -5.127769e-02 
4.872725e-10 -5.033744e-02 
4.877083e-10 -4.937488e-02 
4.881442e-10 -4.838985e-02 
4.885800e-10 -4.738227e-02 
4.890159e-10 -4.635211e-02 
4.894517e-10 -4.529942e-02 
4.898875e-10 -4.422432e-02 
4.903234e-10 -4.312699e-02 
4.907592e-10 -4.200768e-02 
4.911951e-10 -4.086671e-02 
4.916309e-10 -3.970448e-02 
4.920668e-10 -3.852144e-02 
4.925026e-10 -3.731811e-02 
4.929385e-10 -3.609507e-02 
4.933743e-10 -3.485298e-02 
4.938101e-10 -3.359254e-02 
4.942460e-10 -3.231449e-02 
4.946818e-10 -3.101965e-02 
4.951177e-10 -2.970887e-02 
4.955535e-10 -2.838305e-02 
4.959894e-10 -2.704312e-02 
4.964252e-10 -2.569004e-02 
4.968610e-10 -2.432483e-02 
4.972969e-10 -2.294849e-02 
4.977327e-10 -2.156208e-02 
4.981686e-10 -2.016667e-02 
4.986044e-10 -1.876333e-02 
4.990403e-10 -1.735315e-02 
4.994761e-10 -1.593725e-02 
4.999119e-10 -1.451672e-02 
5.003478e-10 -1.309268e-02 
5.007836e-10 -1.166624e-02 
5.012195e-10 -1.023852e-02 
5.016553e-10 -8.810641e-03 
5.020912e-10 -7.383711e-03 
5.025270e-10 -5.958848e-03 
5.029628e-10 -4.537168e-03 
5.033987e-10 -3.119787e-03 
5.038345e-10 -1.707824e-03 
5.042704e-10 -3.024004e-04 
5.047062e-10 1.095357e-03 
5.051421e-10 2.484315e-03 
5.055779e-10 3.863329e-03 
5.060137e-10 5.231246e-03 
5.064496e-10 6.586895e-03 
5.068854e-10 7.929092e-03 
5.073213e-10 9.256630e-03 
5.077571e-10 1.056828e-02 
5.081930e-10 1.186280e-02 
5.086288e-10 1.313890e-02 
5.090646e-10 1.439528e-02 
5.095005e-10 1.563060e-02 
5.099363e-10 1.684350e-02 
5.103722e-10 1.803257e-02 
5.108080e-10 1.919637e-02 
5.112439e-10 2.033345e-02 
5.116797e-10 2.144230e-02 
5.121155e-10 2.252138e-02 
5.125514e-10 2.356914e-02 
5.129872e-10 2.458397e-02 
5.134231e-10 2.556427e-02 
5.138589e-10 2.650840e-02 
5.142948e-10 2.741468e-02 
5.147306e-10 2.828145e-02 
5.151664e-10 2.910702e-02 
5.156023e-10 2.988971e-02 
5.160381e-10 3.062782e-02 
5.164740e-10 3.131968e-02 
5.169098e-10 3.196363e-02 
5.173457e-10 3.255801e-02 
5.177815e-10 3.310123e-02 
5.182173e-10 3.359169e-02 
5.186532e-10 3.402789e-02 
5.190890e-10 3.440833e-02 
5.195249e-10 3.473162e-02 
5.199607e-10 3.499640e-02 
5.203966e-10 3.520142e-02 
5.208324e-10 3.534551e-02 
5.212682e-10 3.542759e-02 
5.217041e-10 3.544668e-02 
5.221399e-10 3.540193e-02 
5.225758e-10 3.529260e-02 
5.230116e-10 3.511807e-02 
5.234475e-10 3.487786e-02 
5.238833e-10 3.457163e-02 
5.243191e-10 3.419919e-02 
5.247550e-10 3.376048e-02 
5.251908e-10 3.325562e-02 
5.256267e-10 3.268486e-02 
5.260625e-10 3.204864e-02 
5.264984e-10 3.134754e-02 
5.269342e-10 3.058231e-02 
5.273700e-10 2.975387e-02 
5.278059e-10 2.886329e-02 
5.282417e-10 2.791182e-02 
5.286776e-10 2.690087e-02 
5.291134e-10 2.583198e-02 
5.295493e-10 2.470690e-02 
5.299851e-10 2.352748e-02 
5.304209e-10 2.229574e-02 
5.308568e-10 2.101384e-02 
5.312926e-10 1.968408e-02 
5.317285e-10 1.830888e-02 
5.321643e-10 1.689079e-02 
5.326002e-10 1.543246e-02 
5.330360e-10 1.393668e-02 
5.334719e-10 1.240630e-02 
5.339077e-10 1.084429e-02 
5.343435e-10 9.253666e-03 
5.347794e-10 7.637552e-03 
5.352152e-10 5.999116e-03 
5.356511e-10 4.341579e-03 
5.360869e-10 2.668209e-03 
5.365228e-10 9.823045e-04 
5.369586e-10 -7.128098e-04 
5.373944e-10 -2.413795e-03 
5.378303e-10 -4.117308e-03 
5.382661e-10 -5.820007e-03 
5.387020e-10 -7.518565e-03 
5.391378e-10 -9.209673e-03 
5.395737e-10 -1.089005e-02 
5.400095e-10 -1.255647e-02 
5.404453e-10 -1.420571e-02 
5.408812e-10 -1.583465e-02 
5.413170e-10 -1.744019e-02 
5.417529e-10 -1.901932e-02 
5.421887e-10 -2.056908e-02 
5.426246e-10 -2.208661e-02 
5.430604e-10 -2.356910e-02 
5.434962e-10 -2.501386e-02 
5.439321e-10 -2.641827e-02 
5.443679e-10 -2.777981e-02 
5.448038e-10 -2.909607e-02 
5.452396e-10 -3.036471e-02 
5.456755e-10 -3.158354e-02 
5.461113e-10 -3.275044e-02 
5.465471e-10 -3.386341e-02 
5.469830e-10 -3.492055e-02 
5.474188e-10 -3.592011e-02 
5.478547e-10 -3.686040e-02 
5.482905e-10 -3.773989e-02 
5.487264e-10 -3.855713e-02 
5.491622e-10 -3.931081e-02 
5.495980e-10 -3.999973e-02 
5.500339e-10 -4.062280e-02 
5.504697e-10 -4.117905e-02 
5.509056e-10 -4.166762e-02 
5.513414e-10 -4.208779e-02 
5.517773e-10 -4.243892e-02 
5.522131e-10 -4.272052e-02 
5.526489e-10 -4.293219e-02 
5.530848e-10 -4.307367e-02 
5.535206e-10 -4.314478e-02 
5.539565e-10 -4.314548e-02 
5.543923e-10 -4.307585e-02 
5.548282e-10 -4.293607e-02 
5.552640e-10 -4.272642e-02 
5.556998e-10 -4.244731e-02 
5.561357e-10 -4.209926e-02 
5.565715e-10 -4.168291e-02 
5.570074e-10 -4.119898e-02 
5.574432e-10 -4.064831e-02 
5.578791e-10 -4.003187e-02 
5.583149e-10 -3.935072e-02 
5.587507e-10 -3.860601e-02 
5.591866e-10 -3.779901e-02 
5.596224e-10 -3.693110e-02 
5.600583e-10 -3.600374e-02 
5.604941e-10 -3.501850e-02 
5.609300e-10 -3.397704e-02 
5.613658e-10 -3.288113e-02 
5.618016e-10 -3.173261e-02 
5.622375e-10 -3.053341e-02 
5.626733e-10 -2.928556e-02 
5.631092e-10 -2.799115e-02 
5.635450e-10 -2.665237e-02 
5.639809e-10 -2.527146e-02 
5.644167e-10 -2.385076e-02 
5.648525e-10 -2.239264e-02 
5.652884e-10 -2.089954e-02 
5.657242e-10 -1.937398e-02 
5.661601e-10 -1.781850e-02 
5.665959e-10 -1.623569e-02 
5.670318e-10 -1.462819e-02 
5.674676e-10 -1.299866e-02 
5.679034e-10 -1.134978e-02 
5.683393e-10 -9.684273e-03 
5.687751e-10 -8.004855e-03 
5.692110e-10 -6.314256e-03 
5.696468e-10 -4.615206e-03 
5.700827e-10 -2.910428e-03 
5.705185e-10 -1.202632e-03 
5.709543e-10 5.054911e-04 
5.713902e-10 2.211277e-03 
5.718260e-10 3.912093e-03 
5.722619e-10 5.605346e-03 
5.726977e-10 7.288486e-03 
5.731336e-10 8.959013e-03 
5.735694e-10 1.061448e-02 
5.740053e-10 1.225252e-02 
5.744411e-10 1.387080e-02 
5.748769e-10 1.546707e-02 
5.753128e-10 1.703917e-02 
5.757486e-10 1.858501e-02 
5.761845e-10 2.010256e-02 
5.766203e-10 2.158990e-02 
5.770562e-10 2.304520e-02 
5.774920e-10 2.446669e-02 
5.779278e-10 2.585271e-02 
5.783637e-10 2.720168e-02 
5.787995e-10 2.851214e-02 
5.792354e-10 2.978268e-02 
5.796712e-10 3.101200e-02 
5.801071e-10 3.219890e-02 
5.805429e-10 3.334224e-02 
5.809787e-10 3.444100e-02 
5.814146e-10 3.549422e-02 
5.818504e-10 3.650103e-02 
5.822863e-10 3.746062e-02 
5.827221e-10 3.837228e-02 
5.831580e-10 3.923537e-02 
5.835938e-10 4.004930e-02 
5.840296e-10 4.081354e-02 
5.844655e-10 4.152765e-02 
5.849013e-10 4.219122e-02 
5.853372e-10 4.280389e-02 
5.857730e-10 4.336536e-02 
5.862089e-10 4.387536e-02 
5.866447e-10 4.433367e-02 
5.870805e-10 4.474009e-02 
5.875164e-10 4.509446e-02 
5.879522e-10 4.539666e-02 
5.883881e-10 4.564655e-02 
5.888239e-10 4.584407e-02 
5.892598e-10 4.598913e-02 
5.896956e-10 4.608168e-02 
5.901314e-10 4.612168e-02 
5.905673e-10 4.610910e-02 
5.910031e-10 4.604393e-02 
5.914390e-10 4.592615e-02 
5.918748e-10 4.575578e-02 
5.923107e-10 4.553282e-02 
5.927465e-10 4.525731e-02 
5.931823e-10 4.492929e-02 
5.936182e-10 4.454881e-02 
5.940540e-10 4.411595e-02 
5.944899e-10 4.363079e-02 
5.949257e-10 4.309345e-02 
5.953616e-10 4.250407e-02 
5.957974e-10 4.186279e-02 
5.962332e-10 4.116983e-02 
5.966691e-10 4.042539e-02 
5.971049e-10 3.962974e-02 
5.975408e-10 3.878319e-02 
5.979766e-10 3.788607e-02 
5.984125e-10 3.693877e-02 
5.988483e-10 3.594175e-02 
5.992841e-10 3.489547e-02 
5.997200e-10 3.380050e-02 
6.001558e-10 3.265744e-02 
6.005917e-10 3.146694e-02 
6.010275e-10 3.022974e-02 
6.014634e-10 2.894661e-02 
6.018992e-10 2.761840e-02 
6.023350e-10 2.624603e-02 
6.027709e-10 2.483046e-02 
6.032067e-10 2.337272e-02 
6.036426e-10 2.187392e-02 
6.040784e-10 2.033519e-02 
6.045143e-10 1.875775e-02 
6.049501e-10 1.714286e-02 
6.053859e-10 1.549182e-02 
6.058218e-10 1.380599e-02 
6.062576e-10 1.208677e-02 
6.066935e-10 1.033559e-02 
6.071293e-10 8.553911e-03 
6.075652e-10 6.743235e-03 
6.080010e-10 4.905078e-03 
6.084368e-10 3.040973e-03 
6.088727e-10 1.152467e-03 
6.093085e-10 -7.588862e-04 
6.097444e-10 -2.691529e-03 
6.101802e-10 -4.643907e-03 
6.106161e-10 -6.614472e-03 
6.110519e-10 -8.601686e-03 
6.114878e-10 -1.060403e-02 
6.119236e-10 -1.261999e-02 
6.123594e-10 -1.464808e-02 
6.127953e-10 -1.668685e-02 
6.132311e-10 -1.873485e-02 
6.136670e-10 -2.079066e-02 
6.141028e-10 -2.285290e-02 
6.145387e-10 -2.492020e-02 
6.149745e-10 -2.699122e-02 
6.154103e-10 -2.906463e-02 
6.158462e-10 -3.113913e-02 
6.162820e-10 -3.321344e-02 
6.167179e-10 -3.528629e-02 
6.171537e-10 -3.735643e-02 
6.175896e-10 -3.942259e-02 
6.180254e-10 -4.148352e-02 
6.184612e-10 -4.353798e-02 
6.188971e-10 -4.558470e-02 
6.193329e-10 -4.762242e-02 
6.197688e-10 -4.964984e-02 
6.202046e-10 -5.166567e-02 
6.206405e-10 -5.366857e-02 
6.210763e-10 -5.565719e-02 
6.215121e-10 -5.763014e-02 
6.219480e-10 -5.958601e-02 
6.223838e-10 -6.152334e-02 
6.228197e-10 -6.344065e-02 
6.232555e-10 -6.533639e-02 
6.236914e-10 -6.720902e-02 
6.241272e-10 -6.905691e-02 
6.245630e-10 -7.087845e-02 
6.249989e-10 -7.267194e-02 
6.254347e-10 -7.443570e-02 
6.258706e-10 -7.616797e-02 
6.263064e-10 -7.786702e-02 
6.267423e-10 -7.953105e-02 
6.271781e-10 -8.115827e-02 
6.276139e-10 -8.274689e-02 
6.280498e-10 -8.429508e-02 
6.284856e-10 -8.580105e-02 
6.289215e-10 -8.726299e-02 
6.293573e-10 -8.867910e-02 
6.297932e-10 -9.004763e-02 
6.302290e-10 -9.136682e-02 
6.306648e-10 -9.263496e-02 
6.311007e-10 -9.385036e-02 
6.315365e-10 -9.501138e-02 
6.319724e-10 -9.611642e-02 
6.324082e-10 -9.716392e-02 
6.328441e-10 -9.815238e-02 
6.332799e-10 -9.908035e-02 
6.337157e-10 -9.994643e-02 
6.341516e-10 -1.007493e-01 
6.345874e-10 -1.014876e-01 
6.350233e-10 -1.021602e-01 
6.354591e-10 -1.027658e-01 
6.358950e-10 -1.033034e-01 
6.363308e-10 -1.037718e-01 
6.367666e-10 -1.041702e-01 
6.372025e-10 -1.044973e-01 
6.376383e-10 -1.047525e-01 
6.380742e-10 -1.049347e-01 
6.385100e-10 -1.050431e-01 
6.389459e-10 -1.050770e-01 
6.393817e-10 -1.050355e-01 
6.398175e-10 -1.049179e-01 
6.402534e-10 -1.047236e-01 
6.406892e-10 -1.044518e-01 
6.411251e-10 -1.041020e-01 
6.415609e-10 -1.036735e-01 
6.419968e-10 -1.031658e-01 
6.424326e-10 -1.025784e-01 
6.428684e-10 -1.019109e-01 
6.433043e-10 -1.011628e-01 
6.437401e-10 -1.003337e-01 
6.441760e-10 -9.942343e-02 
6.446118e-10 -9.843168e-02 
6.450477e-10 -9.735832e-02 
6.454835e-10 -9.620328e-02 
6.459193e-10 -9.496662e-02 
6.463552e-10 -9.364846e-02 
6.467910e-10 -9.224907e-02 
6.472269e-10 -9.076883e-02 
6.476627e-10 -8.920828e-02 
6.480986e-10 -8.756809e-02 
6.485344e-10 -8.584912e-02 
6.489702e-10 -8.405236e-02 
6.494061e-10 -8.217903e-02 
6.498419e-10 -8.023052e-02 
6.502778e-10 -7.820843e-02 
6.507136e-10 -7.611456e-02 
6.511495e-10 -7.395096e-02 
6.515853e-10 -7.171988e-02 
6.520212e-10 -6.942380e-02 
6.524570e-10 -6.706547e-02 
6.528928e-10 -6.464784e-02 
6.533287e-10 -6.217412e-02 
6.537645e-10 -5.964776e-02 
6.542004e-10 -5.707245e-02 
6.546362e-10 -5.445212e-02 
6.550721e-10 -5.179091e-02 
6.555079e-10 -4.909321e-02 
6.559437e-10 -4.636362e-02 
6.563796e-10 -4.360694e-02 
6.568154e-10 -4.082816e-02 
6.572513e-10 -3.803249e-02 
6.576871e-10 -3.522526e-02 
6.581230e-10 -3.241199e-02 
6.585588e-10 -2.959833e-02 
6.589946e-10 -2.679004e-02 
6.594305e-10 -2.399299e-02 
6.598663e-10 -2.121314e-02 
6.603022e-10 -1.845649e-02 
6.607380e-10 -1.572909e-02 
6.611739e-10 -1.303701e-02 
6.616097e-10 -1.038631e-02 
6.620455e-10 -7.783014e-03 
6.624814e-10 -5.233103e-03 
6.629172e-10 -2.742472e-03 
6.633531e-10 -3.169162e-04 
6.637889e-10 2.037897e-03 
6.642248e-10 4.316449e-03 
6.646606e-10 6.513399e-03 
6.650964e-10 8.623604e-03 
6.655323e-10 1.064214e-02 
6.659681e-10 1.256433e-02 
6.664040e-10 1.438577e-02 
6.668398e-10 1.610234e-02 
6.672757e-10 1.771021e-02 
6.677115e-10 1.920590e-02 
6.681473e-10 2.058627e-02 
6.685832e-10 2.184853e-02 
6.690190e-10 2.299029e-02 
6.694549e-10 2.400952e-02 
6.698907e-10 2.490461e-02 
6.703266e-10 2.567435e-02 
6.707624e-10 2.631797e-02 
6.711982e-10 2.683510e-02 
6.716341e-10 2.722581e-02 
6.720699e-10 2.749061e-02 
6.725058e-10 2.763043e-02 
6.729416e-10 2.764663e-02 
6.733775e-10 2.754099e-02 
6.738133e-10 2.731571e-02 
6.742491e-10 2.697339e-02 
6.746850e-10 2.651704e-02 
6.751208e-10 2.595004e-02 
6.755567e-10 2.527613e-02 
6.759925e-10 2.449939e-02 
6.764284e-10 2.362426e-02 
6.768642e-10 2.265544e-02 
6.773000e-10 2.159793e-02 
6.777359e-10 2.045699e-02 
6.781717e-10 1.923810e-02 
6.786076e-10 1.794694e-02 
6.790434e-10 1.658936e-02 
6.794793e-10 1.517136e-02 
6.799151e-10 1.369903e-02 
6.803509e-10 1.217857e-02 
6.807868e-10 1.061620e-02 
6.812226e-10 9.018178e-03 
6.816585e-10 7.390743e-03 
6.820943e-10 5.740097e-03 
6.825302e-10 4.072371e-03 
6.829660e-10 2.393601e-03 
6.834018e-10 7.096986e-04 
6.838377e-10 -9.735712e-04 
6.842735e-10 -2.650614e-03 
6.847094e-10 -4.316027e-03 
6.851452e-10 -5.964617e-03 
6.855811e-10 -7.591421e-03 
6.860169e-10 -9.191717e-03 
6.864527e-10 -1.076104e-02 
6.868886e-10 -1.229518e-02 
6.873244e-10 -1.379022e-02 
6.877603e-10 -1.524250e-02 
6.881961e-10 -1.664866e-02 
6.886320e-10 -1.800560e-02 
6.890678e-10 -1.931053e-02 
6.895037e-10 -2.056090e-02 
6.899395e-10 -2.175447e-02 
6.903753e-10 -2.288922e-02 
6.908112e-10 -2.396342e-02 
6.912470e-10 -2.497558e-02 
6.916829e-10 -2.592441e-02 
6.921187e-10 -2.680886e-02 
6.925546e-10 -2.762808e-02 
6.929904e-10 -2.838141e-02 
6.934262e-10 -2.906834e-02 
6.938621e-10 -2.968855e-02 
6.942979e-10 -3.024182e-02 
6.947338e-10 -3.072809e-02 
6.951696e-10 -3.114736e-02 
6.956055e-10 -3.149977e-02 
6.960413e-10 -3.178550e-02 
6.964771e-10 -3.200482e-02 
6.969130e-10 -3.215803e-02 
6.973488e-10 -3.224547e-02 
6.977847e-10 -3.226753e-02 
6.982205e-10 -3.222460e-02 
6.986564e-10 -3.211709e-02 
6.990922e-10 -3.194541e-02 
6.995280e-10 -3.171001e-02 
6.999639e-10 -3.141129e-02 
7.003997e-10 -3.104969e-02 
7.008356e-10 -3.062565e-02 
7.012714e-10 -3.013961e-02 
7.017073e-10 -2.959202e-02 
7.021431e-10 -2.898336e-02 
7.025789e-10 -2.831412e-02 
7.030148e-10 -2.758485e-02 
7.034506e-10 -2.679612e-02 
7.038865e-10 -2.594857e-02 
7.043223e-10 -2.504290e-02 
7.047582e-10 -2.407990e-02 
7.051940e-10 -2.306043e-02 
7.056298e-10 -2.198547e-02 
7.060657e-10 -2.085613e-02 
7.065015e-10 -1.967363e-02 
7.069374e-10 -1.843934e-02 
7.073732e-10 -1.715478e-02 
7.078091e-10 -1.582163e-02 
7.082449e-10 -1.444176e-02 
7.086807e-10 -1.301721e-02 
7.091166e-10 -1.155020e-02 
7.095524e-10 -1.004316e-02 
7.099883e-10 -8.498702e-03 
7.104241e-10 -6.919650e-03 
7.108600e-10 -5.309019e-03 
7.112958e-10 -3.670021e-03 
7.117316e-10 -2.006062e-03 
7.121675e-10 -3.207307e-04 
7.126033e-10 1.382206e-03 
7.130392e-10 3.098816e-03 
7.134750e-10 4.825015e-03 
7.139109e-10 6.556578e-03 
7.143467e-10 8.289161e-03 
7.147825e-10 1.001832e-02 
7.152184e-10 1.173952e-02 
7.156542e-10 1.344818e-02 
7.160901e-10 1.513967e-02 
7.165259e-10 1.680935e-02 
7.169618e-10 1.845260e-02 
7.173976e-10 2.006484e-02 
7.178334e-10 2.164154e-02 
7.182693e-10 2.317827e-02 
7.187051e-10 2.467074e-02 
7.191410e-10 2.611478e-02 
7.195768e-10 2.750640e-02 
7.200127e-10 2.884181e-02 
7.204485e-10 3.011745e-02 
7.208843e-10 3.132998e-02 
7.213202e-10 3.247634e-02 
7.217560e-10 3.355376e-02 
7.221919e-10 3.455976e-02 
7.226277e-10 3.549216e-02 
7.230636e-10 3.634915e-02 
7.234994e-10 3.712921e-02 
7.239352e-10 3.783120e-02 
7.243711e-10 3.845430e-02 
7.248069e-10 3.899806e-02 
7.252428e-10 3.946236e-02 
7.256786e-10 3.984743e-02 
7.261145e-10 4.015383e-02 
7.265503e-10 4.038246e-02 
7.269861e-10 4.053451e-02 
7.274220e-10 4.061146e-02 
7.278578e-10 4.061510e-02 
7.282937e-10 4.054745e-02 
7.287295e-10 4.041075e-02 
7.291654e-10 4.020749e-02 
7.296012e-10 3.994030e-02 
7.300371e-10 3.961201e-02 
7.304729e-10 3.922553e-02 
7.309087e-10 3.878392e-02 
7.313446e-10 3.829026e-02 
7.317804e-10 3.774772e-02 
7.322163e-10 3.715945e-02 
7.326521e-10 3.652860e-02 
7.330880e-10 3.585829e-02 
7.335238e-10 3.515155e-02 
7.339596e-10 3.441133e-02 
7.343955e-10 3.364049e-02 
7.348313e-10 3.284173e-02 
7.352672e-10 3.201761e-02 
7.357030e-10 3.117053e-02 
7.361389e-10 3.030272e-02 
7.365747e-10 2.941620e-02 
7.370105e-10 2.851283e-02 
7.374464e-10 2.759425e-02 
7.378822e-10 2.666190e-02 
7.383181e-10 2.571703e-02 
7.387539e-10 2.476071e-02 
7.391898e-10 2.379380e-02 
7.396256e-10 2.281701e-02 
7.400614e-10 2.183085e-02 
7.404973e-10 2.083570e-02 
7.409331e-10 1.983183e-02 
7.413690e-10 1.881934e-02 
7.418048e-10 1.779827e-02 
7.422407e-10 1.676856e-02 
7.426765e-10 1.573012e-02 
7.431123e-10 1.468279e-02 
7.435482e-10 1.362641e-02 
7.439840e-10 1.256084e-02 
7.444199e-10 1.148594e-02 
7.448557e-10 1.040164e-02 
7.452916e-10 9.307934e-03 
7.457274e-10 8.204903e-03 
7.461632e-10 7.092733e-03 
7.465991e-10 5.971730e-03 
7.470349e-10 4.842336e-03 
7.474708e-10 3.705141e-03 
7.479066e-10 2.560891e-03 
7.483425e-10 1.410498e-03 
7.487783e-10 2.550466e-04 
7.492141e-10 -9.042032e-04 
7.496500e-10 -2.065815e-03 
7.500858e-10 -3.228178e-03 
7.505217e-10 -4.389506e-03 
7.509575e-10 -5.547846e-03 
7.513934e-10 -6.701085e-03 
7.518292e-10 -7.846959e-03 
7.522650e-10 -8.983062e-03 
7.527009e-10 -1.010686e-02 
7.531367e-10 -1.121571e-02 
7.535726e-10 -1.230687e-02 
7.540084e-10 -1.337751e-02 
7.544443e-10 -1.442474e-02 
7.548801e-10 -1.544563e-02 
7.553159e-10 -1.643722e-02 
7.557518e-10 -1.739653e-02 
7.561876e-10 -1.832063e-02 
7.566235e-10 -1.920659e-02 
7.570593e-10 -2.005154e-02 
7.574952e-10 -2.085268e-02 
7.579310e-10 -2.160731e-02 
7.583668e-10 -2.231284e-02 
7.588027e-10 -2.296680e-02 
7.592385e-10 -2.356685e-02 
7.596744e-10 -2.411084e-02 
7.601102e-10 -2.459678e-02 
7.605461e-10 -2.502285e-02 
7.609819e-10 -2.538746e-02 
7.614177e-10 -2.568920e-02 
7.618536e-10 -2.592690e-02 
7.622894e-10 -2.609963e-02 
7.627253e-10 -2.620665e-02 
7.631611e-10 -2.624751e-02 
7.635970e-10 -2.622198e-02 
7.640328e-10 -2.613007e-02 
7.644686e-10 -2.597205e-02 
7.649045e-10 -2.574844e-02 
7.653403e-10 -2.545998e-02 
7.657762e-10 -2.510768e-02 
7.662120e-10 -2.469276e-02 
7.666479e-10 -2.421669e-02 
7.670837e-10 -2.368114e-02 
7.675195e-10 -2.308801e-02 
7.679554e-10 -2.243939e-02 
7.683912e-10 -2.173755e-02 
7.688271e-10 -2.098495e-02 
7.692629e-10 -2.018421e-02 
7.696988e-10 -1.933809e-02 
7.701346e-10 -1.844947e-02 
7.705705e-10 -1.752136e-02 
7.710063e-10 -1.655687e-02 
7.714421e-10 -1.555915e-02 
7.718780e-10 -1.453145e-02 
7.723138e-10 -1.347702e-02 
7.727497e-10 -1.239917e-02 
7.731855e-10 -1.130116e-02 
7.736214e-10 -1.018625e-02 
7.740572e-10 -9.057677e-03 
7.744930e-10 -7.918583e-03 
7.749289e-10 -6.772049e-03 
7.753647e-10 -5.621049e-03 
7.758006e-10 -4.468445e-03 
7.762364e-10 -3.316964e-03 
7.766723e-10 -2.169182e-03 
7.771081e-10 -1.027514e-03 
7.775439e-10 1.058032e-04 
7.779798e-10 1.228720e-03 
7.784156e-10 2.339385e-03 
7.788515e-10 3.436153e-03 
7.792873e-10 4.517592e-03 
7.797232e-10 5.582486e-03 
7.801590e-10 6.629840e-03 
7.805948e-10 7.658879e-03 
7.810307e-10 8.669047e-03 
7.814665e-10 9.660004e-03 
7.819024e-10 1.063162e-02 
7.823382e-10 1.158396e-02 
7.827741e-10 1.251730e-02 
7.832099e-10 1.343209e-02 
7.836457e-10 1.432895e-02 
7.840816e-10 1.520865e-02 
7.845174e-10 1.607212e-02 
7.849533e-10 1.692038e-02 
7.853891e-10 1.775461e-02 
7.858250e-10 1.857603e-02 
7.862608e-10 1.938594e-02 
7.866966e-10 2.018572e-02 
7.871325e-10 2.097674e-02 
7.875683e-10 2.176041e-02 
7.880042e-10 2.253811e-02 
7.884400e-10 2.331120e-02 
7.888759e-10 2.408099e-02 
7.893117e-10 2.484874e-02 
7.897475e-10 2.561561e-02 
7.901834e-10 2.638267e-02 
7.906192e-10 2.715087e-02 
7.910551e-10 2.792105e-02 
7.914909e-10 2.869390e-02 
7.919268e-10 2.946997e-02 
7.923626e-10 3.024967e-02 
7.927984e-10 3.103322e-02 
7.932343e-10 3.182070e-02 
7.936701e-10 3.261201e-02 
7.941060e-10 3.340688e-02 
7.945418e-10 3.420488e-02 
7.949777e-10 3.500541e-02 
7.954135e-10 3.580771e-02 
7.958493e-10 3.661087e-02 
7.962852e-10 3.741381e-02 
7.967210e-10 3.821533e-02 
7.971569e-10 3.901408e-02 
7.975927e-10 3.980862e-02 
7.980286e-10 4.059736e-02 
7.984644e-10 4.137863e-02 
7.989002e-10 4.215068e-02 
7.993361e-10 4.291168e-02 
7.997719e-10 4.365974e-02 
8.002078e-10 4.439292e-02 
8.006436e-10 4.510925e-02 
8.010795e-10 4.580675e-02 
8.015153e-10 4.648341e-02 
8.019511e-10 4.713725e-02 
8.023870e-10 4.776629e-02 
8.028228e-10 4.836859e-02 
8.032587e-10 4.894224e-02 
8.036945e-10 4.948542e-02 
8.041304e-10 4.999631e-02 
8.045662e-10 5.047323e-02 
8.050020e-10 5.091453e-02 
8.054379e-10 5.131869e-02 
8.058737e-10 5.168425e-02 
8.063096e-10 5.200990e-02 
8.067454e-10 5.229441e-02 
8.071813e-10 5.253668e-02 
8.076171e-10 5.273575e-02 
8.080530e-10 5.289077e-02 
8.084888e-10 5.300103e-02 
8.089246e-10 5.306596e-02 
8.093605e-10 5.308516e-02 
8.097963e-10 5.305834e-02 
8.102322e-10 5.298538e-02 
8.106680e-10 5.286630e-02 
8.111039e-10 5.270130e-02 
8.115397e-10 5.249071e-02 
8.119755e-10 5.223502e-02 
8.124114e-10 5.193490e-02 
8.128472e-10 5.159114e-02 
8.132831e-10 5.120472e-02 
8.137189e-10 5.077675e-02 
8.141548e-10 5.030849e-02 
8.145906e-10 4.980137e-02 
8.150264e-10 4.925695e-02 
8.154623e-10 4.867691e-02 
8.158981e-10 4.806308e-02 
8.163340e-10 4.741741e-02 
8.167698e-10 4.674197e-02 
8.172057e-10 4.603892e-02 
8.176415e-10 4.531053e-02 
8.180773e-10 4.455915e-02 
8.185132e-10 4.378720e-02 
8.189490e-10 4.299717e-02 
8.193849e-10 4.219158e-02 
8.198207e-10 4.137299e-02 
8.202566e-10 4.054398e-02 
8.206924e-10 3.970711e-02 
8.211282e-10 3.886496e-02 
8.215641e-10 3.802006e-02 
8.219999e-10 3.717489e-02 
8.224358e-10 3.633186e-02 
8.228716e-10 3.549334e-02 
8.233075e-10 3.466156e-02 
8.237433e-10 3.383868e-02 
8.241791e-10 3.302672e-02 
8.246150e-10 3.222759e-02 
8.250508e-10 3.144301e-02 
8.254867e-10 3.067461e-02 
8.259225e-10 2.992380e-02 
8.263584e-10 2.919186e-02 
8.267942e-10 2.847988e-02 
8.272300e-10 2.778876e-02 
8.276659e-10 2.711925e-02 
8.281017e-10 2.647188e-02 
8.285376e-10 2.584703e-02 
8.289734e-10 2.524490e-02 
8.294093e-10 2.466551e-02 
8.298451e-10 2.410871e-02 
8.302809e-10 2.357419e-02 
8.307168e-10 2.306152e-02 
8.311526e-10 2.257010e-02 
8.315885e-10 2.209921e-02 
8.320243e-10 2.164801e-02 
8.324602e-10 2.121559e-02 
8.328960e-10 2.080091e-02 
8.333318e-10 2.040288e-02 
8.337677e-10 2.002034e-02 
8.342035e-10 1.965210e-02 
8.346394e-10 1.929691e-02 
8.350752e-10 1.895353e-02 
8.355111e-10 1.862069e-02 
8.359469e-10 1.829715e-02 
8.363827e-10 1.798167e-02 
8.368186e-10 1.767305e-02 
8.372544e-10 1.737012e-02 
8.376903e-10 1.707176e-02 
8.381261e-10 1.677690e-02 
8.385620e-10 1.648453e-02 
8.389978e-10 1.619370e-02 
8.394336e-10 1.590354e-02 
8.398695e-10 1.561322e-02 
8.403053e-10 1.532201e-02 
8.407412e-10 1.502922e-02 
8.411770e-10 1.473425e-02 
8.416129e-10 1.443653e-02 
8.420487e-10 1.413558e-02 
8.424845e-10 1.383098e-02 
8.429204e-10 1.352232e-02 
8.433562e-10 1.320929e-02 
8.437921e-10 1.289158e-02 
8.442279e-10 1.256893e-02 
8.446638e-10 1.224110e-02 
8.450996e-10 1.190789e-02 
8.455354e-10 1.156912e-02 
8.459713e-10 1.122459e-02 
8.464071e-10 1.087416e-02 
8.468430e-10 1.051764e-02 
8.472788e-10 1.015490e-02 
8.477147e-10 9.785777e-03 
8.481505e-10 9.410106e-03 
8.485864e-10 9.027734e-03 
8.490222e-10 8.638502e-03 
8.494580e-10 8.242251e-03 
8.498939e-10 7.838825e-03 
8.503297e-10 7.428071e-03 
8.507656e-10 7.009846e-03 
8.512014e-10 6.584018e-03 
8.516373e-10 6.150473e-03 
8.520731e-10 5.709118e-03 
8.525089e-10 5.259889e-03 
8.529448e-10 4.802754e-03 
8.533806e-10 4.337721e-03 
8.538165e-10 3.864845e-03 
8.542523e-10 3.384229e-03 
8.546882e-10 2.896038e-03 
8.551240e-10 2.400497e-03 
8.555598e-10 1.897898e-03 
8.559957e-10 1.388608e-03 
8.564315e-10 8.730693e-04 
8.568674e-10 3.518039e-04 
8.573032e-10 -1.745839e-04 
8.577391e-10 -7.054061e-04 
8.581749e-10 -1.239890e-03 
8.586107e-10 -1.777180e-03 
8.590466e-10 -2.316335e-03 
8.594824e-10 -2.856335e-03 
8.599183e-10 -3.396082e-03 
8.603541e-10 -3.934405e-03 
8.607900e-10 -4.470063e-03 
8.612258e-10 -5.001755e-03 
8.616616e-10 -5.528123e-03 
8.620975e-10 -6.047763e-03 
8.625333e-10 -6.559230e-03 
8.629692e-10 -7.061049e-03 
8.634050e-10 -7.551724e-03 
8.638409e-10 -8.029750e-03 
8.642767e-10 -8.493620e-03 
8.647125e-10 -8.941838e-03 
8.651484e-10 -9.372927e-03 
8.655842e-10 -9.785444e-03 
8.660201e-10 -1.017799e-02 
8.664559e-10 -1.054920e-02 
8.668918e-10 -1.089781e-02 
8.673276e-10 -1.122259e-02 
8.677634e-10 -1.152240e-02 
8.681993e-10 -1.179621e-02 
8.686351e-10 -1.204306e-02 
8.690710e-10 -1.226211e-02 
8.695068e-10 -1.245262e-02 
8.699427e-10 -1.261398e-02 
8.703785e-10 -1.274568e-02 
8.708143e-10 -1.284734e-02 
8.712502e-10 -1.291872e-02 
8.716860e-10 -1.295969e-02 
8.721219e-10 -1.297023e-02 
8.725577e-10 -1.295049e-02 
8.729936e-10 -1.290070e-02 
8.734294e-10 -1.282123e-02 
8.738652e-10 -1.271257e-02 
8.743011e-10 -1.257531e-02 
8.747369e-10 -1.241015e-02 
8.751728e-10 -1.221791e-02 
8.756086e-10 -1.199949e-02 
8.760445e-10 -1.175586e-02 
8.764803e-10 -1.148810e-02 
8.769161e-10 -1.119735e-02 
8.773520e-10 -1.088482e-02 
8.777878e-10 -1.055175e-02 
8.782237e-10 -1.019947e-02 
8.786595e-10 -9.829309e-03 
8.790954e-10 -9.442656e-03 
8.795312e-10 -9.040910e-03 
8.799670e-10 -8.625487e-03 
8.804029e-10 -8.197813e-03 
8.808387e-10 -7.759317e-03 
8.812746e-10 -7.311420e-03 
8.817104e-10 -6.855536e-03 
8.821463e-10 -6.393063e-03 
8.825821e-10 -5.925381e-03 
8.830179e-10 -5.453843e-03 
8.834538e-10 -4.979780e-03 
8.838896e-10 -4.504491e-03 
8.843255e-10 -4.029246e-03 
8.847613e-10 -3.555281e-03 
8.851972e-10 -3.083802e-03 
8.856330e-10 -2.615980e-03 
8.860688e-10 -2.152954e-03 
8.865047e-10 -1.695831e-03 
8.869405e-10 -1.245686e-03 
8.873764e-10 -8.035653e-04 
8.878122e-10 -3.704860e-04 
8.882481e-10 5.256243e-05 
8.886839e-10 4.646160e-04 
8.891198e-10 8.647355e-04 
8.895556e-10 1.252005e-03 
8.899914e-10 1.625532e-03 
8.904273e-10 1.984444e-03 
8.908631e-10 2.327892e-03 
8.912990e-10 2.655049e-03 
8.917348e-10 2.965111e-03 
8.921707e-10 3.257297e-03 
8.926065e-10 3.530853e-03 
8.930423e-10 3.785052e-03 
8.934782e-10 4.019198e-03 
8.939140e-10 4.232632e-03 
8.943499e-10 4.424730e-03 
8.947857e-10 4.594913e-03 
8.952216e-10 4.742648e-03 
8.956574e-10 4.867456e-03 
8.960932e-10 4.968915e-03 
8.965291e-10 5.046667e-03 
8.969649e-10 5.100426e-03 
8.974008e-10 5.129976e-03 
8.978366e-10 5.135188e-03 
8.982725e-10 5.116013e-03 
8.987083e-10 5.072500e-03 
8.991441e-10 5.004789e-03 
8.995800e-10 4.913123e-03 
9.000158e-10 4.797848e-03 
9.004517e-10 4.659419e-03 
9.008875e-10 4.498398e-03 
9.013234e-10 4.315458e-03 
9.017592e-10 4.111382e-03 
9.021950e-10 3.887063e-03 
9.026309e-10 3.643502e-03 
9.030667e-10 3.381804e-03 
9.035026e-10 3.103178e-03 
9.039384e-10 2.808924e-03 
9.043743e-10 2.500435e-03 
9.048101e-10 2.179186e-03 
9.052459e-10 1.846724e-03 
9.056818e-10 1.504663e-03 
9.061176e-10 1.154670e-03 
9.065535e-10 7.984577e-04 
9.069893e-10 4.377695e-04 
9.074252e-10 7.436998e-05 
9.078610e-10 -2.899686e-04 
9.082968e-10 -6.534788e-04 
9.087327e-10 -1.014411e-03 
9.091685e-10 -1.371047e-03 
9.096044e-10 -1.721711e-03 
9.100402e-10 -2.064783e-03 
9.104761e-10 -2.398712e-03 
9.109119e-10 -2.722026e-03 
9.113477e-10 -3.033344e-03 
9.117836e-10 -3.331382e-03 
9.122194e-10 -3.614968e-03 
9.126553e-10 -3.883046e-03 
9.130911e-10 -4.134683e-03 
9.135270e-10 -4.369075e-03 
9.139628e-10 -4.585553e-03 
9.143986e-10 -4.783581e-03 
9.148345e-10 -4.962762e-03 
9.152703e-10 -5.122838e-03 
9.157062e-10 -5.263686e-03 
9.161420e-10 -5.385317e-03 
9.165779e-10 -5.487872e-03 
9.170137e-10 -5.571617e-03 
9.174495e-10 -5.636937e-03 
9.178854e-10 -5.684328e-03 
9.183212e-10 -5.714388e-03 
9.187571e-10 -5.727810e-03 
9.191929e-10 -5.725370e-03 
9.196288e-10 -5.707919e-03 
9.200646e-10 -5.676368e-03 
9.205004e-10 -5.631682e-03 
9.209363e-10 -5.574864e-03 
9.213721e-10 -5.506944e-03 
9.218080e-10 -5.428971e-03 
9.222438e-10 -5.342001e-03 
9.226797e-10 -5.247081e-03 
9.231155e-10 -5.145247e-03 
9.235513e-10 -5.037509e-03 
9.239872e-10 -4.924842e-03 
9.244230e-10 -4.808182e-03 
9.248589e-10 -4.688415e-03 
9.252947e-10 -4.566374e-03 
9.257306e-10 -4.442832e-03 
9.261664e-10 -4.318496e-03 
9.266023e-10 -4.194010e-03 
9.270381e-10 -4.069948e-03 
9.274739e-10 -3.946815e-03 
9.279098e-10 -3.825047e-03 
9.283456e-10 -3.705013e-03 
9.287815e-10 -3.587018e-03 
9.292173e-10 -3.471303e-03 
9.296532e-10 -3.358052e-03 
9.300890e-10 -3.247395e-03 
9.305248e-10 -3.139415e-03 
9.309607e-10 -3.034152e-03 
9.313965e-10 -2.931612e-03 
9.318324e-10 -2.831770e-03 
9.322682e-10 -2.734578e-03 
9.327041e-10 -2.639975e-03 
9.331399e-10 -2.547889e-03 
9.335757e-10 -2.458247e-03 
9.340116e-10 -2.370982e-03 
9.344474e-10 -2.286035e-03 
9.348833e-10 -2.203367e-03 
9.353191e-10 -2.122956e-03 
9.357550e-10 -2.044812e-03 
9.361908e-10 -1.968971e-03 
9.366266e-10 -1.895505e-03 
9.370625e-10 -1.824521e-03 
9.374983e-10 -1.756166e-03 
9.379342e-10 -1.690625e-03 
9.383700e-10 -1.628122e-03 
9.388059e-10 -1.568921e-03 
9.392417e-10 -1.513323e-03 
9.396775e-10 -1.461665e-03 
9.401134e-10 -1.414315e-03 
9.405492e-10 -1.371673e-03 
9.409851e-10 -1.334163e-03 
9.414209e-10 -1.302229e-03 
9.418568e-10 -1.276332e-03 
9.422926e-10 -1.256942e-03 
9.427284e-10 -1.244534e-03 
9.431643e-10 -1.239580e-03 
9.436001e-10 -1.242546e-03 
9.440360e-10 -1.253881e-03 
9.444718e-10 -1.274016e-03 
9.449077e-10 -1.303353e-03 
9.453435e-10 -1.342260e-03 
9.457793e-10 -1.391067e-03 
9.462152e-10 -1.450058e-03 
9.466510e-10 -1.519468e-03 
9.470869e-10 -1.599475e-03 
9.475227e-10 -1.690198e-03 
9.479586e-10 -1.791690e-03 
9.483944e-10 -1.903940e-03 
9.488302e-10 -2.026862e-03 
9.492661e-10 -2.160302e-03 
9.497019e-10 -2.304027e-03 
9.501378e-10 -2.457730e-03 
9.505736e-10 -2.621028e-03 
9.510095e-10 -2.793461e-03 
9.514453e-10 -2.974492e-03 
9.518811e-10 -3.163511e-03 
9.523170e-10 -3.359834e-03 
9.527528e-10 -3.562706e-03 
9.531887e-10 -3.771306e-03 
9.536245e-10 -3.984744e-03 
9.540604e-10 -4.202073e-03 
9.544962e-10 -4.422285e-03 
9.549320e-10 -4.644321e-03 
9.553679e-10 -4.867072e-03 
9.558037e-10 -5.089385e-03 
9.562396e-10 -5.310068e-03 
9.566754e-10 -5.527895e-03 
9.571113e-10 -5.741612e-03 
9.575471e-10 -5.949939e-03 
9.579829e-10 -6.151579e-03 
9.584188e-10 -6.345221e-03 
9.588546e-10 -6.529547e-03 
9.592905e-10 -6.703234e-03 
9.597263e-10 -6.864963e-03 
9.601622e-10 -7.013420e-03 
9.605980e-10 -7.147304e-03 
9.610338e-10 -7.265327e-03 
9.614697e-10 -7.366226e-03 
9.619055e-10 -7.448758e-03 
9.623414e-10 -7.511712e-03 
9.627772e-10 -7.553907e-03 
9.632131e-10 -7.574200e-03 
9.636489e-10 -7.571487e-03 
9.640847e-10 -7.544706e-03 
9.645206e-10 -7.492842e-03 
9.649564e-10 -7.414929e-03 
9.653923e-10 -7.310053e-03 
9.658281e-10 -7.177354e-03 
9.662640e-10 -7.016030e-03 
9.666998e-10 -6.825338e-03 
9.671357e-10 -6.604598e-03 
9.675715e-10 -6.353194e-03 
9.680073e-10 -6.070576e-03 
9.684432e-10 -5.756263e-03 
9.688790e-10 -5.409846e-03 
9.693149e-10 -5.030988e-03 
9.697507e-10 -4.619426e-03 
9.701866e-10 -4.174975e-03 
9.706224e-10 -3.697525e-03 
9.710582e-10 -3.187050e-03 
9.714941e-10 -2.643603e-03 
9.719299e-10 -2.067320e-03 
9.723658e-10 -1.458423e-03 
9.728016e-10 -8.172152e-04 
9.732375e-10 -1.440905e-04 
9.736733e-10 5.604724e-04 
9.741091e-10 1.295907e-03 
9.745450e-10 2.061557e-03 
9.749808e-10 2.856681e-03 
9.754167e-10 3.680446e-03 
9.758525e-10 4.531935e-03 
9.762884e-10 5.410140e-03 
9.767242e-10 6.313970e-03 
9.771600e-10 7.242248e-03 
9.775959e-10 8.193716e-03 
9.780317e-10 9.167033e-03 
9.784676e-10 1.016078e-02 
9.789034e-10 1.117347e-02 
9.793393e-10 1.220353e-02 
9.797751e-10 1.324933e-02 
9.802109e-10 1.430917e-02 
9.806468e-10 1.538129e-02 
9.810826e-10 1.646389e-02 
9.815185e-10 1.755510e-02 
9.819543e-10 1.865301e-02 
9.823902e-10 1.975568e-02 
9.828260e-10 2.086113e-02 
9.832618e-10 2.196736e-02 
9.836977e-10 2.307234e-02 
9.841335e-10 2.417403e-02 
9.845694e-10 2.527039e-02 
9.850052e-10 2.635938e-02 
9.854411e-10 2.743896e-02 
9.858769e-10 2.850711e-02 
9.863127e-10 2.956182e-02 
9.867486e-10 3.060111e-02 
9.871844e-10 3.162305e-02 
9.876203e-10 3.262573e-02 
9.880561e-10 3.360728e-02 
9.884920e-10 3.456591e-02 
9.889278e-10 3.549986e-02 
9.893636e-10 3.640743e-02 
9.897995e-10 3.728700e-02 
9.902353e-10 3.813701e-02 
9.906712e-10 3.895597e-02 
9.911070e-10 3.974247e-02 
9.915429e-10 4.049519e-02 
9.919787e-10 4.121285e-02 
9.924145e-10 4.189430e-02 
9.928504e-10 4.253844e-02 
9.932862e-10 4.314425e-02 
9.937221e-10 4.371082e-02 
9.941579e-10 4.423729e-02 
9.945938e-10 4.472291e-02 
9.950296e-10 4.516697e-02 
9.954654e-10 4.556888e-02 
9.959013e-10 4.592811e-02 
9.963371e-10 4.624418e-02 
9.967730e-10 4.651672e-02 
9.972088e-10 4.674540e-02 
9.976447e-10 4.692996e-02 
9.980805e-10 4.707021e-02 
9.985163e-10 4.716602e-02 
9.989522e-10 4.721729e-02 
9.993880e-10 4.722401e-02 
